id,8x8dct,analyse,aq-mode,aq-strength,b-adapt,bframes,cabac,chroma-qp-offset,crf,deblock,direct,fast-pskip,keyint,lookahead-threads,me,merange,mixed-refs,mbtree,nal-hrd,open-gop,profile,qcomp,qpmax,qpmin,rc-lookahead,ref,scenecut,subme,threads,trellis,weightb,weightp,workload
2192,1,p4x4,3,0.6295137611273145,2,0,0,9,49.376471962682494,4:4,spatial,1,51,0,dia,54,0,1,none,1,baseline,0.6493532546000097,48,4,92,2,81,10,24,2,1,2,Action_1080p_30fps_10s
2192,1,p4x4,3,0.6295137611273145,2,0,0,5,49.376471962682494,4:4,spatial,1,51,0,dia,54,0,1,none,1,baseline,0.6493532546000097,48,4,92,2,81,1,24,2,1,2,Action_1080p_30fps_10s
2192,1,p4x4,3,0.6295137611273145,2,0,0,9,49.376471962682494,4:4,spatial,0,51,0,dia,54,0,0,none,0,baseline,0.7214316074693485,25,16,141,7,40,5,0,1,1,0,Action_1080p_30fps_10s
76,0,none,1,0.6295137611273145,2,8,0,-8,29.58495568862226,-4:4,spatial,0,51,0,hex,54,0,0,none,0,baseline,0.7214316074693485,25,16,141,7,40,5,63,1,0,0,Action_1080p_30fps_10s
76,0,none,1,0.6295137611273145,2,6,0,-8,29.58495568862226,2:2,spatial,0,51,3,hex,54,0,0,none,0,baseline,0.7214316074693485,25,16,141,15,40,5,13,1,0,0,Action_1080p_30fps_10s
76,0,none,1,0.6295137611273145,2,8,0,-8,29.58495568862226,-4:4,spatial,0,234,3,hex,54,0,0,none,0,baseline,0.7214316074693485,25,16,141,7,40,5,63,1,0,0,Action_1080p_30fps_10s
1320,1,p4x4,3,0.6157864219350295,1,12,0,8,38.687654164818326,2:-2,spatial,1,435,3,dia,15,1,0,cbr,1,main,0.7214316074693485,25,3,141,7,40,5,63,1,0,2,Action_1080p_30fps_10s
141,0,all,3,1.432492616720349,1,1,1,-11,33.32100873361114,2:2,spatial,1,435,3,dia,15,1,0,cbr,1,main,0.7214316074693485,25,3,141,7,31,5,64,1,0,2,Action_1080p_30fps_10s
2074,0,all,3,1.432492616720349,1,1,1,-11,33.32100873361114,1:1,spatial,1,435,3,dia,15,1,1,cbr,1,main,0.8434723361475036,23,0,141,7,31,5,64,1,0,0,Action_1080p_30fps_10s
76,0,p8x8,1,0.6295137611273145,2,0,1,9,29.58495568862226,4:4,spatial,0,51,0,dia,54,0,1,none,0,baseline,0.6493532546000097,48,4,92,2,80,0,2,0,0,0,Action_1080p_30fps_10s
76,0,p8x8,1,0.6295137611273145,2,0,1,9,29.58495568862226,4:4,spatial,0,51,0,dia,54,0,1,none,0,baseline,0.6493532546000097,48,4,92,2,80,0,2,0,1,0,Action_1080p_30fps_10s
1496,0,p8x8,1,0.6295137611273145,2,0,0,9,29.58495568862226,4:4,spatial,0,51,0,dia,54,0,1,none,0,baseline,0.6493532546000097,48,4,92,2,81,10,24,2,0,2,Action_1080p_30fps_10s
76,0,none,1,0.6295137611273145,2,2,0,-8,29.58495568862226,-4:4,spatial,0,51,0,hex,54,0,0,none,0,baseline,0.6493532546000097,48,4,92,2,80,0,2,0,0,0,Action_1080p_30fps_10s
76,0,p8x8,1,0.6295137611273145,2,0,1,9,29.58495568862226,4:-4,spatial,0,51,0,dia,54,0,1,none,0,baseline,0.7214316074693485,25,16,141,7,40,5,0,1,0,0,Action_1080p_30fps_10s
76,0,p8x8,1,0.280712110610035,2,0,1,9,29.58495568862226,4:4,temporal,0,51,0,dia,54,0,1,none,0,baseline,0.6493532546000097,48,4,92,2,80,0,2,0,0,0,Action_1080p_30fps_10s
76,0,p8x8,1,0.6295137611273145,2,0,1,9,29.58495568862226,4:4,spatial,0,51,0,dia,54,0,1,none,0,baseline,0.1126530558198103,48,4,92,2,80,0,2,0,1,0,Action_1080p_30fps_10s
2221,0,none,1,0.0900608977491678,0,9,0,9,29.58495568862226,4:4,auto,0,51,0,dia,54,0,1,none,0,baseline,0.6493532546000097,48,3,92,15,80,0,2,0,0,0,Action_1080p_30fps_10s
141,0,all,1,0.6295137611273145,2,0,1,9,29.58495568862226,4:4,spatial,0,51,0,dia,54,0,1,none,0,baseline,0.6493532546000097,48,4,92,2,80,0,2,0,0,2,Action_1080p_30fps_10s
76,0,p8x8,1,0.6295137611273145,2,0,1,9,29.58495568862226,4:4,spatial,0,51,0,dia,54,0,1,none,0,baseline,0.6493532546000097,48,4,92,2,80,10,2,0,0,0,Action_1080p_30fps_10s
141,0,all,1,0.4169484614178527,2,0,1,9,29.58495568862226,4:4,spatial,0,51,0,dia,54,1,1,none,0,baseline,0.6493532546000097,48,4,92,2,80,0,2,0,1,1,Action_1080p_30fps_10s
967,0,p8x8,2,1.0712917282467893,0,10,0,-2,42.697291799443526,2:2,temporal,0,410,3,dia,34,0,0,vbr,0,baseline,0.3846531134235312,33,0,210,16,38,0,12,0,1,1,Still_image_720p_25fps_10s
2192,1,p4x4,3,0.6295137611273145,2,0,0,9,49.376471962682494,4:4,spatial,1,51,0,dia,54,0,1,none,1,baseline,0.6493532546000097,48,4,92,2,81,10,24,2,1,2,Still_image_720p_25fps_10s
2192,1,p4x4,3,0.6295137611273145,2,0,0,5,49.376471962682494,4:4,spatial,1,51,0,dia,54,0,1,none,1,baseline,0.6493532546000097,48,4,92,2,81,1,24,2,1,2,Still_image_720p_25fps_10s
968,1,p4x4,3,0.6295137611273145,2,0,0,5,49.376471962682494,4:4,spatial,1,259,0,dia,54,0,1,none,1,baseline,0.6493532546000097,48,4,92,2,40,1,24,2,1,2,Still_image_720p_25fps_10s
2192,1,p4x4,3,0.8216458958528231,2,0,0,9,49.376471962682494,4:4,spatial,1,51,0,dia,21,0,1,vbr,1,baseline,0.6493532546000097,48,14,148,8,12,4,37,0,1,2,Still_image_720p_25fps_10s
2355,1,p4x4,3,0.6295137611273145,2,0,0,5,49.376471962682494,4:4,spatial,1,51,0,dia,54,0,1,cbr,1,baseline,0.6493532546000097,48,4,92,2,81,1,24,0,1,2,Still_image_720p_25fps_10s
2192,1,p4x4,3,0.6295137611273145,2,0,0,5,21.423975879912216,4:4,spatial,1,51,0,dia,54,0,1,none,1,baseline,0.6493532546000097,48,4,92,2,81,1,24,0,1,1,Still_image_720p_25fps_10s
2192,1,p4x4,3,0.6295137611273145,2,0,0,9,49.376471962682494,4:4,spatial,1,51,0,dia,54,0,1,none,1,baseline,0.6493532546000097,48,4,92,2,81,10,49,2,1,1,Still_image_720p_25fps_10s
2355,1,p4x4,2,0.6295137611273145,1,0,0,5,49.376471962682494,4:4,spatial,1,51,0,dia,54,0,1,cbr,1,baseline,0.6493532546000097,48,4,92,2,81,1,24,2,1,2,Still_image_720p_25fps_10s
76,0,none,1,0.6295137611273145,2,8,0,-8,29.58495568862226,-4:4,temporal,0,234,3,hex,54,0,0,none,0,baseline,0.7214316074693485,25,16,141,7,7,3,0,1,1,2,Still_image_720p_25fps_10s
76,0,none,1,0.6295137611273145,2,8,0,-8,29.58495568862226,-4:4,spatial,0,51,0,hex,54,0,0,none,0,baseline,0.7214316074693485,25,16,141,7,40,5,63,1,0,0,Still_image_720p_25fps_10s
76,0,none,1,0.6295137611273145,2,6,0,-8,29.58495568862226,2:2,spatial,0,51,3,hex,54,0,0,none,0,baseline,0.7214316074693485,25,16,141,15,40,5,13,1,0,0,Still_image_720p_25fps_10s
76,0,none,1,0.6295137611273145,2,8,0,-8,29.58495568862226,-4:4,spatial,0,234,3,hex,54,0,0,none,0,baseline,0.7214316074693485,25,16,141,7,40,5,63,1,0,0,Still_image_720p_25fps_10s
76,0,none,1,0.6295137611273145,2,8,0,-8,42.739079641037634,-4:4,spatial,0,51,0,hex,54,1,1,none,0,baseline,0.6493532546000097,48,4,92,16,81,1,24,2,1,2,Still_image_720p_25fps_10s
1700,0,p4x4,2,1.312131363875125,2,15,0,-12,39.5782789506309,4:4,spatial,1,28,0,hex,14,1,0,none,0,high,0.1365242542733696,43,13,225,7,7,3,36,0,1,2,Still_image_720p_25fps_10s
779,1,p4x4,3,1.312131363875125,2,15,0,-12,39.5782789506309,4:4,spatial,1,28,0,hex,14,1,0,none,0,high,0.1365242542733696,43,13,225,14,7,3,36,0,1,2,Still_image_720p_25fps_10s
968,1,none,1,0.6295137611273145,2,6,0,-8,29.58495568862226,2:2,spatial,0,51,3,dia,54,0,0,none,0,baseline,0.7214316074693485,33,16,141,15,28,5,13,1,1,0,Still_image_720p_25fps_10s
1320,1,p4x4,3,0.6157864219350295,1,12,0,8,38.687654164818326,2:-2,spatial,1,435,3,dia,15,1,0,cbr,1,main,0.7214316074693485,25,3,141,7,40,5,63,1,0,2,Still_image_720p_25fps_10s
779,1,p4x4,3,0.6728815118447868,0,15,0,-12,39.5782789506309,5:-5,spatial,1,435,0,dia,15,1,0,cbr,1,main,0.7214316074693485,25,3,141,7,40,5,63,1,1,2,Still_image_720p_25fps_10s
968,1,p4x4,3,1.5187596805392265,0,0,1,-4,20.679328057338463,5:-5,temporal,0,42,1,dia,4,0,1,vbr,1,main,0.4066290786280848,29,1,124,1,58,10,49,0,1,1,Still_image_720p_25fps_10s
382,1,p4x4,1,0.1365659052313487,1,12,1,-7,12.107716240294172,5:5,spatial,0,38,3,umh,25,0,1,cbr,0,baseline,0.4103478144366611,35,20,17,3,35,0,22,0,1,1,Standard_720p_30fps_10s
1299,0,p4x4,0,1.3656047079292393,0,2,1,8,12.107716240294172,5:5,spatial,0,38,3,umh,25,0,1,cbr,0,baseline,0.4103478144366611,35,20,17,3,35,0,22,0,1,1,Standard_720p_30fps_10s
382,1,p4x4,1,0.1365659052313487,1,12,1,-7,12.107716240294172,6:6,spatial,0,38,3,umh,25,0,1,cbr,0,baseline,0.4103478144366611,35,20,17,3,45,3,13,0,1,0,Standard_720p_30fps_10s
627,1,p4x4,1,0.1365659052313487,1,12,1,-7,12.107716240294172,6:6,spatial,0,38,3,umh,25,0,1,cbr,0,baseline,0.4103478144366611,35,20,17,3,45,3,13,0,1,0,Standard_720p_30fps_10s
382,1,p4x4,1,0.1365659052313487,1,12,1,-7,12.107716240294172,5:5,none,0,38,3,umh,25,0,1,cbr,0,baseline,0.4103478144366611,35,20,226,3,35,0,22,0,1,1,Standard_720p_30fps_10s
1895,0,"p8x8,b8x8,i8x8,i4x4",3,0.1365659052313487,1,12,1,-7,42.07241128200896,5:5,spatial,0,38,3,umh,25,0,1,cbr,0,baseline,0.4103478144366611,35,20,17,3,35,0,22,0,1,0,Standard_720p_30fps_10s
382,0,p4x4,1,0.1365659052313487,1,12,1,-7,12.107716240294172,6:6,temporal,0,38,3,umh,25,0,1,cbr,0,baseline,0.4103478144366611,35,20,17,3,45,3,13,0,1,0,Standard_720p_30fps_10s
382,1,all,1,0.1365659052313487,1,12,1,-7,12.107716240294172,5:5,spatial,0,38,3,umh,25,0,1,cbr,0,baseline,0.4103478144366611,35,20,17,3,35,0,22,0,0,1,Standard_720p_30fps_10s
499,1,none,3,0.5989806402232455,1,5,1,10,12.107716240294172,5:5,none,0,38,3,umh,25,0,1,cbr,0,baseline,0.4103478144366611,35,20,31,3,35,10,22,0,1,1,Standard_720p_30fps_10s
382,0,p4x4,1,0.1365659052313487,0,12,1,-7,28.52124684127244,3:3,temporal,1,38,3,umh,9,0,1,cbr,0,baseline,0.4103478144366611,35,20,226,3,35,0,22,0,1,1,Standard_720p_30fps_10s
382,1,p4x4,1,0.8535116690680645,1,12,1,-7,12.107716240294172,5:5,none,0,38,3,umh,25,0,1,cbr,0,baseline,0.7592486981119467,28,18,17,3,45,3,13,0,1,0,Standard_720p_30fps_10s
382,1,p4x4,1,0.1365659052313487,1,12,1,-7,32.377277830347225,6:6,spatial,0,38,3,esa,25,0,1,cbr,0,baseline,0.4103478144366611,35,20,17,3,45,3,13,0,1,0,Standard_720p_30fps_10s
627,0,p4x4,1,0.1365659052313487,1,12,1,-7,12.107716240294172,-2:2,spatial,0,38,3,umh,25,0,1,cbr,0,baseline,0.4103478144366611,35,20,17,3,45,3,13,0,1,0,Standard_720p_30fps_10s
1895,0,"p8x8,b8x8,i8x8,i4x4",3,0.1365659052313487,1,12,1,-7,42.07241128200896,5:5,none,0,38,3,umh,25,1,1,cbr,0,baseline,0.4103478144366611,35,20,17,3,84,3,13,0,1,0,Standard_720p_30fps_10s
382,0,none,1,0.1365659052313487,1,12,0,-7,12.107716240294172,6:6,temporal,0,38,3,umh,25,0,1,none,1,baseline,0.4103478144366611,35,20,17,3,35,0,22,1,1,0,Standard_720p_30fps_10s
627,1,p4x4,1,0.1365659052313487,1,12,1,-7,12.107716240294172,0:0,spatial,0,38,3,umh,25,0,1,cbr,0,baseline,0.4103478144366611,35,20,17,3,45,3,13,0,1,2,Standard_720p_30fps_10s
627,1,p4x4,1,0.1365659052313487,2,12,1,-7,12.107716240294172,6:6,spatial,0,38,3,umh,25,0,1,cbr,0,baseline,0.4103478144366611,35,20,17,3,45,3,13,0,1,0,Standard_720p_30fps_10s
1935,0,"p8x8,b8x8,i8x8,i4x4",2,0.1365659052313487,1,12,1,-7,42.07241128200896,5:5,spatial,0,38,3,umh,25,0,0,cbr,0,high,0.4103478144366611,35,20,226,3,35,0,22,0,1,1,Standard_720p_30fps_10s
382,1,p4x4,1,0.1365659052313487,1,12,1,-7,12.107716240294172,5:5,none,0,38,3,umh,25,0,1,cbr,0,baseline,0.4103478144366611,35,20,17,3,35,0,22,0,0,0,Standard_720p_30fps_10s
1299,0,p4x4,1,1.3656047079292393,0,2,1,-7,12.107716240294172,6:6,spatial,0,38,2,umh,25,1,0,cbr,0,baseline,0.4103478144366611,35,20,3,3,45,3,13,0,1,0,Standard_720p_30fps_10s
522,1,none,1,0.331644857081022,2,0,1,8,17.639968692513452,1:-1,temporal,0,137,3,esa,54,0,1,vbr,0,main,0.6493532546000097,48,4,92,2,5,0,0,2,1,1,Standard_1080p_30fps_5s
1652,0,p4x4,1,0.6295137611273145,2,0,1,9,41.386831942442015,1:-1,spatial,1,51,3,dia,9,0,1,vbr,0,high,0.177767268239342,49,2,222,11,96,3,21,2,1,0,Standard_1080p_30fps_5s
76,0,p8x8,1,0.6295137611273145,1,0,1,9,29.58495568862226,4:4,spatial,0,51,0,dia,62,0,0,cbr,0,high,0.6903125854136487,40,16,30,8,64,0,10,1,1,2,Standard_1080p_30fps_5s
76,0,p8x8,1,0.6295137611273145,2,0,1,9,29.58495568862226,4:4,spatial,0,51,0,dia,54,0,1,none,0,baseline,0.6493532546000097,48,4,92,2,80,0,2,0,0,0,Standard_1080p_30fps_5s
382,1,p4x4,0,1.7884446504560478,1,10,0,9,42.65254136208624,4:4,spatial,0,51,0,dia,54,0,1,none,1,baseline,0.6493532546000097,48,4,92,2,80,0,2,0,0,0,Standard_1080p_30fps_5s
522,1,none,1,0.331644857081022,2,0,1,8,17.639968692513452,1:-1,temporal,0,137,1,umh,54,0,1,none,0,baseline,0.6493532546000097,48,4,179,2,80,0,2,0,0,0,Standard_1080p_30fps_5s
76,0,p4x4,1,0.6295137611273145,2,0,1,9,29.58495568862226,4:4,spatial,0,51,0,dia,9,0,1,vbr,0,baseline,0.6493532546000097,48,4,92,2,5,0,47,2,1,2,Standard_1080p_30fps_5s
76,1,p8x8,1,0.6295137611273145,2,0,0,9,29.58495568862226,4:4,spatial,0,168,0,dia,45,0,1,none,1,baseline,0.6493532546000097,48,4,92,2,80,0,2,0,0,0,Standard_1080p_30fps_5s
382,1,p4x4,3,1.7884446504560478,1,10,0,-3,42.65254136208624,4:4,spatial,0,51,0,dia,54,0,1,none,0,baseline,0.6493532546000097,48,4,92,2,80,0,2,0,0,0,Standard_1080p_30fps_5s
76,0,p8x8,1,0.331644857081022,2,0,1,8,17.639968692513452,1:-1,temporal,0,137,1,umh,54,0,1,none,0,baseline,0.6493532546000097,48,4,179,6,80,0,2,0,0,0,Standard_1080p_30fps_5s
522,1,none,1,0.6295137611273145,2,0,0,9,29.58495568862226,4:4,spatial,0,51,0,dia,54,0,1,none,0,baseline,0.6493532546000097,48,4,92,2,80,6,2,0,0,0,Standard_1080p_30fps_5s
522,1,none,1,0.331644857081022,2,0,1,8,17.639968692513452,1:-1,temporal,0,137,3,esa,54,0,1,none,0,baseline,0.199007041872786,48,4,179,2,85,0,2,0,0,0,Standard_1080p_30fps_5s
522,1,none,0,0.331644857081022,2,0,0,8,17.639968692513452,1:-1,temporal,1,137,1,hex,54,0,1,none,0,baseline,0.6493532546000097,48,4,179,2,80,0,2,0,0,0,Standard_1080p_30fps_5s
76,0,p4x4,1,0.6295137611273145,2,0,1,9,41.386831942442015,4:4,spatial,1,51,0,dia,9,0,0,none,0,baseline,0.8969129962060315,49,8,222,11,96,3,21,2,1,1,Standard_1080p_30fps_5s
1652,0,all,1,0.6295137611273145,2,0,1,9,20.62177676423903,4:4,spatial,0,51,0,dia,47,1,1,vbr,0,main,0.6493532546000097,48,4,92,2,5,0,0,2,1,2,Standard_1080p_30fps_5s
76,0,p4x4,1,0.6295137611273145,1,0,1,9,17.263518972055838,4:4,spatial,0,51,4,dia,61,0,1,vbr,0,baseline,0.6493532546000097,48,4,92,11,8,3,21,2,0,1,Standard_1080p_30fps_5s
722,0,all,1,0.6295137611273145,2,0,1,9,20.62177676423903,4:4,spatial,1,51,0,dia,47,0,1,vbr,0,main,0.6493532546000097,48,4,92,3,80,6,2,0,0,0,Standard_1080p_30fps_5s
522,1,none,1,0.6295137611273145,2,0,0,9,29.58495568862226,4:4,spatial,0,51,0,dia,22,1,1,none,0,baseline,0.6493532546000097,48,4,92,2,60,3,12,1,1,2,Standard_1080p_30fps_5s
522,1,none,0,0.331644857081022,2,13,0,8,17.639968692513452,1:-1,temporal,0,137,1,umh,54,0,1,none,0,baseline,0.6493532546000097,48,4,179,2,80,0,2,0,0,0,Standard_1080p_30fps_5s
522,1,none,1,0.331644857081022,2,0,1,8,17.639968692513452,1:-1,temporal,1,137,1,hex,54,0,1,none,0,baseline,0.6493532546000097,48,4,179,2,80,0,2,1,0,0,Standard_1080p_30fps_5s
76,0,p8x8,1,1.9431946729598224,2,7,1,-3,23.10573944890249,6:-6,temporal,1,83,3,esa,25,1,1,cbr,0,high,0.2413842509767567,22,19,215,9,92,0,12,0,1,0,Standard_480p_60fps_20s
2269,0,none,2,0.232016658957973,0,7,0,-4,13.867174898875293,1:-1,auto,1,418,4,umh,43,0,1,vbr,0,high,0.0522428763443125,20,14,123,8,87,0,28,2,1,1,Standard_480p_60fps_20s
76,0,p8x8,1,0.6295137611273145,2,7,0,-4,13.867174898875293,1:-1,auto,1,418,4,umh,43,0,1,vbr,0,high,0.0522428763443125,20,14,123,12,87,1,28,2,1,1,Standard_480p_60fps_20s
654,0,none,1,0.9870357695477202,0,1,1,11,29.57619204742715,-5:5,auto,1,418,4,umh,43,0,1,vbr,1,high,0.0522428763443125,21,14,123,8,87,0,28,2,1,1,Standard_480p_60fps_20s
511,0,p8x8,3,0.5558499898581044,2,7,1,-4,13.867174898875293,1:-1,auto,0,418,4,umh,43,0,1,cbr,0,high,0.0522428763443125,20,14,123,8,87,0,28,2,1,1,Standard_480p_60fps_20s
76,0,p8x8,1,0.6295137611273145,2,7,0,-4,13.867174898875293,1:-1,auto,1,418,2,esa,40,0,1,vbr,0,baseline,0.0522428763443125,20,14,123,12,87,1,28,2,1,1,Standard_480p_60fps_20s
76,0,p8x8,1,0.6295137611273145,2,7,0,-4,13.867174898875293,1:-1,auto,1,319,1,umh,43,0,1,vbr,1,high,0.7363196137975182,21,14,123,8,87,0,28,2,1,1,Standard_480p_60fps_20s
654,0,none,0,0.9870357695477202,0,1,1,11,6.566131640520979,-5:5,auto,1,374,4,umh,43,0,1,vbr,0,high,0.0522428763443125,20,14,175,12,87,1,28,2,1,0,Standard_480p_60fps_20s
1566,0,none,2,0.232016658957973,0,7,0,-4,13.867174898875293,1:-1,auto,1,418,4,tesa,43,0,1,vbr,1,high,0.0522428763443125,21,14,123,8,87,0,28,2,1,1,Standard_480p_60fps_20s
893,1,p4x4,0,1.846876144879288,1,7,1,7,5.020939529251045,3:3,spatial,0,40,0,tesa,14,0,1,cbr,0,high,0.5225257995416253,22,2,141,4,81,7,63,0,1,1,Standard_480p_60fps_20s
654,0,p4x4,3,0.9870357695477202,0,3,1,7,5.020939529251045,3:3,auto,0,40,0,tesa,14,0,1,cbr,0,high,0.5225257995416253,22,2,141,4,79,7,48,0,1,1,Standard_480p_60fps_20s
893,0,p4x4,1,1.9431946729598224,2,7,1,-3,23.10573944890249,6:-6,temporal,1,83,3,esa,49,0,1,cbr,0,baseline,0.2413842509767567,22,19,215,9,92,0,46,0,0,0,Standard_480p_60fps_20s
2269,0,none,2,0.232016658957973,0,2,1,-3,23.10573944890249,6:-6,temporal,1,83,3,esa,49,0,1,cbr,0,baseline,0.2413842509767567,22,19,215,7,92,0,46,0,0,0,Standard_480p_60fps_20s
1518,0,none,1,1.9431946729598224,2,7,1,-3,23.10573944890249,6:-6,temporal,1,83,3,tesa,26,0,1,cbr,0,baseline,0.3601891392933345,22,19,215,7,92,0,46,0,0,1,Standard_480p_60fps_20s
301,0,p4x4,3,0.9870357695477202,0,3,1,7,5.020939529251045,3:3,temporal,1,83,4,umh,44,0,1,cbr,0,baseline,0.2413842509767567,22,7,108,9,92,7,46,2,0,0,Standard_480p_60fps_20s
511,0,"p8x8,b8x8,i8x8,i4x4",3,1.4695873111679296,2,7,1,-3,23.10573944890249,6:-6,temporal,1,83,3,esa,49,0,1,cbr,0,baseline,0.2413842509767567,22,19,215,9,92,0,46,0,0,0,Standard_480p_60fps_20s
81,0,none,1,1.9431946729598224,2,7,1,-3,23.10573944890249,6:-6,temporal,1,83,3,esa,44,0,1,cbr,0,baseline,0.2413842509767567,22,19,215,9,92,7,46,2,0,0,Standard_480p_60fps_20s
76,0,p8x8,1,0.6295137611273145,2,0,1,9,29.58495568862226,4:4,spatial,0,51,0,dia,54,0,1,none,0,baseline,0.6493532546000097,48,4,92,2,80,0,2,0,0,0,Standard_480p_60fps_20s
893,0,p4x4,1,0.6295137611273145,2,0,1,9,29.58495568862226,4:4,spatial,0,51,0,dia,20,0,1,none,0,baseline,0.6493532546000097,48,4,92,2,80,0,2,0,0,2,Standard_480p_60fps_20s
76,1,p8x8,1,0.6295137611273145,2,0,1,9,29.58495568862226,4:4,spatial,0,107,0,dia,54,0,1,none,0,main,0.0177802665461982,51,18,117,10,27,0,41,0,0,1,Standard_480p_60fps_20s
1025,1,p8x8,1,1.879265215072042,1,12,1,4,25.82327767066316,-6:6,temporal,0,21,0,umh,37,0,1,cbr,1,baseline,0.2670969530301085,29,13,234,8,47,7,56,1,0,1,Big_480p_60fps_15s
1695,1,p4x4,1,1.5322089807663883,0,10,0,-1,24.85881251993284,1:-1,auto,1,423,1,hex,34,0,1,none,1,baseline,0.8980929075777258,49,16,191,7,2,4,56,2,1,0,Big_480p_60fps_15s
295,0,"p8x8,b8x8,i8x8,i4x4",2,0.4982688530848584,1,0,0,3,42.37844532755855,-2:2,auto,1,423,3,hex,34,0,1,vbr,1,main,0.7933934114213569,46,2,104,14,59,7,19,2,1,2,Big_480p_60fps_15s
295,1,"p8x8,b8x8,i8x8,i4x4",2,0.4982688530848584,1,0,0,3,42.37844532755855,-2:2,auto,1,423,3,hex,34,0,1,vbr,1,main,0.7933934114213569,46,11,104,14,59,7,19,2,1,1,Big_480p_60fps_15s
963,0,p4x4,2,0.4982688530848584,1,16,0,3,42.37844532755855,-2:2,auto,1,423,3,hex,39,1,1,vbr,1,main,0.7933934114213569,46,2,104,14,59,7,19,2,1,0,Big_480p_60fps_15s
295,0,"p8x8,b8x8,i8x8,i4x4",2,0.4982688530848584,1,0,0,3,42.37844532755855,-2:2,auto,1,423,3,hex,34,0,1,none,1,baseline,0.8980929075777258,49,16,78,7,2,4,56,2,1,0,Big_480p_60fps_15s
295,1,"p8x8,b8x8,i8x8,i4x4",2,0.4982688530848584,1,0,0,3,42.37844532755855,3:3,auto,1,423,3,hex,34,0,1,vbr,1,main,0.7933934114213569,46,11,104,14,59,7,19,2,1,1,Big_480p_60fps_15s
295,1,"p8x8,b8x8,i8x8,i4x4",3,1.3614877038194242,0,0,1,3,42.37844532755855,-2:2,auto,1,423,3,hex,34,0,1,none,1,main,0.7933934114213569,46,11,104,14,59,7,19,2,1,1,Big_480p_60fps_15s
968,0,p8x8,1,1.879265215072042,1,12,1,4,25.82327767066316,-2:2,auto,1,423,3,hex,34,1,1,vbr,1,baseline,0.7933934114213569,46,11,104,14,59,7,19,2,1,1,Big_480p_60fps_15s
295,0,all,2,0.4982688530848584,1,13,0,-1,42.37844532755855,-2:2,auto,1,423,3,hex,34,0,1,none,1,baseline,0.8980929075777258,49,16,78,7,2,4,56,2,0,1,Big_480p_60fps_15s
2288,0,p8x8,2,0.4982688530848584,0,0,0,-10,42.37844532755855,-2:2,auto,1,423,3,umh,34,1,1,cbr,1,main,0.7933934114213569,46,11,126,14,59,7,19,2,1,1,Big_480p_60fps_15s
2054,0,p8x8,1,0.4982688530848584,1,16,1,3,27.141937477691062,-2:2,auto,1,171,3,hex,39,0,1,vbr,1,main,0.7933934114213569,46,2,104,14,59,7,19,2,1,0,Big_480p_60fps_15s
295,0,"p8x8,b8x8,i8x8,i4x4",2,1.0305388405126243,1,0,1,3,42.37844532755855,3:3,auto,1,423,3,hex,34,0,1,vbr,1,baseline,0.6493532546000097,41,4,177,2,80,0,2,0,0,0,Big_480p_60fps_15s
2288,0,p8x8,2,0.4982688530848584,0,0,0,-10,1.926294133119557,-2:2,auto,1,423,3,umh,34,1,1,cbr,1,main,0.7933934114213569,46,11,126,14,80,5,2,2,1,0,Big_480p_60fps_15s
76,0,p8x8,2,0.4982688530848584,0,0,0,-10,42.37844532755855,-2:2,auto,1,215,3,umh,34,1,1,cbr,0,main,0.7933934114213569,46,11,126,14,59,7,19,2,1,1,Big_480p_60fps_15s
295,0,"p8x8,b8x8,i8x8,i4x4",3,0.4982688530848584,1,0,0,3,42.37844532755855,-2:2,auto,1,423,3,umh,34,1,1,vbr,1,main,0.7933934114213569,41,2,104,14,59,7,19,2,1,0,Big_480p_60fps_15s
963,0,p4x4,2,0.4982688530848584,1,16,0,3,42.37844532755855,-2:2,auto,0,423,3,hex,39,1,1,vbr,0,main,0.7933934114213569,46,2,104,14,59,7,19,2,0,2,Big_480p_60fps_15s
2014,0,"p8x8,b8x8,i8x8,i4x4",1,0.2488955186985266,0,10,0,-1,24.85881251993284,1:-1,auto,1,423,3,hex,34,0,1,none,1,baseline,0.7933934114213569,46,2,104,14,96,7,19,2,1,1,Big_480p_60fps_15s
295,0,"p8x8,b8x8,i8x8,i4x4",2,0.4982688530848584,1,0,0,3,42.37844532755855,-2:2,auto,1,360,2,hex,34,0,1,vbr,0,main,0.8980929075777258,49,4,191,7,2,4,56,2,1,0,Big_480p_60fps_15s
295,1,"p8x8,b8x8,i8x8,i4x4",2,0.4982688530848584,1,0,0,3,42.37844532755855,-2:2,auto,1,423,3,hex,34,0,1,none,1,baseline,0.8980929075777258,49,16,78,7,2,4,56,2,1,0,Big_480p_60fps_15s
1377,1,p4x4,1,1.419806761705947,0,4,0,3,25.55640114156775,-5:5,auto,0,139,1,umh,16,0,0,cbr,1,main,0.8362550670036247,50,8,61,15,95,1,31,0,1,2,Standard_1080p_60fps_15s
1377,1,p4x4,1,1.419806761705947,2,4,0,3,25.55640114156775,-5:5,auto,0,139,0,umh,16,0,0,cbr,0,high,0.18786310885356,47,14,44,2,7,0,17,0,1,1,Standard_1080p_60fps_15s
1325,0,"p8x8,b8x8,i8x8,i4x4",1,0.3781154147396326,2,6,1,-11,49.644920281344696,-1:1,spatial,0,8,0,esa,10,0,1,none,0,baseline,0.0649659394447945,38,4,92,2,34,6,2,0,0,2,Standard_1080p_60fps_15s
398,0,p8x8,1,0.3781154147396326,0,6,0,-11,49.644920281344696,-1:1,spatial,1,8,3,esa,10,0,1,cbr,1,high,0.8362550670036247,50,9,61,11,95,7,31,0,1,2,Standard_1080p_60fps_15s
1702,0,p8x8,1,0.3781154147396326,0,6,0,-11,49.644920281344696,-1:1,spatial,0,8,3,esa,10,0,1,cbr,1,high,0.8362550670036247,50,9,61,15,95,7,31,1,1,2,Standard_1080p_60fps_15s
398,0,p4x4,1,0.3781154147396326,0,6,0,-11,49.644920281344696,-1:1,spatial,1,8,3,esa,10,0,0,cbr,1,high,0.8362550670036247,50,9,61,3,70,9,55,0,0,2,Standard_1080p_60fps_15s
398,0,p8x8,1,0.3781154147396326,0,6,0,-11,49.644920281344696,-1:1,spatial,1,8,3,esa,12,0,1,cbr,1,high,0.8362550670036247,50,9,48,2,80,0,2,0,0,0,Standard_1080p_60fps_15s
2054,0,p8x8,0,0.3781154147396326,0,6,0,-11,49.644920281344696,-1:1,none,1,8,3,esa,10,0,1,cbr,0,main,0.8362550670036247,50,9,61,11,95,7,0,1,1,0,Standard_1080p_60fps_15s
1702,0,p8x8,1,0.3781154147396326,2,6,0,-11,49.644920281344696,-1:1,spatial,0,8,3,esa,10,0,1,none,0,baseline,0.6493532546000097,48,4,92,2,80,8,2,0,0,2,Standard_1080p_60fps_15s
2054,1,p8x8,0,0.3781154147396326,0,6,0,-11,37.70847627529538,-1:1,none,1,8,3,esa,10,0,1,cbr,0,main,0.8362550670036247,50,9,61,11,95,7,0,1,1,0,Standard_1080p_60fps_15s
2054,1,none,0,0.3781154147396326,0,6,0,-11,49.644920281344696,-6:6,none,1,8,3,esa,14,1,1,cbr,1,baseline,0.8362550670036247,50,9,61,11,95,7,0,1,1,0,Standard_1080p_60fps_15s
2408,1,p8x8,0,0.3781154147396326,0,6,0,-11,49.644920281344696,-1:1,spatial,0,8,3,esa,10,0,0,cbr,1,high,0.8362550670036247,50,9,61,15,95,7,31,0,1,2,Standard_1080p_60fps_15s
1325,0,p8x8,1,0.6842316185031362,0,6,0,-11,49.644920281344696,-1:1,spatial,0,8,3,esa,10,0,1,cbr,1,high,0.8362550670036247,50,15,61,15,95,7,31,1,1,2,Standard_1080p_60fps_15s
398,0,p8x8,1,0.3781154147396326,0,6,1,-11,49.644920281344696,4:-4,spatial,1,8,3,esa,10,0,1,cbr,1,high,0.8362550670036247,50,9,61,4,19,2,27,0,1,0,Standard_1080p_60fps_15s
398,0,p8x8,1,0.3781154147396326,0,6,0,11,49.644920281344696,-1:1,spatial,1,8,3,dia,10,0,1,cbr,1,high,0.8362550670036247,50,16,61,15,95,7,31,1,1,2,Standard_1080p_60fps_15s
1702,0,p8x8,1,0.3781154147396326,0,6,0,-11,49.644920281344696,-1:1,auto,1,8,1,tesa,12,0,1,cbr,0,high,0.8362550670036247,50,9,48,2,80,0,2,0,0,0,Standard_1080p_60fps_15s
2054,0,p8x8,0,0.3781154147396326,0,6,0,-11,49.644920281344696,-1:1,spatial,1,8,3,esa,10,0,1,cbr,1,high,0.8362550670036247,50,9,61,11,95,7,31,0,1,0,Standard_1080p_60fps_15s
398,0,p8x8,1,0.3781154147396326,1,6,0,-11,49.644920281344696,-2:2,none,1,8,0,esa,10,1,1,cbr,0,main,0.8362550670036247,50,9,145,15,95,7,0,1,1,0,Standard_1080p_60fps_15s
398,0,p8x8,1,0.3781154147396326,0,6,0,-5,49.644920281344696,-1:1,spatial,1,8,1,esa,48,0,1,cbr,1,main,0.8362550670036247,50,9,48,2,81,7,17,0,0,0,Standard_1080p_60fps_15s
398,0,p8x8,1,0.3781154147396326,0,6,0,11,49.644920281344696,-1:1,spatial,1,8,3,esa,10,0,1,cbr,1,high,0.9171349574400796,50,9,61,15,95,7,31,0,0,2,Standard_1080p_60fps_15s
1118,1,"p8x8,b8x8,i8x8,i4x4",0,1.236053973363605,1,3,1,-11,16.87116125606628,0:0,none,1,216,3,dia,64,0,1,none,1,baseline,0.2425522150912263,22,20,216,9,11,5,34,1,0,1,Still_image_480p_25fps_15s
877,0,none,1,0.7109932528244155,0,5,0,10,24.845320280721005,2:-2,auto,0,272,1,tesa,9,0,1,none,0,main,0.3099669091305331,37,7,49,6,35,0,14,1,0,1,Still_image_480p_25fps_15s
1118,1,"p8x8,b8x8,i8x8,i4x4",0,1.236053973363605,0,5,0,10,24.845320280721005,2:-2,none,0,272,1,tesa,9,0,1,vbr,0,main,0.3099669091305331,37,7,49,6,35,0,14,1,0,1,Still_image_480p_25fps_15s
877,0,none,1,0.7109932528244155,0,5,0,10,24.845320280721005,2:-2,auto,0,272,1,tesa,9,1,1,cbr,1,high,0.209041155276022,37,0,25,13,48,9,14,0,0,2,Still_image_480p_25fps_15s
877,0,none,1,0.7109932528244155,0,6,0,10,24.845320280721005,2:-2,auto,0,272,1,tesa,9,0,1,none,0,main,0.4296472510238589,29,1,95,12,77,2,21,2,0,2,Still_image_480p_25fps_15s
1485,1,p8x8,0,1.7535275951055005,0,2,1,1,24.845320280721005,2:-2,auto,0,272,1,tesa,9,1,1,none,0,main,0.3601891392933345,37,7,49,6,35,0,14,1,0,1,Still_image_480p_25fps_15s
1882,0,none,1,0.7109932528244155,0,5,0,10,35.55545997220386,2:-2,auto,0,272,1,tesa,9,0,1,cbr,1,high,0.209041155276022,37,0,25,13,48,9,14,0,0,2,Still_image_480p_25fps_15s
877,0,none,0,1.236053973363605,0,13,0,10,24.845320280721005,2:-2,none,0,272,1,tesa,9,0,0,vbr,1,main,0.3099669091305331,37,7,49,6,35,0,33,1,0,1,Still_image_480p_25fps_15s
1118,1,"p8x8,b8x8,i8x8,i4x4",1,0.7109932528244155,0,6,0,10,24.845320280721005,2:-2,auto,0,272,1,tesa,9,0,1,none,0,main,0.4296472510238589,29,1,98,12,77,2,21,2,0,2,Still_image_480p_25fps_15s
1485,0,p8x8,0,1.7535275951055005,0,2,1,1,24.845320280721005,2:-2,auto,0,272,1,tesa,8,1,1,none,0,main,0.3601891392933345,37,7,184,2,52,1,14,1,0,1,Still_image_480p_25fps_15s
76,1,p8x8,1,0.6295137611273145,0,0,1,9,29.58495568862226,4:4,spatial,0,272,1,tesa,9,0,1,none,0,main,0.9361199909985652,37,7,49,6,35,0,14,1,0,1,Still_image_480p_25fps_15s
877,0,none,1,1.0734724386269372,0,6,0,-6,24.845320280721005,2:-2,auto,0,272,1,tesa,9,0,0,vbr,0,main,0.4296472510238589,29,1,95,12,77,2,21,2,0,2,Still_image_480p_25fps_15s
877,0,none,1,0.7109932528244155,2,5,0,7,24.845320280721005,2:-2,auto,0,272,1,tesa,9,0,1,cbr,0,main,0.3099669091305331,37,7,49,6,35,7,14,1,0,1,Still_image_480p_25fps_15s
877,0,none,1,0.7109932528244155,0,5,0,10,24.845320280721005,2:-2,auto,0,316,1,tesa,9,0,1,none,0,main,0.4296472510238589,47,1,95,12,77,2,21,2,0,2,Still_image_480p_25fps_15s
877,0,none,1,0.7109932528244155,0,6,0,2,24.845320280721005,2:-2,auto,0,272,4,tesa,9,0,1,none,0,main,0.3099669091305331,37,7,49,6,35,0,14,1,0,1,Still_image_480p_25fps_15s
877,0,none,1,0.7109932528244155,2,5,0,10,24.845320280721005,2:-2,auto,0,316,1,hex,9,0,1,none,0,main,0.4296472510238589,47,1,95,12,53,2,41,0,0,2,Still_image_480p_25fps_15s
877,0,none,3,0.1158359846265955,1,6,0,10,24.845320280721005,6:-6,auto,0,272,1,tesa,9,0,1,cbr,0,main,0.4296472510238589,44,1,95,12,77,3,21,2,0,2,Still_image_480p_25fps_15s
877,0,none,1,1.0734724386269372,0,2,1,1,24.845320280721005,2:-2,auto,0,272,1,tesa,9,1,1,cbr,1,main,0.3601891392933345,37,6,49,6,35,0,14,1,0,1,Still_image_480p_25fps_15s
877,0,none,1,0.7109932528244155,2,5,0,7,24.845320280721005,2:-2,auto,0,272,1,tesa,9,0,1,cbr,1,main,0.3099669091305331,37,7,22,6,1,7,14,1,0,1,Still_image_480p_25fps_15s
877,0,none,1,0.7109932528244155,0,1,1,10,24.845320280721005,2:-2,auto,0,272,1,tesa,9,1,1,cbr,1,high,0.3157458481148581,37,0,25,14,48,9,39,0,0,2,Still_image_480p_25fps_15s
1690,1,none,2,1.1536539324358672,0,13,1,7,37.37799214063269,4:-4,auto,0,20,4,esa,63,1,0,vbr,1,high,0.0833025022174705,43,10,149,12,23,0,20,1,1,1,Big_480p_25fps_20s
469,0,"p8x8,b8x8,i8x8,i4x4",3,1.9388859071863007,0,9,1,-12,27.88001428928656,4:-4,auto,0,20,4,hex,63,1,0,vbr,0,high,0.0833025022174705,43,10,149,12,23,0,20,1,1,1,Big_480p_25fps_20s
1690,1,none,2,1.1536539324358672,1,13,1,-10,37.37799214063269,4:-4,auto,0,20,4,esa,63,1,0,vbr,1,high,0.0833025022174705,43,10,149,12,7,0,20,1,1,0,Big_480p_25fps_20s
1011,0,p4x4,0,0.7841382476494912,0,13,1,7,37.37799214063269,4:-4,auto,0,20,0,esa,63,1,0,vbr,0,high,0.0833025022174705,43,10,149,2,23,2,20,1,1,1,Big_480p_25fps_20s
1690,1,none,2,1.1536539324358672,0,13,1,7,42.876785685812266,4:-4,auto,0,106,3,tesa,6,1,1,vbr,1,baseline,0.4533312853075793,41,14,209,8,15,2,18,2,0,1,Big_480p_25fps_20s
469,0,"p8x8,b8x8,i8x8,i4x4",3,1.9388859071863007,0,9,1,-12,27.88001428928656,4:-4,auto,0,20,4,hex,63,1,0,vbr,0,high,0.0833025022174705,43,10,149,12,23,0,20,0,0,0,Big_480p_25fps_20s
469,0,"p8x8,b8x8,i8x8,i4x4",3,1.9388859071863007,0,9,1,-12,27.88001428928656,4:-4,auto,0,20,4,hex,63,1,0,vbr,0,high,0.0833025022174705,43,10,149,6,96,4,20,0,1,0,Big_480p_25fps_20s
1011,0,p4x4,0,0.7841382476494912,0,13,1,7,37.37799214063269,4:-4,auto,0,406,0,esa,20,1,0,vbr,0,main,0.0833025022174705,43,10,149,12,23,0,20,1,1,1,Big_480p_25fps_20s
1690,1,none,2,1.1536539324358672,0,13,1,7,44.37311282353116,4:-4,auto,0,20,4,esa,63,1,1,vbr,1,high,0.0833025022174705,43,10,149,2,23,2,20,0,1,1,Big_480p_25fps_20s
469,0,"p8x8,b8x8,i8x8,i4x4",2,1.9388859071863007,0,9,1,-12,27.88001428928656,4:-4,none,0,20,4,tesa,63,1,0,vbr,0,high,0.0833025022174705,43,10,244,12,23,0,20,0,1,1,Big_480p_25fps_20s
469,0,"p8x8,b8x8,i8x8,i4x4",3,1.9388859071863007,0,9,1,-12,27.88001428928656,2:-2,auto,1,20,4,hex,63,1,0,vbr,0,high,0.0833025022174705,43,10,84,12,23,0,20,1,1,1,Big_480p_25fps_20s
469,0,"p8x8,b8x8,i8x8,i4x4",3,1.9388859071863007,0,9,1,9,27.88001428928656,4:-4,spatial,0,20,4,hex,63,1,0,vbr,0,high,0.0833025022174705,43,10,149,10,31,0,55,0,1,1,Big_480p_25fps_20s
1690,1,p4x4,2,0.9772965516020578,0,13,1,7,37.37799214063269,4:-4,auto,1,20,4,esa,63,1,0,vbr,1,high,0.0833025022174705,46,10,149,12,23,0,20,1,0,0,Big_480p_25fps_20s
2375,1,"p8x8,b8x8,i8x8,i4x4",3,1.9388859071863007,1,9,1,-12,27.88001428928656,4:-4,auto,0,254,4,hex,63,1,0,vbr,1,high,0.0833025022174705,43,10,149,6,96,4,27,0,1,1,Big_480p_25fps_20s
189,0,none,3,0.3287049226442122,1,13,1,-8,8.487371123432156,0:0,spatial,1,18,1,esa,4,0,0,none,0,baseline,0.8920041038358315,30,18,123,10,31,0,55,0,1,1,Big_480p_25fps_20s
76,0,p8x8,3,0.3287049226442122,1,13,1,-8,8.487371123432156,0:0,spatial,1,18,1,esa,4,0,0,none,1,baseline,0.8920041038358315,30,18,123,10,31,0,55,0,1,1,Big_480p_25fps_20s
189,0,none,0,0.3287049226442122,1,13,1,-8,8.487371123432156,0:0,spatial,1,140,1,esa,4,0,0,none,0,baseline,0.8920041038358315,30,18,123,10,31,0,55,0,1,1,Big_480p_25fps_20s
76,1,p8x8,3,0.3287049226442122,1,13,1,-8,8.487371123432156,0:0,none,1,18,1,esa,4,0,0,vbr,1,baseline,0.8920041038358315,30,18,123,10,5,0,55,1,1,1,Big_480p_25fps_20s
465,0,p8x8,3,0.3287049226442122,1,13,1,-8,8.487371123432156,0:0,spatial,1,18,2,esa,4,0,0,none,0,baseline,0.5923601838025758,48,4,92,2,80,9,2,1,0,0,Big_480p_25fps_20s
2185,0,none,1,0.5821828429304455,2,12,1,5,16.360894851957866,3:3,none,1,18,1,esa,4,0,1,none,1,baseline,0.8920041038358315,30,18,116,11,31,0,55,0,1,1,Big_480p_25fps_20s
475,0,p8x8,1,1.3860993677643614,1,7,0,10,11.817946525232552,2:2,auto,1,95,3,dia,21,0,1,cbr,1,high,0.6493532546000097,48,4,92,2,80,0,2,0,0,1,Standard_480p_25fps_5s
1371,0,none,0,0.9545401417867104,0,13,0,-5,8.318494066853779,-6:6,spatial,0,77,2,tesa,18,0,0,vbr,1,high,0.8535373528489443,45,2,212,1,44,11,21,2,0,0,Standard_480p_25fps_5s
1668,0,"p8x8,b8x8,i8x8,i4x4",3,0.005299835050218,2,5,0,1,25.79863055320933,6:-6,auto,1,60,3,esa,56,1,1,cbr,1,high,0.0574122651415652,21,6,186,8,61,6,12,0,0,0,Standard_480p_25fps_5s
76,0,p8x8,1,0.6295137611273145,2,0,1,9,29.58495568862226,4:4,spatial,0,51,0,dia,54,0,1,none,0,baseline,0.6493532546000097,48,4,92,2,80,0,2,0,0,0,Standard_480p_25fps_5s
76,0,p8x8,1,0.6295137611273145,2,0,1,9,29.58495568862226,4:4,spatial,0,51,1,dia,54,0,1,none,0,baseline,0.6493532546000097,48,4,108,3,60,6,12,0,0,0,Standard_480p_25fps_5s
76,0,p8x8,1,0.6295137611273145,2,0,1,9,29.58495568862226,4:4,spatial,0,51,0,dia,12,0,0,cbr,0,high,0.2321695784618771,42,5,117,3,60,6,12,0,0,2,Standard_480p_25fps_5s
76,1,p8x8,1,0.6295137611273145,2,0,1,9,29.58495568862226,4:4,spatial,0,51,0,dia,54,0,1,none,0,baseline,0.6493532546000097,48,4,92,2,80,0,2,0,0,0,Standard_480p_25fps_5s
76,0,p8x8,1,0.6295137611273145,2,3,1,9,29.58495568862226,4:4,spatial,0,51,1,dia,54,0,1,none,0,baseline,0.6493532546000097,48,4,212,1,44,11,21,1,0,0,Standard_480p_25fps_5s
76,1,p8x8,1,0.6295137611273145,2,0,1,9,29.58495568862226,4:4,spatial,0,51,1,dia,54,0,1,none,0,baseline,0.994820417908242,27,6,170,11,93,3,48,2,1,1,Standard_480p_25fps_5s
76,0,p8x8,1,0.6295137611273145,2,0,1,9,29.58495568862226,4:4,spatial,0,51,1,dia,6,0,1,none,0,baseline,0.6493532546000097,48,12,108,3,4,1,27,0,0,2,Standard_480p_25fps_5s
76,1,p8x8,0,0.6295137611273145,2,0,1,9,29.58495568862226,4:4,spatial,0,51,1,dia,54,0,1,none,0,baseline,0.994820417908242,27,2,212,2,44,11,21,2,1,0,Standard_480p_25fps_5s
1371,0,none,0,0.6295137611273145,2,0,1,9,29.58495568862226,4:4,spatial,0,51,1,dia,54,0,1,vbr,0,baseline,0.6493532546000097,48,4,92,2,80,0,2,0,0,0,Standard_480p_25fps_5s
76,0,p8x8,1,0.6295137611273145,2,0,1,-8,29.58495568862226,4:4,spatial,0,51,1,dia,54,0,1,cbr,0,baseline,0.6493532546000097,48,4,221,2,80,0,2,0,1,2,Standard_480p_25fps_5s
847,0,p8x8,3,0.1017196041069332,2,0,1,9,29.58495568862226,4:4,spatial,0,51,0,dia,20,0,1,none,0,baseline,0.6493532546000097,48,14,92,2,80,0,2,0,1,0,Standard_480p_25fps_5s
76,1,p8x8,1,0.6295137611273145,2,0,1,9,29.58495568862226,4:4,spatial,0,51,1,umh,54,0,1,none,0,baseline,0.994820417908242,27,6,170,11,93,0,2,0,1,1,Standard_480p_25fps_5s
1668,0,"p8x8,b8x8,i8x8,i4x4",3,0.005299835050218,2,5,0,1,25.79863055320933,6:-6,auto,1,60,3,esa,56,1,1,cbr,1,high,0.0574122651415652,21,6,186,8,4,1,27,0,0,2,Standard_480p_25fps_5s
76,0,"p8x8,b8x8,i8x8,i4x4",3,0.005299835050218,2,5,0,1,12.107716240294172,6:-6,auto,1,60,3,esa,56,1,1,cbr,1,main,0.0574122651415652,21,6,186,8,4,1,27,0,0,2,Standard_480p_25fps_5s
847,0,p8x8,3,0.1017196041069332,2,8,0,-12,16.675685116585825,2:2,temporal,0,61,2,tesa,30,0,0,cbr,0,baseline,0.6493532546000097,48,4,221,2,80,0,2,0,1,0,Standard_480p_25fps_5s
1371,0,none,0,0.9545401417867104,0,13,0,-5,8.318494066853779,-6:6,spatial,1,77,2,tesa,18,0,0,vbr,1,high,0.8535373528489443,45,2,212,2,44,11,21,2,0,0,Standard_480p_25fps_5s
475,0,none,3,0.9545401417867104,0,16,1,4,8.318494066853779,-6:6,spatial,1,77,2,tesa,17,0,0,vbr,1,high,0.9444958774708296,45,2,212,2,44,11,21,2,0,0,Standard_480p_25fps_5s
1692,1,p4x4,3,0.1752806789959263,1,8,0,-10,26.15038190984493,-4:4,temporal,0,221,4,hex,42,0,1,vbr,1,main,0.7638959016050976,26,4,185,4,87,4,53,2,0,2,Standard_720p_30fps_15s
2063,1,p8x8,1,0.3941451517086615,1,2,0,9,27.784238606416043,6:6,auto,0,221,4,hex,42,0,1,none,1,main,0.7638959016050976,26,4,185,4,87,4,53,2,0,2,Standard_720p_30fps_15s
1692,1,p4x4,0,0.1752806789959263,1,8,0,-10,26.15038190984493,-4:4,temporal,0,221,4,hex,42,0,1,vbr,1,main,0.7638959016050976,26,0,185,5,87,4,53,2,0,2,Standard_720p_30fps_15s
2290,1,"p8x8,b8x8,i8x8,i4x4",3,1.506516628113297,1,2,0,2,36.22494193202382,1:-1,auto,0,354,4,dia,49,0,1,vbr,0,high,0.1779546679981341,51,1,137,11,54,2,34,0,1,0,Standard_720p_30fps_15s
2290,0,"p8x8,b8x8,i8x8,i4x4",1,1.506516628113297,1,2,0,2,42.12385146123028,-6:6,auto,0,354,4,dia,49,0,1,none,0,high,0.1779546679981341,48,1,137,11,54,2,35,0,1,0,Standard_720p_30fps_15s
2290,1,"p8x8,b8x8,i8x8,i4x4",2,0.8848789024034137,1,2,0,4,36.22494193202382,1:-1,auto,0,354,3,dia,49,0,1,vbr,0,high,0.1779546679981341,51,1,137,11,54,2,34,2,0,2,Standard_720p_30fps_15s
2290,0,"p8x8,b8x8,i8x8,i4x4",0,0.8848789024034137,1,2,0,4,36.22494193202382,1:-1,auto,0,354,3,dia,49,0,1,cbr,0,high,0.1779546679981341,44,12,137,11,54,2,34,2,0,2,Standard_720p_30fps_15s
2290,1,"p8x8,b8x8,i8x8,i4x4",1,1.506516628113297,1,2,0,2,42.12385146123028,-6:6,auto,0,354,4,dia,49,0,1,none,0,high,0.1779546679981341,48,1,137,11,91,2,35,0,1,0,Standard_720p_30fps_15s
2290,1,"p8x8,b8x8,i8x8,i4x4",3,1.506516628113297,1,2,0,2,36.22494193202382,1:-1,auto,0,354,4,dia,49,0,1,vbr,0,high,0.9125664852815564,51,3,185,4,87,4,53,0,0,2,Standard_720p_30fps_15s
2290,1,"p8x8,b8x8,i8x8,i4x4",3,1.506516628113297,1,2,1,2,36.22494193202382,1:-1,none,0,354,4,dia,49,0,1,vbr,1,high,0.1779546679981341,51,17,85,9,23,2,27,0,0,1,Standard_720p_30fps_15s
271,1,none,2,1.7394709392572394,0,2,0,2,42.12385146123028,-6:6,none,0,354,4,esa,49,0,0,none,0,high,0.1779546679981341,48,1,137,11,54,2,35,0,1,0,Standard_720p_30fps_15s
2290,1,"p8x8,b8x8,i8x8,i4x4",3,1.506516628113297,1,2,0,2,36.22494193202382,1:-1,auto,0,354,4,dia,49,0,1,cbr,0,baseline,0.2829198489071013,26,20,101,13,52,0,15,2,0,0,Standard_720p_30fps_15s
2290,1,"p8x8,b8x8,i8x8,i4x4",3,1.506516628113297,1,2,0,2,36.22494193202382,1:-1,auto,0,354,4,dia,49,0,0,none,0,high,0.1779546679981341,48,1,137,12,11,2,14,0,1,0,Standard_720p_30fps_15s
118,1,"p8x8,b8x8,i8x8,i4x4",2,0.8848789024034137,1,2,0,4,36.22494193202382,1:-1,auto,0,51,0,dia,54,0,1,none,0,baseline,0.6493532546000097,48,4,31,10,35,0,44,0,0,0,Standard_720p_30fps_15s
76,0,p8x8,3,1.506516628113297,1,2,0,2,36.22494193202382,1:-1,auto,0,354,4,dia,49,0,1,vbr,0,baseline,0.1779546679981341,51,8,137,11,54,2,34,0,0,0,Standard_720p_30fps_15s
2290,1,"p8x8,b8x8,i8x8,i4x4",3,1.506516628113297,1,2,1,2,36.22494193202382,1:-1,auto,1,354,4,dia,49,0,1,vbr,0,high,0.9125664852815564,51,3,185,4,87,4,53,0,0,2,Standard_720p_30fps_15s
2290,1,"p8x8,b8x8,i8x8,i4x4",3,1.506516628113297,1,2,0,2,36.22494193202382,1:-1,auto,0,354,4,dia,49,0,1,cbr,0,high,0.1779546679981341,51,4,77,11,54,2,34,1,1,0,Standard_720p_30fps_15s
2290,0,"p8x8,b8x8,i8x8,i4x4",3,1.506516628113297,1,2,0,2,36.22494193202382,-6:6,auto,0,354,4,dia,49,0,0,none,0,high,0.1779546679981341,21,1,137,12,62,2,35,0,1,0,Standard_720p_30fps_15s
2290,1,"p8x8,b8x8,i8x8,i4x4",3,1.8801957557326048,1,2,0,2,36.22494193202382,3:-3,auto,0,354,4,dia,49,0,1,vbr,0,high,0.1779546679981341,51,1,133,11,87,9,53,0,0,2,Standard_720p_30fps_15s
2290,1,"p8x8,b8x8,i8x8,i4x4",3,1.506516628113297,1,2,0,2,36.22494193202382,1:-1,auto,0,354,4,dia,49,0,1,vbr,0,high,0.9125664852815564,51,3,185,4,54,2,34,0,1,0,Standard_720p_30fps_15s
883,0,p8x8,3,0.1285153695509309,0,2,0,10,35.262740959127925,3:3,spatial,1,264,3,hex,44,1,0,vbr,0,main,0.8573219062770242,21,0,202,6,90,7,55,0,0,2,Still_image_480p_60fps_10s
883,0,p8x8,3,0.1285153695509309,0,12,0,10,35.262740959127925,3:3,spatial,1,181,4,tesa,20,1,0,cbr,1,baseline,0.4018193434889592,33,0,129,11,54,5,37,0,1,0,Still_image_480p_60fps_10s
25,1,none,2,0.9332932968624006,0,0,1,-7,24.40069179854476,3:-3,spatial,0,471,0,tesa,47,0,0,vbr,1,main,0.576805053312249,46,20,201,6,26,1,36,0,0,1,Still_image_480p_60fps_10s
76,0,p8x8,1,0.6295137611273145,2,0,1,9,29.58495568862226,4:4,spatial,0,51,0,dia,54,0,1,none,0,baseline,0.6493532546000097,48,4,92,2,80,0,2,0,0,0,Still_image_480p_60fps_10s
76,0,p8x8,1,0.6295137611273145,2,0,1,9,29.58495568862226,4:4,spatial,0,457,0,umh,47,0,0,vbr,0,main,0.6478075998755597,46,20,201,6,61,1,36,0,0,1,Still_image_480p_60fps_10s
25,1,none,2,0.9332932968624006,0,0,1,9,34.39312855686856,3:-3,none,0,51,0,dia,54,0,1,cbr,0,baseline,0.6493532546000097,48,4,92,2,80,0,2,0,1,0,Still_image_480p_60fps_10s
25,1,none,2,0.9332932968624006,0,13,1,9,34.39312855686856,3:-3,none,0,51,0,dia,54,0,1,cbr,0,baseline,0.6493532546000097,48,17,6,2,80,0,2,0,1,0,Still_image_480p_60fps_10s
25,1,none,2,0.9332932968624006,0,0,1,9,34.39312855686856,3:-3,none,0,471,0,dia,54,0,1,none,0,baseline,0.6493532546000097,48,4,92,2,80,0,18,0,0,0,Still_image_480p_60fps_10s
849,1,p8x8,2,0.9332932968624006,0,0,1,9,34.39312855686856,3:-3,none,0,45,0,dia,54,0,1,cbr,0,baseline,0.6493532546000097,48,4,92,2,80,10,2,0,1,0,Still_image_480p_60fps_10s
76,0,p8x8,1,0.6295137611273145,2,0,1,9,29.58495568862226,2:-2,spatial,0,457,0,umh,47,0,0,none,0,main,0.6478075998755597,46,20,201,6,61,1,36,0,0,1,Still_image_480p_60fps_10s
76,0,p8x8,1,0.6295137611273145,2,0,1,9,29.58495568862226,4:4,none,0,51,0,dia,54,0,0,cbr,0,main,0.6478075998755597,46,20,162,6,61,1,36,0,0,1,Still_image_480p_60fps_10s
76,0,p8x8,1,0.6295137611273145,2,0,1,9,29.58495568862226,4:4,spatial,0,457,2,umh,47,0,1,none,0,baseline,0.6493532546000097,48,18,92,2,80,0,2,0,0,0,Still_image_480p_60fps_10s
730,0,p8x8,1,0.6295137611273145,2,0,1,9,29.58495568862226,4:4,spatial,1,220,0,umh,47,0,0,vbr,0,main,0.6478075998755597,46,20,201,6,61,1,36,0,0,1,Still_image_480p_60fps_10s
76,0,p8x8,1,0.6295137611273145,2,0,1,9,29.58495568862226,4:4,spatial,0,457,0,umh,47,1,0,vbr,0,main,0.6478075998755597,46,20,201,4,75,0,2,0,1,0,Still_image_480p_60fps_10s
76,0,p8x8,3,0.6295137611273145,2,0,1,9,29.58495568862226,4:4,spatial,1,51,0,dia,13,0,1,none,0,baseline,0.6493532546000097,48,4,92,2,80,0,2,1,1,1,Still_image_480p_60fps_10s
76,0,"p8x8,b8x8,i8x8,i4x4",3,0.6295137611273145,2,0,1,9,29.58495568862226,4:4,spatial,1,51,0,dia,13,0,1,vbr,0,baseline,0.6493532546000097,48,4,10,15,80,0,24,1,1,1,Still_image_480p_60fps_10s
76,1,p8x8,1,0.6295137611273145,2,11,1,9,29.58495568862226,4:4,spatial,0,230,0,dia,54,0,1,none,0,baseline,0.6493532546000097,48,4,92,2,80,2,37,0,1,0,Still_image_480p_60fps_10s
883,0,p8x8,3,0.1285153695509309,0,2,0,10,35.262740959127925,-6:6,spatial,0,51,0,dia,54,0,0,cbr,0,main,0.6478075998755597,46,20,162,6,61,1,36,0,0,1,Still_image_480p_60fps_10s
76,0,p8x8,3,0.6295137611273145,2,0,1,9,29.58495568862226,4:4,spatial,1,51,0,dia,54,0,1,none,0,high,0.0613429209616962,48,16,92,2,80,0,2,0,0,2,Still_image_480p_60fps_10s
25,1,none,2,0.9332932968624006,0,0,1,9,48.68031187735279,3:-3,none,0,471,0,dia,54,0,1,none,0,baseline,0.6493532546000097,48,4,92,11,37,0,18,0,1,0,Still_image_480p_60fps_10s
1371,0,none,0,0.9545401417867104,0,13,0,-5,8.318494066853779,-6:6,spatial,0,77,2,tesa,18,0,0,vbr,1,high,0.8535373528489443,45,2,212,1,44,11,21,2,0,0,Big_1080p_25fps_5s
1371,0,none,0,0.7594583716082344,0,13,0,-5,8.318494066853779,-6:6,spatial,0,478,2,tesa,48,0,0,vbr,1,high,0.8535373528489443,50,4,212,1,44,11,21,1,0,0,Big_1080p_25fps_5s
1371,1,none,0,0.9545401417867104,0,13,0,6,8.318494066853779,-6:6,spatial,0,77,2,tesa,18,0,0,vbr,1,high,0.8535373528489443,45,2,212,1,4,1,27,0,0,2,Big_1080p_25fps_5s
1371,0,none,0,0.9545401417867104,0,13,1,-5,8.318494066853779,-3:3,spatial,0,77,2,tesa,12,0,0,vbr,1,high,0.6493532546000097,32,4,92,2,80,0,2,0,0,1,Big_1080p_25fps_5s
1371,1,none,0,0.9545401417867104,0,13,0,6,8.318494066853779,-6:6,spatial,0,77,2,tesa,18,0,0,vbr,1,baseline,0.8535373528489443,45,2,212,1,66,1,27,0,0,2,Big_1080p_25fps_5s
1371,0,none,0,0.9545401417867104,0,13,0,-5,8.318494066853779,-6:6,spatial,0,478,2,tesa,48,0,0,vbr,1,high,0.8535373528489443,50,4,212,2,44,0,21,1,0,0,Big_1080p_25fps_5s
1371,0,none,0,0.7594583716082344,0,13,1,-5,8.318494066853779,-3:3,spatial,0,77,3,tesa,12,0,0,vbr,1,high,0.6493532546000097,32,19,92,2,80,0,2,0,0,0,Big_1080p_25fps_5s
475,0,p8x8,1,1.3860993677643614,1,7,0,10,11.817946525232552,2:2,auto,1,95,3,dia,21,0,1,cbr,1,high,0.6493532546000097,48,4,92,2,80,0,2,0,0,1,Big_1080p_25fps_5s
76,1,p8x8,1,0.6295137611273145,2,0,1,9,29.58495568862226,6:6,spatial,0,51,0,dia,54,0,0,none,0,baseline,0.6493532546000097,48,20,217,14,50,8,39,0,1,1,Big_1080p_25fps_5s
475,0,none,0,0.9545401417867104,0,13,0,6,8.318494066853779,-6:6,spatial,0,77,2,esa,18,0,1,vbr,0,high,0.8535373528489443,45,16,212,1,4,1,27,0,0,2,Big_1080p_25fps_5s
1586,0,p8x8,0,0.3241796191213094,1,8,1,-4,42.876785685812266,-6:6,spatial,1,401,3,hex,50,1,1,vbr,0,main,0.987423468464564,37,20,217,16,50,5,39,2,1,1,Big_1080p_25fps_5s
284,1,p8x8,0,0.3241796191213094,1,8,1,-4,42.876785685812266,1:1,spatial,1,401,3,hex,50,1,1,vbr,0,main,0.987423468464564,37,20,217,14,50,1,39,0,1,1,Big_1080p_25fps_5s
1586,1,p8x8,0,0.3241796191213094,1,8,1,-4,42.876785685812266,-6:6,spatial,1,401,3,hex,50,1,1,vbr,0,main,0.987423468464564,37,20,217,14,50,5,39,0,1,1,Big_1080p_25fps_5s
76,1,p8x8,1,0.6295137611273145,2,0,1,9,29.58495568862226,4:4,spatial,0,51,0,dia,12,0,0,cbr,1,high,0.2321695784618771,42,5,117,3,60,6,12,0,1,2,Big_1080p_25fps_5s
668,1,p8x8,1,1.9106155106932128,2,0,1,9,29.58495568862226,4:4,spatial,0,51,0,dia,12,0,0,vbr,0,high,0.2321695784618771,27,5,117,3,60,6,12,0,0,2,Big_1080p_25fps_5s
668,1,p8x8,1,1.9106155106932128,0,0,1,9,29.58495568862226,4:4,spatial,0,51,0,dia,12,0,0,cbr,1,high,0.2321695784618771,45,5,117,3,60,6,12,0,1,2,Big_1080p_25fps_5s
668,1,p8x8,1,1.9106155106932128,2,0,1,9,29.58495568862226,4:4,spatial,0,51,0,dia,9,0,0,cbr,0,high,0.2321695784618771,27,13,215,3,60,6,12,2,0,2,Big_1080p_25fps_5s
76,0,p8x8,1,0.6295137611273145,2,0,1,9,29.58495568862226,4:4,spatial,0,51,1,dia,6,0,1,none,0,baseline,0.6493532546000097,48,12,108,3,4,1,27,0,0,2,Big_1080p_25fps_5s
76,1,p8x8,1,0.6295137611273145,2,0,1,9,29.58495568862226,4:4,spatial,0,51,1,dia,54,0,1,none,0,baseline,0.994820417908242,27,6,170,11,93,3,48,2,1,1,Big_1080p_25fps_5s
76,0,p8x8,1,0.6295137611273145,2,3,1,9,29.58495568862226,4:4,spatial,0,51,1,dia,54,0,1,none,0,baseline,0.6493532546000097,48,4,212,1,44,11,21,1,0,0,Big_1080p_25fps_5s
1992,1,p4x4,0,1.1605122648671369,2,14,1,11,12.48460094319834,5:5,auto,1,51,0,dia,54,0,1,none,0,baseline,0.6493532546000097,48,4,92,5,80,0,51,0,0,0,Standard_720p_60fps_5s
1992,1,p4x4,0,1.1605122648671369,2,14,1,11,11.363472242034335,5:5,auto,1,51,0,dia,50,0,1,none,0,baseline,0.6493532546000097,48,4,92,5,80,0,51,0,0,0,Standard_720p_60fps_5s
1992,1,p4x4,0,1.1605122648671369,2,14,1,11,11.363472242034335,5:5,auto,1,394,0,dia,50,0,1,none,0,baseline,0.6493532546000097,48,4,92,5,80,0,51,0,0,0,Standard_720p_60fps_5s
1370,1,p4x4,0,1.1605122648671369,2,14,1,11,12.48460094319834,5:5,auto,1,51,0,dia,54,0,1,vbr,0,baseline,0.6493532546000097,48,4,92,5,80,0,51,0,0,0,Standard_720p_60fps_5s
1430,0,p8x8,0,1.060684430209864,1,9,1,4,46.44373866411184,2:2,temporal,1,341,1,esa,16,1,1,vbr,0,high,0.905979788371953,50,17,218,13,9,0,17,2,1,2,Standard_720p_60fps_5s
1992,1,p4x4,0,1.1605122648671369,2,2,1,4,46.44373866411184,2:2,temporal,1,341,1,esa,16,1,1,vbr,1,high,0.905979788371953,50,17,218,13,9,0,17,2,1,2,Standard_720p_60fps_5s
1430,0,p8x8,0,1.88721758869408,1,9,1,4,46.44373866411184,2:2,temporal,1,341,2,esa,16,1,0,vbr,0,high,0.905979788371953,50,17,218,13,41,0,17,2,1,2,Standard_720p_60fps_5s
1430,1,p8x8,0,1.060684430209864,1,9,1,4,46.44373866411184,2:2,temporal,1,341,1,esa,16,1,1,vbr,0,high,0.905979788371953,50,17,218,13,9,0,17,2,0,2,Standard_720p_60fps_5s
1992,1,p4x4,3,1.1605122648671369,2,5,0,11,27.85922826208077,5:5,auto,1,51,0,dia,50,0,1,none,0,baseline,0.6493532546000097,48,4,92,5,80,0,51,0,0,0,Standard_720p_60fps_5s
1978,1,none,2,1.1605122648671369,0,2,1,11,12.48460094319834,4:-4,auto,0,396,0,esa,59,0,0,vbr,0,high,0.5201491432694769,44,12,150,9,10,3,0,1,0,2,Standard_720p_60fps_5s
1978,1,none,2,1.1605122648671369,0,2,1,11,43.59439026741264,-4:4,spatial,0,396,0,esa,59,0,0,vbr,0,high,0.0944772645797506,44,12,150,9,10,3,51,0,0,0,Standard_720p_60fps_5s
76,0,p8x8,1,0.6295137611273145,2,0,1,9,29.58495568862226,4:4,spatial,0,51,0,dia,54,0,1,none,0,baseline,0.6493532546000097,48,4,92,2,80,0,2,0,0,0,Standard_720p_60fps_5s
189,0,p4x4,0,1.1605122648671369,2,8,1,11,12.48460094319834,5:5,auto,0,51,0,dia,54,0,1,none,0,baseline,0.6493532546000097,44,12,150,13,10,0,0,0,0,2,Standard_720p_60fps_5s
953,1,p8x8,1,1.7355148617013056,0,11,1,12,24.64674788772241,5:-5,none,0,51,0,dia,54,0,1,none,0,baseline,0.6493532546000097,48,4,92,2,80,0,2,0,0,0,Standard_720p_60fps_5s
754,0,none,1,1.00244278330427,2,10,1,12,24.64674788772241,3:-3,none,0,70,2,esa,37,0,1,none,0,baseline,0.6493532546000097,48,4,92,5,80,0,51,0,0,0,Standard_720p_60fps_5s
1992,1,p4x4,0,1.1605122648671369,2,14,1,11,12.48460094319834,2:2,spatial,1,51,0,dia,54,0,1,none,0,baseline,0.834204026867644,48,4,6,2,80,0,2,1,0,0,Standard_720p_60fps_5s
76,0,p8x8,1,0.6295137611273145,2,0,1,9,29.58495568862226,4:4,none,0,51,0,dia,54,0,1,none,0,baseline,0.2633611247773718,48,4,92,5,80,0,51,2,0,0,Standard_720p_60fps_5s
1430,0,p8x8,0,1.060684430209864,1,9,1,11,11.363472242034335,-1:1,spatial,1,51,0,dia,50,1,1,none,0,main,0.6493532546000097,48,5,92,5,80,0,45,0,1,0,Standard_720p_60fps_5s
754,0,none,0,1.00244278330427,2,10,1,12,24.64674788772241,3:-3,none,0,70,2,esa,37,0,1,none,0,main,0.4028027822902993,48,4,92,5,80,0,51,0,0,0,Standard_720p_60fps_5s
754,0,none,1,1.00244278330427,2,10,1,12,20.885477252954807,3:-3,none,0,70,2,esa,37,0,1,none,0,baseline,0.6493532546000097,48,4,92,5,80,0,25,0,0,0,Standard_720p_60fps_5s
1281,0,p4x4,1,0.9787342352036792,0,14,0,9,45.725577216908825,6:6,spatial,0,101,1,tesa,33,1,1,vbr,0,main,0.3819765891155299,51,16,15,1,61,0,64,1,1,1,Action_1080p_60fps_20s
1293,0,p8x8,3,1.4077420044472024,0,9,0,2,19.03566571285177,-5:5,spatial,1,161,1,esa,11,0,1,vbr,1,high,0.7897720190647256,21,19,62,12,28,11,0,0,1,1,Action_1080p_60fps_20s
76,0,p8x8,1,0.6295137611273145,1,0,1,9,29.58495568862226,4:4,auto,0,51,0,dia,33,0,1,cbr,1,high,0.5492414733251918,27,13,209,6,35,2,0,0,1,1,Action_1080p_60fps_20s
1995,0,none,3,0.3284443511027788,2,9,1,1,39.24120553308132,-5:5,auto,1,10,4,tesa,27,0,0,vbr,0,high,0.4275400476539524,30,19,99,2,24,6,17,2,1,2,Action_1080p_60fps_20s
369,0,p4x4,1,1.5703900595993785,0,15,1,9,43.46587716433176,5:5,auto,1,107,1,dia,21,0,0,vbr,0,main,0.4667210518269197,31,3,107,2,38,0,25,1,0,2,Action_1080p_60fps_20s
1281,0,none,1,0.9787342352036792,0,14,0,9,45.725577216908825,6:6,temporal,1,227,0,dia,30,1,1,vbr,0,main,0.7052631467052223,47,7,188,7,18,3,47,1,1,1,Action_1080p_60fps_20s
1293,0,p4x4,3,0.7913140013777517,0,6,1,-9,31.656056235038367,-4:4,temporal,1,227,0,dia,30,1,1,vbr,0,main,0.7052631467052223,47,7,188,7,18,9,47,1,1,1,Action_1080p_60fps_20s
1322,1,"p8x8,b8x8,i8x8,i4x4",2,0.8491052042515285,1,3,0,-8,48.75732026276623,-1:1,none,0,482,1,hex,4,0,1,cbr,1,main,0.7296023908491549,28,2,16,6,29,1,2,0,1,0,Action_1080p_60fps_20s
2092,0,p4x4,1,0.468916412659975,1,8,1,-9,31.656056235038367,-4:4,spatial,0,101,2,hex,29,1,1,vbr,1,main,0.5351798148676273,51,8,140,1,61,0,5,2,1,2,Action_1080p_60fps_20s
1293,0,p4x4,3,1.4077420044472024,0,8,1,-9,31.656056235038367,-4:4,spatial,0,101,2,hex,29,1,1,vbr,1,main,0.5351798148676273,51,16,140,1,61,0,5,2,1,2,Action_1080p_60fps_20s
1293,0,p4x4,3,1.4077420044472024,0,6,1,-9,31.656056235038367,-4:4,spatial,0,101,1,hex,33,1,1,vbr,1,main,0.842117918375227,51,16,140,1,61,0,64,2,1,1,Action_1080p_60fps_20s
369,0,p4x4,1,0.468916412659975,1,8,0,-9,31.656056235038367,-4:4,spatial,0,101,2,hex,29,1,1,vbr,0,baseline,0.5351798148676273,51,5,6,1,61,2,5,2,1,2,Action_1080p_60fps_20s
1293,0,p4x4,3,1.4077420044472024,0,8,1,-9,31.656056235038367,-1:1,spatial,0,338,1,hex,33,1,1,vbr,0,main,0.842117918375227,51,16,140,1,61,0,64,2,1,1,Action_1080p_60fps_20s
1322,1,"p8x8,b8x8,i8x8,i4x4",2,0.8491052042515285,1,3,1,9,43.46587716433176,5:5,auto,1,107,0,dia,21,0,0,vbr,0,main,0.0649659394447945,31,3,107,7,38,0,25,1,0,2,Action_1080p_60fps_20s
1322,1,"p8x8,b8x8,i8x8,i4x4",1,0.8491052042515285,1,3,1,7,43.46587716433176,5:5,auto,1,50,0,dia,21,0,0,vbr,0,main,0.0649659394447945,31,3,107,7,38,0,25,1,0,2,Action_1080p_60fps_20s
76,0,p8x8,1,0.6295137611273145,2,0,1,9,29.58495568862226,4:4,spatial,0,51,0,dia,54,0,1,none,0,baseline,0.6493532546000097,48,4,92,2,80,0,2,0,0,0,Action_1080p_60fps_20s
76,0,p8x8,3,0.6295137611273145,2,0,1,9,29.58495568862226,4:4,spatial,0,51,0,dia,54,0,1,none,0,baseline,0.6493532546000097,48,4,92,2,80,0,11,1,1,1,Action_1080p_60fps_20s
126,0,p4x4,2,1.4692445133668894,1,0,1,-11,29.48903521464648,-6:6,temporal,1,369,2,umh,60,0,1,none,0,baseline,0.6493532546000097,48,2,92,2,80,0,2,0,0,0,Action_1080p_60fps_20s
1281,0,none,0,0.9787342352036792,0,14,0,9,45.725577216908825,6:6,temporal,1,227,0,hex,19,1,1,vbr,0,main,0.7052631467052223,47,7,188,7,18,3,47,1,1,1,Action_1080p_60fps_20s
369,0,p8x8,1,1.7859618789512617,2,10,1,10,5.443012662908937,-1:1,none,0,482,4,hex,4,1,1,cbr,1,main,0.7296023908491549,28,2,16,6,29,1,11,1,1,1,Action_1080p_60fps_20s
370,0,p8x8,2,0.955156668830312,2,3,0,6,43.66582766566449,-2:2,temporal,0,415,3,tesa,29,0,0,none,1,baseline,0.1057329725397425,20,13,250,3,47,10,54,0,0,0,Standard_480p_30fps_10s
1896,0,none,1,1.2732014738287774,0,14,0,-4,29.649008445675488,6:-6,auto,1,131,4,umh,4,1,0,cbr,1,main,0.0614452896025362,50,14,82,5,19,5,9,1,1,0,Standard_480p_30fps_10s
1896,1,none,3,0.9545401417867104,0,13,1,-5,11.817946525232552,-6:6,spatial,0,77,2,esa,12,0,0,vbr,1,high,0.6493532546000097,32,4,92,2,80,0,2,0,1,1,Standard_480p_30fps_10s
76,1,none,0,0.9545401417867104,0,13,1,-5,8.318494066853779,-3:3,spatial,0,77,2,tesa,12,0,0,none,1,high,0.6493532546000097,32,4,92,1,80,0,2,0,0,0,Standard_480p_30fps_10s
1371,0,none,0,0.7594583716082344,0,13,1,-5,8.318494066853779,-3:3,spatial,0,77,3,tesa,12,0,0,vbr,1,high,0.6493532546000097,32,19,92,2,80,0,2,0,0,0,Standard_480p_30fps_10s
1371,0,none,0,0.9545401417867104,0,13,0,-5,8.318494066853779,-6:6,spatial,0,478,2,tesa,48,0,0,vbr,1,high,0.8535373528489443,50,4,212,2,44,0,21,1,0,0,Standard_480p_30fps_10s
1371,1,none,0,0.9545401417867104,0,13,0,6,8.318494066853779,-6:6,spatial,0,77,2,tesa,18,0,0,vbr,1,baseline,0.8535373528489443,45,2,212,1,66,1,27,0,0,2,Standard_480p_30fps_10s
1371,0,none,0,0.9545401417867104,0,13,1,-5,8.318494066853779,-3:3,spatial,0,77,2,tesa,12,0,0,vbr,1,high,0.6493532546000097,32,4,92,2,80,0,2,0,0,1,Standard_480p_30fps_10s
1371,1,none,0,0.9545401417867104,0,13,0,6,8.318494066853779,-6:6,spatial,0,77,2,tesa,18,0,0,vbr,1,high,0.8535373528489443,45,2,212,1,4,1,27,0,0,2,Standard_480p_30fps_10s
1371,0,none,0,0.7594583716082344,0,13,0,-5,8.318494066853779,-6:6,spatial,0,478,2,tesa,48,0,0,vbr,1,high,0.8535373528489443,50,4,212,1,44,11,21,1,0,0,Standard_480p_30fps_10s
1371,0,none,0,0.9545401417867104,0,13,0,-5,8.318494066853779,-6:6,spatial,0,77,2,tesa,18,0,0,vbr,1,high,0.8535373528489443,45,2,212,1,44,11,21,2,0,0,Standard_480p_30fps_10s
76,0,none,0,0.9545401417867104,0,13,0,-5,8.318494066853779,-6:6,spatial,0,478,2,tesa,48,0,0,vbr,1,high,0.8535373528489443,50,4,99,2,44,0,21,1,0,0,Standard_480p_30fps_10s
763,0,none,0,0.9545401417867104,0,13,0,-5,8.318494066853779,-6:6,spatial,0,478,2,tesa,48,0,0,vbr,1,high,0.8535373528489443,50,4,212,10,44,0,21,1,0,0,Standard_480p_30fps_10s
1190,0,none,0,0.9545401417867104,0,13,0,6,8.318494066853779,-6:6,none,0,77,2,tesa,18,0,0,vbr,1,high,0.8535373528489443,45,2,212,1,4,1,27,0,0,2,Standard_480p_30fps_10s
1371,0,none,0,0.9545401417867104,0,0,0,-5,8.318494066853779,-6:6,spatial,0,478,2,tesa,48,0,0,vbr,1,baseline,0.8535373528489443,48,2,229,1,66,1,27,0,0,2,Standard_480p_30fps_10s
1371,0,none,0,0.9545401417867104,1,13,0,-5,8.318494066853779,-3:3,spatial,0,77,3,tesa,12,0,0,cbr,1,high,0.6493532546000097,32,19,92,2,80,0,2,0,0,0,Standard_480p_30fps_10s
1896,1,none,1,1.2732014738287774,0,14,0,6,8.318494066853779,-6:6,spatial,0,77,2,tesa,18,0,0,vbr,1,baseline,0.8535373528489443,49,2,212,1,66,1,27,0,0,2,Standard_480p_30fps_10s
76,0,none,0,0.9545401417867104,0,13,1,-5,11.817946525232552,-6:6,spatial,0,77,2,tesa,12,0,0,vbr,1,high,0.6493532546000097,32,4,92,2,80,0,2,0,0,1,Standard_480p_30fps_10s
1371,0,none,0,0.7594583716082344,0,13,1,-4,8.318494066853779,-3:3,spatial,0,132,3,tesa,12,0,0,none,1,high,0.6493532546000097,32,19,92,2,44,0,21,0,0,0,Standard_480p_30fps_10s
76,0,none,0,0.9545401417867104,0,13,0,-5,8.318494066853779,-6:6,spatial,0,478,2,tesa,48,1,0,vbr,1,baseline,0.8535373528489443,50,4,99,12,80,0,2,0,0,0,Standard_480p_30fps_10s
2274,1,none,1,1.001223354873627,2,8,1,10,38.218844769835776,6:6,auto,1,182,4,dia,16,1,1,vbr,1,baseline,0.605992290478713,42,19,168,6,63,6,20,0,0,1,Action_480p_25fps_5s
2274,1,none,1,1.001223354873627,2,8,1,10,38.218844769835776,6:6,auto,1,182,4,dia,16,1,1,vbr,0,baseline,0.605992290478713,42,19,168,6,63,1,20,0,0,1,Action_480p_25fps_5s
2274,1,none,1,1.001223354873627,2,8,1,10,38.218844769835776,6:6,auto,1,182,4,dia,16,1,1,vbr,0,baseline,0.605992290478713,42,19,168,6,63,1,20,0,0,0,Action_480p_25fps_5s
1165,1,"p8x8,b8x8,i8x8,i4x4",1,1.0029606651469845,0,3,1,-12,48.98979055395992,6:6,none,1,477,2,hex,59,1,1,none,0,high,0.2087841512121739,43,14,161,16,33,0,12,2,0,0,Action_480p_25fps_5s
1975,1,p4x4,1,1.1482100254968974,0,13,1,2,19.540193167953056,2:-2,temporal,0,214,1,hex,64,0,0,cbr,0,high,0.4871422078937776,29,19,82,4,44,1,23,0,0,0,Action_480p_25fps_5s
1975,1,p4x4,1,1.1482100254968974,0,13,1,2,22.699859932403456,2:-2,temporal,0,214,1,hex,64,0,1,cbr,0,high,0.4871422078937776,29,19,69,4,44,1,23,0,0,0,Action_480p_25fps_5s
2274,1,none,3,1.842223681740622,1,6,1,0,28.66708322832104,3:-3,spatial,0,1,2,hex,35,1,1,none,0,high,0.7115318652062415,24,5,160,2,31,4,26,0,0,2,Action_480p_25fps_5s
346,0,p4x4,0,1.1482100254968974,0,13,1,2,19.540193167953056,2:-2,temporal,0,214,1,hex,64,0,1,cbr,0,high,0.4871422078937776,29,19,69,4,44,1,23,1,0,0,Action_480p_25fps_5s
346,0,p4x4,0,1.1482100254968974,0,13,1,2,19.540193167953056,2:-2,temporal,0,10,1,hex,64,0,0,cbr,0,high,0.4871422078937776,38,19,82,10,88,1,23,0,0,0,Action_480p_25fps_5s
76,0,p8x8,1,0.6295137611273145,2,0,1,9,29.58495568862226,4:4,spatial,0,51,0,dia,54,0,1,none,0,baseline,0.6493532546000097,48,4,92,2,80,0,2,0,0,0,Action_480p_25fps_5s
2274,1,none,1,0.6295137611273145,2,14,1,9,29.58495568862226,4:4,spatial,0,321,0,dia,54,0,1,none,0,baseline,0.6493532546000097,48,20,92,2,80,0,2,0,0,0,Action_480p_25fps_5s
1109,1,all,0,0.8209716805448434,2,4,1,9,29.58495568862226,4:4,spatial,0,51,0,dia,54,0,0,vbr,0,baseline,0.6493532546000097,48,4,92,2,80,0,2,0,1,0,Action_480p_25fps_5s
346,0,none,1,0.6295137611273145,2,14,1,9,29.58495568862226,4:4,spatial,0,321,0,dia,54,0,1,cbr,0,baseline,0.6493532546000097,34,20,92,2,80,0,2,0,0,0,Action_480p_25fps_5s
346,0,p4x4,0,0.816012213059228,2,6,1,9,29.58495568862226,4:4,spatial,0,51,0,dia,54,0,0,vbr,1,baseline,0.6493532546000097,48,4,92,2,80,0,2,0,1,0,Action_480p_25fps_5s
1109,1,all,0,0.8209716805448434,2,4,1,9,29.58495568862226,4:4,spatial,0,51,0,dia,54,0,0,vbr,0,baseline,0.6493532546000097,48,0,92,2,80,8,2,0,0,1,Action_480p_25fps_5s
1109,1,all,0,1.4013350807508629,2,4,1,9,29.58495568862226,4:4,auto,0,51,2,dia,54,1,0,vbr,0,baseline,0.6493532546000097,48,4,92,2,80,0,2,0,0,0,Action_480p_25fps_5s
2274,1,none,1,0.6295137611273145,2,14,1,9,29.58495568862226,4:4,spatial,0,321,0,dia,54,0,1,none,0,main,0.6493532546000097,33,20,222,2,80,0,2,0,1,0,Action_480p_25fps_5s
76,0,p8x8,1,0.9857020368465448,1,9,1,9,29.58495568862226,4:4,spatial,0,51,0,dia,22,0,1,none,0,baseline,0.6493532546000097,48,4,12,2,80,0,2,0,0,0,Action_480p_25fps_5s
1109,1,all,0,0.6295137611273145,2,0,1,9,29.58495568862226,4:4,spatial,1,51,0,umh,54,0,1,none,0,baseline,0.6493532546000097,48,4,92,2,82,0,2,0,0,0,Action_480p_25fps_5s
381,0,p8x8,1,1.4013350807508629,2,4,0,9,29.58495568862226,4:4,auto,0,51,2,dia,54,1,0,vbr,0,high,0.6493532546000097,48,4,92,2,80,0,2,0,0,0,Action_480p_25fps_5s
2192,1,p4x4,3,0.6295137611273145,2,8,1,-8,34.94113631934421,-4:4,temporal,0,234,3,hex,54,1,0,none,0,baseline,0.7214316074693485,25,16,141,7,7,0,0,1,1,2,Action_480p_30fps_10s
2355,1,p4x4,3,0.6295137611273145,1,0,0,5,37.28746632608682,4:4,spatial,1,51,4,hex,33,0,1,none,1,high,0.2374952707397156,48,4,92,2,81,1,24,0,1,2,Action_480p_30fps_10s
2192,1,p4x4,2,0.6295137611273145,0,0,0,5,49.376471962682494,4:4,spatial,1,51,0,dia,54,0,0,cbr,1,baseline,0.5499795828533962,24,16,38,2,87,5,55,1,0,0,Action_480p_30fps_10s
2192,1,p4x4,3,0.6295137611273145,2,0,1,5,49.376471962682494,4:4,spatial,1,259,4,dia,54,0,1,none,1,baseline,0.6493532546000097,48,4,92,2,40,1,24,2,1,2,Action_480p_30fps_10s
76,0,none,1,0.6295137611273145,2,8,0,-8,29.58495568862226,-4:4,temporal,0,234,3,hex,54,0,0,none,0,baseline,0.7214316074693485,25,16,141,7,7,3,0,1,1,2,Action_480p_30fps_10s
2192,0,p4x4,2,0.6295137611273145,1,12,0,-2,44.35005467924061,6:6,temporal,1,70,3,hex,31,0,0,cbr,1,baseline,0.6493532546000097,48,4,92,2,70,1,38,2,1,2,Action_480p_30fps_10s
2192,1,p4x4,3,0.6295137611273145,2,0,0,9,49.376471962682494,4:4,spatial,1,51,0,dia,54,0,1,none,1,baseline,0.6493532546000097,21,4,92,2,81,10,49,2,0,1,Action_480p_30fps_10s
2192,1,p4x4,3,0.6295137611273145,2,0,1,5,49.376471962682494,4:4,temporal,1,24,4,dia,54,0,1,none,1,baseline,0.6493532546000097,21,4,92,2,81,10,49,2,0,1,Action_480p_30fps_10s
2355,1,p4x4,2,1.61990335132246,1,0,0,5,49.376471962682494,4:4,auto,1,51,3,hex,54,1,0,none,0,baseline,0.7214316074693485,25,16,179,7,7,0,37,1,1,2,Action_480p_30fps_10s
2355,1,p4x4,2,0.6295137611273145,1,0,0,5,49.376471962682494,4:4,spatial,1,51,0,dia,54,0,0,vbr,1,main,0.5619192632383668,30,18,240,11,31,0,52,0,0,1,Action_480p_30fps_10s
968,1,p4x4,2,0.6295137611273145,0,0,0,5,49.376471962682494,4:4,spatial,1,51,0,dia,26,0,0,vbr,1,baseline,0.5499795828533962,24,16,38,2,87,5,55,1,0,0,Action_480p_30fps_10s
2192,1,p4x4,3,0.8216458958528231,2,0,0,9,49.376471962682494,4:4,spatial,1,51,0,dia,21,0,1,vbr,1,baseline,0.6493532546000097,48,4,92,2,81,1,24,2,1,1,Action_480p_30fps_10s
2355,1,p4x4,2,0.6295137611273145,1,0,0,5,49.376471962682494,4:4,spatial,1,51,0,dia,54,0,1,cbr,1,baseline,0.6493532546000097,48,4,92,2,81,1,24,2,1,2,Action_480p_30fps_10s
2192,1,p4x4,3,0.6295137611273145,2,0,0,9,49.376471962682494,4:4,spatial,1,51,0,dia,54,0,1,none,1,baseline,0.6493532546000097,48,4,92,2,81,10,49,2,1,1,Action_480p_30fps_10s
2192,1,p4x4,3,0.6295137611273145,2,0,0,5,21.423975879912216,4:4,spatial,1,51,0,dia,54,0,1,none,1,baseline,0.6493532546000097,48,4,92,2,81,1,24,0,1,1,Action_480p_30fps_10s
2355,1,p4x4,3,0.6295137611273145,2,0,0,5,49.376471962682494,4:4,spatial,1,51,0,dia,54,0,1,cbr,1,baseline,0.6493532546000097,48,4,92,2,81,1,24,0,1,2,Action_480p_30fps_10s
2192,1,p4x4,3,0.8216458958528231,2,0,0,9,49.376471962682494,4:4,spatial,1,51,0,dia,21,0,1,vbr,1,baseline,0.6493532546000097,48,14,148,8,12,4,37,0,1,2,Action_480p_30fps_10s
968,1,p4x4,3,0.6295137611273145,2,0,0,5,49.376471962682494,4:4,spatial,1,259,0,dia,54,0,1,none,1,baseline,0.6493532546000097,48,4,92,2,40,1,24,2,1,2,Action_480p_30fps_10s
2192,1,p4x4,3,0.6295137611273145,2,0,0,5,49.376471962682494,4:4,spatial,1,51,0,dia,54,0,1,none,1,baseline,0.6493532546000097,48,4,92,2,81,1,24,2,1,2,Action_480p_30fps_10s
2192,1,p4x4,3,0.6295137611273145,2,0,0,9,49.376471962682494,4:4,spatial,1,51,0,dia,54,0,1,none,1,baseline,0.6493532546000097,48,4,92,2,81,10,24,2,1,2,Action_480p_30fps_10s
1927,1,"p8x8,b8x8,i8x8,i4x4",1,1.352312941070984,0,7,0,10,29.061651134874865,5:-5,temporal,0,242,0,hex,51,1,0,cbr,1,high,0.2002510854560951,42,17,37,2,68,11,8,0,0,1,Big_720p_60fps_15s
1927,1,"p8x8,b8x8,i8x8,i4x4",1,1.352312941070984,0,11,0,10,29.061651134874865,5:-5,temporal,1,242,0,hex,14,1,0,cbr,1,main,0.2002510854560951,51,13,245,1,67,7,50,0,0,0,Big_720p_60fps_15s
1927,1,"p8x8,b8x8,i8x8,i4x4",1,1.352312941070984,0,11,0,10,29.061651134874865,5:-5,temporal,1,242,0,hex,14,0,0,cbr,1,main,0.2002510854560951,42,17,37,1,5,11,8,0,0,1,Big_720p_60fps_15s
68,1,none,1,1.51704193462831,0,8,0,-12,8.708858188528119,-3:3,spatial,1,311,1,dia,13,1,1,cbr,1,main,0.938326367437642,29,1,168,2,79,7,15,0,0,2,Big_720p_60fps_15s
1494,0,p4x4,3,0.024542082593528,0,2,0,-4,3.029065190773661,5:-5,spatial,0,242,1,hex,10,1,0,cbr,1,high,0.2002510854560951,51,17,37,2,68,11,8,0,0,1,Big_720p_60fps_15s
696,0,p4x4,1,1.834206527900572,1,2,0,-4,21.613910250833587,5:-5,none,0,294,2,hex,48,0,0,cbr,0,main,0.138823562735506,51,13,245,1,67,7,50,0,0,0,Big_720p_60fps_15s
1494,0,p4x4,1,1.834206527900572,0,2,0,-4,3.029065190773661,5:-5,spatial,0,303,4,umh,4,0,0,vbr,1,high,0.7729574923383337,45,6,140,1,89,3,32,0,0,0,Big_720p_60fps_15s
696,0,p4x4,1,1.834206527900572,1,2,0,-4,21.613910250833587,5:-5,spatial,0,303,4,umh,4,0,0,vbr,1,high,0.7729574923383337,45,6,140,1,89,3,32,0,0,0,Big_720p_60fps_15s
2152,1,"p8x8,b8x8,i8x8,i4x4",2,0.4068796369042392,0,3,1,4,3.1855783144392467,5:-5,spatial,0,303,4,umh,4,0,0,none,1,high,0.7729574923383337,45,6,140,1,89,3,32,0,0,0,Big_720p_60fps_15s
1927,1,"p8x8,b8x8,i8x8,i4x4",1,1.352312941070984,0,7,0,10,29.061651134874865,5:-5,temporal,0,303,4,esa,4,0,0,none,1,high,0.7729574923383337,45,6,175,1,89,3,32,0,0,0,Big_720p_60fps_15s
1494,0,none,1,1.834206527900572,0,2,0,-4,3.029065190773661,5:-5,spatial,0,303,4,umh,4,1,0,vbr,1,high,0.7729574923383337,45,6,140,1,89,3,25,0,0,1,Big_720p_60fps_15s
1494,0,p4x4,1,1.834206527900572,1,2,0,-4,3.029065190773661,5:-5,spatial,0,303,4,umh,35,0,0,vbr,1,high,0.7729574923383337,45,6,221,1,89,3,32,0,0,0,Big_720p_60fps_15s
1494,0,p4x4,1,1.834206527900572,0,2,0,-4,3.029065190773661,5:-5,spatial,0,303,4,umh,28,0,0,vbr,1,main,0.7729574923383337,42,6,245,1,67,7,50,0,0,2,Big_720p_60fps_15s
1494,0,p4x4,1,1.834206527900572,0,2,0,-4,3.029065190773661,5:-5,spatial,0,303,4,umh,4,0,0,vbr,1,high,0.7729574923383337,45,10,191,1,89,3,32,0,0,0,Big_720p_60fps_15s
696,0,p4x4,1,1.834206527900572,1,2,0,-4,21.613910250833587,5:-5,spatial,0,303,4,umh,4,0,0,vbr,0,high,0.7729574923383337,45,6,140,1,89,3,32,2,0,0,Big_720p_60fps_15s
696,1,p4x4,1,1.834206527900572,1,5,0,-4,21.613910250833587,3:-3,spatial,0,303,4,umh,4,0,0,vbr,1,high,0.7729574923383337,45,6,140,1,89,6,60,0,0,1,Big_720p_60fps_15s
1355,1,p8x8,2,1.1252003918249436,1,5,1,-1,25.59405275656687,3:-3,spatial,0,313,4,umh,4,0,0,vbr,1,high,0.7729574923383337,45,3,140,1,89,3,32,0,0,0,Big_720p_60fps_15s
1642,0,none,0,1.9699072351269464,1,10,0,5,8.318494066853779,-1:1,none,0,303,4,umh,35,0,1,vbr,1,main,0.7729574923383337,45,6,140,1,89,6,32,0,0,0,Big_720p_60fps_15s
1494,0,p4x4,1,1.834206527900572,0,8,0,-4,3.029065190773661,5:-5,spatial,0,303,4,umh,4,0,0,cbr,1,main,0.938326367437642,29,1,168,2,79,7,15,0,0,2,Big_720p_60fps_15s
696,0,p4x4,1,1.834206527900572,0,2,0,-4,21.613910250833587,5:-5,temporal,1,134,4,esa,4,0,0,none,1,high,0.7729574923383337,45,6,175,3,89,3,32,0,0,0,Big_720p_60fps_15s
1692,1,p4x4,0,0.1752806789959263,1,8,0,-10,49.02460540915592,-4:4,temporal,0,221,4,hex,42,0,0,none,1,main,0.7638959016050976,26,4,185,4,15,4,53,0,0,2,Big_1080p_25fps_10s
1692,1,p4x4,0,0.1752806789959263,1,8,0,-10,26.15038190984493,-4:4,temporal,0,221,4,hex,42,0,1,vbr,1,main,0.7638959016050976,26,0,185,5,87,4,53,2,0,2,Big_1080p_25fps_10s
2063,1,p8x8,1,0.3941451517086615,1,2,0,9,27.784238606416043,6:6,auto,0,221,4,hex,42,0,1,none,1,main,0.7638959016050976,26,4,185,4,87,4,53,2,0,2,Big_1080p_25fps_10s
1692,1,p4x4,3,0.1752806789959263,1,8,0,-10,26.15038190984493,-4:4,temporal,0,221,4,hex,42,0,1,vbr,1,main,0.7638959016050976,26,4,185,4,87,4,53,2,0,2,Big_1080p_25fps_10s
1734,1,p8x8,1,0.3941451517086615,1,2,0,9,23.012084867604496,6:6,auto,0,89,4,hex,42,0,1,none,1,main,0.7638959016050976,26,0,185,5,87,4,53,2,0,2,Big_1080p_25fps_10s
2290,1,"p8x8,b8x8,i8x8,i4x4",3,1.506516628113297,1,2,1,2,36.22494193202382,1:-1,none,0,354,4,dia,49,0,1,vbr,1,high,0.1779546679981341,51,17,85,9,23,2,27,0,0,1,Big_1080p_25fps_10s
2290,1,"p8x8,b8x8,i8x8,i4x4",3,1.506516628113297,1,2,0,2,36.22494193202382,1:-1,auto,0,354,4,dia,49,0,1,vbr,0,high,0.9125664852815564,51,3,185,4,87,4,53,0,0,2,Big_1080p_25fps_10s
2290,1,"p8x8,b8x8,i8x8,i4x4",1,1.506516628113297,1,2,0,2,42.12385146123028,-6:6,auto,0,354,4,dia,49,0,1,none,0,high,0.1779546679981341,48,1,137,11,91,2,35,0,1,0,Big_1080p_25fps_10s
2290,0,"p8x8,b8x8,i8x8,i4x4",0,0.8848789024034137,1,2,0,4,36.22494193202382,1:-1,auto,0,354,3,dia,49,0,1,cbr,0,high,0.1779546679981341,44,12,137,11,54,2,34,2,0,2,Big_1080p_25fps_10s
2290,1,"p8x8,b8x8,i8x8,i4x4",2,0.8848789024034137,1,2,0,4,36.22494193202382,1:-1,auto,0,354,3,dia,49,0,1,vbr,0,high,0.1779546679981341,51,1,137,11,54,2,34,2,0,2,Big_1080p_25fps_10s
2290,0,"p8x8,b8x8,i8x8,i4x4",1,1.506516628113297,1,2,0,2,42.12385146123028,-6:6,auto,0,354,4,dia,49,0,1,none,0,high,0.1779546679981341,48,1,137,11,54,2,35,0,1,0,Big_1080p_25fps_10s
2290,1,"p8x8,b8x8,i8x8,i4x4",3,1.506516628113297,1,2,0,2,36.22494193202382,1:-1,auto,0,354,4,dia,49,0,1,vbr,0,high,0.1779546679981341,51,1,137,11,54,2,34,0,1,0,Big_1080p_25fps_10s
2290,1,"p8x8,b8x8,i8x8,i4x4",2,0.8848789024034137,1,2,0,4,36.22494193202382,1:-1,auto,1,96,3,dia,49,0,1,vbr,0,main,0.1779546679981341,51,2,221,3,72,8,54,2,0,2,Big_1080p_25fps_10s
2290,1,"p8x8,b8x8,i8x8,i4x4",3,1.506516628113297,1,2,0,2,36.22494193202382,1:-1,temporal,0,6,4,dia,49,0,1,vbr,0,high,0.9125664852815564,51,3,185,12,87,4,53,0,0,2,Big_1080p_25fps_10s
2290,1,"p8x8,b8x8,i8x8,i4x4",3,1.506516628113297,2,2,0,2,36.22494193202382,5:-5,spatial,1,354,0,dia,15,1,1,vbr,0,high,0.1779546679981341,39,1,137,11,54,2,34,0,1,0,Big_1080p_25fps_10s
2290,0,"p8x8,b8x8,i8x8,i4x4",1,1.506516628113297,1,2,0,2,42.12385146123028,-6:6,auto,0,354,4,dia,49,0,1,none,0,high,0.1779546679981341,48,1,137,11,54,2,35,1,1,0,Big_1080p_25fps_10s
2290,1,"p8x8,b8x8,i8x8,i4x4",1,1.506516628113297,1,2,0,2,42.12385146123028,-6:6,auto,0,354,4,dia,49,0,1,none,0,high,0.1779546679981341,48,1,137,11,54,2,35,0,1,0,Big_1080p_25fps_10s
1692,1,"p8x8,b8x8,i8x8,i4x4",2,0.8848789024034137,2,2,0,4,36.22494193202382,1:-1,auto,0,354,4,umh,49,0,1,vbr,0,high,0.1779546679981341,51,1,137,11,54,2,34,2,0,2,Big_1080p_25fps_10s
2290,1,"p8x8,b8x8,i8x8,i4x4",2,0.8848789024034137,2,2,0,4,36.22494193202382,1:-1,auto,0,354,3,dia,49,0,1,vbr,0,high,0.1779546679981341,31,1,137,11,54,2,34,2,0,2,Big_1080p_25fps_10s
2290,1,none,2,0.8848789024034137,1,2,1,4,36.22494193202382,5:5,auto,0,354,3,dia,49,0,1,vbr,0,high,0.1779546679981341,51,1,137,11,2,2,34,2,0,2,Big_1080p_25fps_10s
544,0,none,2,1.075588501544093,0,11,0,-2,10.854503454180769,5:5,none,0,34,0,dia,59,0,0,vbr,1,main,0.9125664852815564,37,10,120,2,23,4,16,1,0,0,Action_1080p_25fps_10s
544,0,none,2,1.075588501544093,1,11,0,-2,10.854503454180769,5:5,none,0,34,0,dia,59,0,0,vbr,1,main,0.9125664852815564,37,10,120,2,23,4,16,1,0,0,Action_1080p_25fps_10s
674,1,none,1,1.47977715338429,1,12,0,-7,32.38138537942932,6:6,temporal,1,339,1,tesa,10,1,0,vbr,1,baseline,0.0530570036493729,35,14,119,5,94,0,6,0,0,1,Action_1080p_25fps_10s
694,0,all,3,1.3614877038194242,0,9,1,5,23.012084867604496,-2:2,auto,0,289,3,umh,21,0,1,vbr,1,main,0.6564114589898017,46,6,30,16,32,1,15,2,1,2,Action_1080p_25fps_10s
246,0,all,0,0.2203525986951936,0,9,1,5,23.012084867604496,-2:2,auto,0,289,1,umh,21,0,0,vbr,1,main,0.6564114589898017,46,6,30,16,94,0,6,0,0,1,Action_1080p_25fps_10s
694,0,all,0,1.5429407499260708,0,9,1,5,23.012084867604496,-2:2,auto,0,289,3,umh,21,0,1,vbr,1,main,0.6564114589898017,46,6,30,16,94,0,6,0,0,1,Action_1080p_25fps_10s
544,0,none,0,1.075588501544093,0,11,1,-2,10.854503454180769,5:5,none,0,34,3,umh,21,0,0,vbr,1,main,0.6564114589898017,46,6,30,16,94,0,6,0,1,1,Action_1080p_25fps_10s
674,1,none,1,1.47977715338429,1,12,0,-7,34.39312855686856,6:6,temporal,0,472,0,tesa,10,1,1,vbr,1,baseline,0.0530570036493729,41,14,119,5,32,1,15,2,1,2,Action_1080p_25fps_10s
674,1,none,1,1.47977715338429,1,12,0,-7,34.39312855686856,6:6,temporal,0,238,0,tesa,10,1,1,vbr,1,baseline,0.0530570036493729,41,14,119,5,32,1,15,2,1,0,Action_1080p_25fps_10s
971,0,none,2,0.65420135482822,2,11,0,-2,10.854503454180769,5:5,none,0,51,0,dia,54,1,1,none,0,main,0.6493532546000097,48,13,202,2,9,0,2,1,0,0,Action_1080p_25fps_10s
1250,0,none,2,1.075588501544093,0,11,0,-2,10.854503454180769,5:5,none,0,155,0,dia,54,0,0,none,0,baseline,0.6493532546000097,48,4,110,16,80,0,2,0,0,0,Action_1080p_25fps_10s
544,0,none,2,1.075588501544093,0,11,0,-2,10.854503454180769,5:5,none,1,34,0,dia,59,0,1,none,1,main,0.9125664852815564,37,10,120,2,23,4,16,1,0,0,Action_1080p_25fps_10s
1741,1,none,1,1.47977715338429,1,12,0,-7,34.39312855686856,6:6,none,0,441,0,tesa,16,1,0,vbr,0,high,0.905979788371953,50,17,218,13,9,0,17,2,1,2,Action_1080p_25fps_10s
76,0,p8x8,1,0.6295137611273145,2,0,1,9,29.58495568862226,4:4,spatial,0,51,0,dia,54,0,1,none,0,baseline,0.6493532546000097,48,4,92,2,80,0,2,0,0,0,Action_1080p_25fps_10s
76,0,p8x8,1,0.6295137611273145,2,0,1,-11,29.58495568862226,4:4,spatial,0,51,0,dia,54,0,1,none,0,baseline,0.6493532546000097,48,0,92,2,80,0,2,0,0,0,Action_1080p_25fps_10s
76,0,p8x8,1,0.6295137611273145,1,0,1,9,29.58495568862226,-1:1,spatial,0,34,0,dia,59,0,0,vbr,1,main,0.1697681824111739,37,10,123,2,23,4,16,1,0,0,Action_1080p_25fps_10s
1443,0,p4x4,1,0.6295137611273145,0,0,1,-11,29.58495568862226,4:4,spatial,0,51,0,dia,54,0,1,none,0,high,0.6493532546000097,48,0,92,2,76,0,2,0,0,0,Action_1080p_25fps_10s
76,0,p4x4,1,0.277859337136454,2,0,1,-11,29.58495568862226,4:4,spatial,0,51,0,dia,54,0,1,none,0,baseline,0.6493532546000097,48,0,92,16,94,0,6,0,0,1,Action_1080p_25fps_10s
76,0,p8x8,1,0.6295137611273145,2,0,1,9,29.58495568862226,4:4,spatial,0,51,0,dia,54,0,0,vbr,0,baseline,0.8223791384887897,38,2,184,2,10,11,61,0,1,0,Action_1080p_25fps_10s
544,1,none,2,0.3108999750712923,0,11,0,-2,10.854503454180769,1:-1,none,0,34,0,dia,54,0,1,none,0,baseline,0.6493532546000097,48,4,231,5,80,0,2,0,0,0,Action_1080p_25fps_10s
981,1,p8x8,2,0.1576417238898509,1,14,1,-10,30.05254871618225,4:-4,temporal,0,453,2,umh,27,0,1,none,0,high,0.6372828559364112,47,12,34,5,43,1,64,1,0,2,Action_480p_25fps_20s
84,1,"p8x8,b8x8,i8x8,i4x4",2,1.6822079922260096,0,4,1,-5,34.02832446586254,5:-5,auto,1,409,0,dia,47,0,1,cbr,0,baseline,0.3451715174080603,44,7,147,6,71,8,49,0,1,2,Action_480p_25fps_20s
1427,0,"p8x8,b8x8,i8x8,i4x4",1,1.00244278330427,1,4,0,-12,34.02832446586254,5:5,auto,0,116,0,dia,47,0,1,vbr,0,high,0.209041155276022,44,7,147,2,71,8,49,0,1,0,Action_480p_25fps_20s
827,1,none,2,1.2937566745458988,1,4,1,-4,34.02832446586254,5:-5,auto,1,116,0,dia,7,0,0,vbr,0,baseline,0.741091758901064,47,15,24,2,80,0,2,0,1,0,Action_480p_25fps_20s
2177,0,"p8x8,b8x8,i8x8,i4x4",0,1.1116683310749098,1,5,0,-1,35.63424828804262,1:-1,temporal,1,128,3,dia,39,0,1,vbr,1,high,0.334900129455401,24,9,34,7,31,1,57,1,0,0,Action_480p_25fps_20s
2177,0,"p8x8,b8x8,i8x8,i4x4",2,1.1116683310749098,1,5,0,-1,35.63424828804262,1:-1,temporal,1,128,3,dia,5,0,1,vbr,1,main,0.334900129455401,24,2,92,2,80,0,50,1,1,2,Action_480p_25fps_20s
2177,1,"p8x8,b8x8,i8x8,i4x4",0,1.1116683310749098,1,5,0,-1,35.63424828804262,1:-1,temporal,1,128,3,dia,39,0,0,vbr,1,main,0.5130196250298857,24,9,34,7,31,1,57,1,0,0,Action_480p_25fps_20s
1025,0,"p8x8,b8x8,i8x8,i4x4",2,1.6822079922260096,0,4,1,-5,34.02832446586254,5:-5,auto,1,116,0,dia,7,0,0,vbr,0,baseline,0.741091758901064,47,12,24,9,6,6,36,1,1,1,Action_480p_25fps_20s
1025,0,"p8x8,b8x8,i8x8,i4x4",2,1.6822079922260096,0,4,1,-5,34.02832446586254,5:-5,auto,1,116,0,dia,7,0,0,vbr,0,baseline,0.741091758901064,47,12,24,12,6,6,36,1,1,1,Action_480p_25fps_20s
1025,0,"p8x8,b8x8,i8x8,i4x4",0,0.1443988050518026,0,4,1,-5,34.02832446586254,5:-5,auto,1,116,0,dia,7,0,0,vbr,0,baseline,0.741091758901064,47,3,24,9,6,6,36,1,1,1,Action_480p_25fps_20s
1025,0,"p8x8,b8x8,i8x8,i4x4",2,1.6822079922260096,0,4,1,-5,34.02832446586254,5:-5,auto,1,116,0,dia,47,1,1,cbr,0,main,0.3451715174080603,44,7,30,6,71,8,49,0,1,0,Action_480p_25fps_20s
827,0,none,3,1.2937566745458988,1,4,1,-4,34.02832446586254,5:-5,auto,1,116,0,dia,7,0,0,vbr,0,baseline,0.741091758901064,47,15,24,9,6,6,36,1,1,1,Action_480p_25fps_20s
827,0,none,3,1.2937566745458988,1,4,1,-4,34.02832446586254,6:-6,auto,1,116,0,dia,7,0,0,vbr,0,baseline,0.741091758901064,47,15,24,9,6,6,36,1,1,1,Action_480p_25fps_20s
1025,0,"p8x8,b8x8,i8x8,i4x4",2,1.6822079922260096,0,4,1,-5,34.02832446586254,5:-5,auto,1,116,0,dia,47,0,1,cbr,0,high,0.3451715174080603,44,7,147,6,71,8,49,0,1,0,Action_480p_25fps_20s
76,0,p8x8,1,0.6295137611273145,2,0,1,9,29.58495568862226,4:4,spatial,0,51,0,dia,54,0,1,none,0,baseline,0.6493532546000097,48,4,92,2,80,0,2,0,0,0,Action_480p_25fps_20s
76,0,p8x8,1,0.6295137611273145,0,0,0,9,29.58495568862226,4:4,spatial,0,51,0,dia,54,0,1,vbr,0,baseline,0.6493532546000097,48,4,92,2,80,0,50,1,1,0,Action_480p_25fps_20s
76,0,p8x8,1,0.6295137611273145,2,0,0,9,29.58495568862226,4:4,spatial,0,51,0,dia,54,1,1,cbr,0,baseline,0.6493532546000097,35,3,176,15,24,3,17,1,0,1,Action_480p_25fps_20s
749,0,p8x8,1,0.6295137611273145,2,0,0,9,5.31416526280404,4:4,spatial,0,51,0,dia,54,0,1,none,0,baseline,0.6493532546000097,48,16,80,1,28,7,38,0,1,0,Action_480p_25fps_20s
76,1,p8x8,1,0.6295137611273145,2,0,1,9,29.58495568862226,4:4,spatial,0,51,0,dia,54,0,0,vbr,0,baseline,0.6493532546000097,40,4,92,2,80,0,2,0,1,0,Action_480p_25fps_20s
76,0,p8x8,1,0.6295137611273145,0,0,0,9,29.58495568862226,4:4,spatial,0,51,0,dia,54,0,1,cbr,0,baseline,0.6493532546000097,48,4,92,2,80,0,50,1,1,0,Action_480p_25fps_20s
1025,0,"p8x8,b8x8,i8x8,i4x4",2,1.6822079922260096,1,4,1,-5,34.02832446586254,5:-5,auto,1,116,0,dia,7,0,0,vbr,0,baseline,0.741091758901064,49,1,157,1,40,0,63,1,1,0,Big_480p_30fps_15s
1996,1,none,1,0.2167644059576779,1,15,1,-1,35.63424828804262,1:-1,temporal,1,128,3,dia,5,0,1,vbr,1,main,0.334900129455401,24,2,92,2,80,0,50,1,1,1,Big_480p_30fps_15s
1996,1,none,1,0.2167644059576779,1,15,1,-1,35.63424828804262,1:-1,temporal,1,128,3,dia,5,0,1,none,1,main,0.334900129455401,24,2,141,9,6,6,36,1,1,1,Big_480p_30fps_15s
981,1,p8x8,2,0.1576417238898509,1,14,1,-10,30.05254871618225,4:-4,temporal,0,453,2,umh,27,0,1,none,0,high,0.6372828559364112,47,12,34,5,43,1,64,1,0,2,Big_480p_30fps_15s
322,0,"p8x8,b8x8,i8x8,i4x4",0,1.7588268590330418,1,5,0,-1,46.47469825634507,1:-1,temporal,0,128,3,umh,27,0,1,none,0,high,0.7588987792104773,47,12,34,2,43,1,64,2,0,2,Big_480p_30fps_15s
1684,1,p8x8,2,0.1576417238898509,1,14,1,-10,30.05254871618225,4:-4,temporal,0,453,2,umh,27,0,1,cbr,0,baseline,0.741091758901064,47,3,24,9,6,6,36,1,1,1,Big_480p_30fps_15s
1427,0,"p8x8,b8x8,i8x8,i4x4",1,1.00244278330427,1,4,0,-12,34.02832446586254,5:5,auto,0,116,0,dia,47,0,1,vbr,0,high,0.209041155276022,44,7,147,2,71,8,49,0,1,0,Big_480p_30fps_15s
827,1,none,3,1.2937566745458988,1,4,1,-4,38.01879347409498,-5:5,auto,0,406,0,dia,47,0,1,vbr,0,high,0.209041155276022,44,7,147,2,71,8,49,0,1,0,Big_480p_30fps_15s
827,1,"p8x8,b8x8,i8x8,i4x4",1,1.8588656197845896,1,4,0,-12,34.02832446586254,5:5,auto,0,116,0,dia,47,0,1,vbr,0,high,0.209041155276022,44,7,147,2,71,10,49,0,1,0,Big_480p_30fps_15s
827,1,none,2,1.2937566745458988,1,4,1,-4,34.02832446586254,5:-5,auto,1,116,0,dia,7,0,0,vbr,0,baseline,0.741091758901064,47,15,24,2,80,0,2,0,1,0,Big_480p_30fps_15s
1025,0,"p8x8,b8x8,i8x8,i4x4",0,0.1443988050518026,0,4,1,-5,34.02832446586254,5:-5,auto,1,116,0,dia,7,0,0,vbr,0,baseline,0.741091758901064,47,3,24,9,6,6,36,1,1,1,Big_480p_30fps_15s
1025,0,"p8x8,b8x8,i8x8,i4x4",2,1.6822079922260096,0,4,1,-5,34.02832446586254,5:-5,auto,1,116,0,dia,7,0,0,vbr,0,baseline,0.741091758901064,47,12,24,12,6,6,36,1,1,1,Big_480p_30fps_15s
1025,0,"p8x8,b8x8,i8x8,i4x4",2,1.6822079922260096,0,4,1,-5,34.02832446586254,5:-5,auto,1,116,0,dia,7,0,0,vbr,0,baseline,0.741091758901064,47,12,24,9,6,6,36,1,1,1,Big_480p_30fps_15s
1025,0,"p8x8,b8x8,i8x8,i4x4",0,0.1443988050518026,0,4,0,-5,28.88843710839308,5:-5,auto,1,116,0,dia,7,0,0,vbr,0,baseline,0.0635645907686055,47,3,24,9,6,6,36,1,1,1,Big_480p_30fps_15s
1025,0,"p8x8,b8x8,i8x8,i4x4",0,0.1443988050518026,0,5,1,-5,34.02832446586254,1:1,auto,1,116,1,dia,7,0,0,vbr,0,baseline,0.741091758901064,47,3,134,9,6,2,36,1,1,1,Big_480p_30fps_15s
1996,1,p4x4,0,0.1443988050518026,1,7,0,-9,28.88843710839308,5:-5,auto,1,116,0,dia,32,0,0,vbr,0,baseline,0.0635645907686055,47,3,24,9,6,6,36,1,1,1,Big_480p_30fps_15s
1996,0,"p8x8,b8x8,i8x8,i4x4",0,0.1443988050518026,0,4,0,-5,28.88843710839308,5:-5,auto,1,116,0,dia,7,0,0,vbr,0,main,0.0635645907686055,47,3,128,1,6,6,36,1,1,1,Big_480p_30fps_15s
1025,0,"p8x8,b8x8,i8x8,i4x4",2,1.6822079922260096,0,4,1,-5,22.68351038652525,5:-5,auto,1,116,0,dia,7,0,0,vbr,0,baseline,0.741091758901064,47,3,24,9,6,6,36,1,1,1,Big_480p_30fps_15s
1427,0,"p8x8,b8x8,i8x8,i4x4",1,1.00244278330427,1,4,0,-12,34.02832446586254,5:5,temporal,0,116,0,dia,47,0,1,vbr,0,main,0.334900129455401,24,2,92,2,97,0,50,1,1,1,Big_480p_30fps_15s
2177,1,"p8x8,b8x8,i8x8,i4x4",0,1.1116683310749098,1,5,0,-1,35.63424828804262,1:-1,temporal,1,128,3,dia,39,0,0,vbr,1,main,0.5130196250298857,24,9,34,7,31,1,57,1,0,0,Big_480p_30fps_15s
1564,0,all,2,0.6295137611273145,2,1,1,9,38.01879347409498,-4:4,spatial,1,441,0,esa,53,1,1,none,1,high,0.2834053687505046,23,2,233,15,83,1,14,1,0,0,Standard_720p_30fps_5s
374,1,p8x8,0,1.258522603617017,1,3,1,6,5.40582142422609,2:-2,auto,1,208,2,dia,51,0,0,cbr,1,main,0.1465382046607231,44,20,219,13,54,3,2,2,0,2,Standard_720p_30fps_5s
374,1,p8x8,0,1.4166752275583223,1,11,0,6,5.40582142422609,2:-2,auto,1,208,2,dia,51,0,0,cbr,1,main,0.7116696113544358,44,20,219,13,54,3,2,1,0,0,Standard_720p_30fps_5s
750,0,"p8x8,b8x8,i8x8,i4x4",2,0.6413105171409678,1,13,1,10,47.282521354972125,1:-1,temporal,0,15,3,dia,63,1,0,none,0,high,0.2834053687505046,23,2,233,15,79,1,14,1,0,0,Standard_720p_30fps_5s
1882,0,"p8x8,b8x8,i8x8,i4x4",2,0.6413105171409678,1,13,1,10,47.282521354972125,1:-1,temporal,0,15,3,dia,63,1,0,none,0,main,0.2834053687505046,23,2,92,2,80,0,2,0,0,0,Standard_720p_30fps_5s
1882,1,"p8x8,b8x8,i8x8,i4x4",2,0.6413105171409678,1,13,1,10,47.282521354972125,1:-1,temporal,0,15,3,dia,63,1,0,none,0,main,0.2834053687505046,23,16,92,2,80,0,2,0,1,0,Standard_720p_30fps_5s
1882,0,"p8x8,b8x8,i8x8,i4x4",2,0.6413105171409678,1,13,1,10,47.282521354972125,1:-1,temporal,0,15,3,dia,63,1,0,none,1,main,0.340975792002073,22,2,117,5,80,11,2,0,0,0,Standard_720p_30fps_5s
750,1,"p8x8,b8x8,i8x8,i4x4",2,0.6413105171409678,1,13,0,10,47.282521354972125,1:-1,temporal,0,15,3,dia,63,1,0,none,0,baseline,0.6493532546000097,48,4,92,2,80,11,2,2,0,0,Standard_720p_30fps_5s
76,0,p8x8,1,0.6295137611273145,2,0,1,9,29.58495568862226,4:4,spatial,0,51,0,dia,54,0,1,none,0,baseline,0.6493532546000097,48,4,92,2,80,0,2,0,0,0,Standard_720p_30fps_5s
76,0,p8x8,1,0.6295137611273145,2,0,1,9,29.58495568862226,4:4,spatial,0,51,0,dia,54,0,1,vbr,0,baseline,0.3832843730055122,20,5,31,15,0,10,58,0,0,1,Standard_720p_30fps_5s
76,0,p8x8,1,0.6295137611273145,2,1,1,9,29.58495568862226,-4:4,spatial,1,51,0,esa,54,0,1,none,0,baseline,0.6493532546000097,48,4,92,2,80,0,2,0,0,0,Standard_720p_30fps_5s
76,0,p8x8,3,0.6295137611273145,2,0,1,-7,29.58495568862226,4:4,spatial,0,51,0,dia,53,0,0,none,1,baseline,0.6493532546000097,48,4,92,2,80,11,2,0,0,0,Standard_720p_30fps_5s
1564,0,p8x8,2,0.6295137611273145,2,1,1,9,38.01879347409498,-4:4,spatial,1,183,0,dia,53,0,0,none,1,baseline,0.6493532546000097,48,4,92,2,80,11,2,2,0,0,Standard_720p_30fps_5s
76,0,p8x8,3,0.6295137611273145,0,0,1,-7,29.58495568862226,4:4,spatial,0,51,0,esa,54,0,0,vbr,0,baseline,0.1166974490532979,48,4,92,2,80,0,2,0,0,0,Standard_720p_30fps_5s
76,0,p8x8,3,0.6295137611273145,2,0,1,-7,29.58495568862226,4:4,temporal,0,51,0,umh,53,0,0,none,1,baseline,0.6493532546000097,48,4,92,2,80,11,2,0,0,0,Standard_720p_30fps_5s
76,0,p8x8,3,0.6295137611273145,2,0,1,-7,29.58495568862226,4:4,spatial,0,51,0,dia,53,0,0,vbr,1,baseline,0.6493532546000097,48,4,92,2,80,11,2,0,1,0,Standard_720p_30fps_5s
76,0,"p8x8,b8x8,i8x8,i4x4",1,0.6295137611273145,2,0,1,9,29.58495568862226,4:4,spatial,0,51,0,dia,54,0,1,none,0,baseline,0.7093503998289771,48,4,233,15,79,1,14,1,0,0,Standard_720p_30fps_5s
76,0,p8x8,1,0.6295137611273145,2,0,1,9,33.45195448069395,4:4,spatial,0,51,0,tesa,54,1,1,vbr,0,baseline,0.1465382046607231,44,20,219,13,54,3,2,2,0,0,Standard_720p_30fps_5s
76,0,p8x8,1,0.6295137611273145,2,0,1,9,29.58495568862226,4:4,spatial,0,51,0,dia,54,0,1,vbr,0,baseline,0.3832843730055122,20,5,204,15,0,10,58,0,0,1,Standard_720p_30fps_5s
76,0,p8x8,3,0.6295137611273145,2,0,0,-7,29.58495568862226,4:4,temporal,0,51,0,umh,53,0,0,none,1,baseline,0.6493532546000097,48,4,92,2,80,11,2,0,0,1,Standard_720p_30fps_5s
336,1,none,1,0.0912060476289293,1,16,1,-5,28.36323956231097,4:-4,temporal,1,174,0,dia,27,1,0,none,1,main,0.3644518743760119,39,12,132,3,30,0,8,0,1,1,Still_image_1080p_60fps_15s
336,1,none,1,0.0912060476289293,1,6,0,-5,20.679328057338463,4:-4,temporal,1,407,0,dia,27,1,0,none,1,main,0.5663111544168118,31,20,59,16,16,1,21,0,1,1,Still_image_1080p_60fps_15s
1487,1,p8x8,1,1.0672403674589797,1,5,0,5,3.866618376515591,1:1,temporal,1,409,0,dia,27,1,0,none,1,main,0.3644518743760119,39,12,132,3,30,0,8,0,1,1,Still_image_1080p_60fps_15s
336,0,none,1,0.1522253691877485,1,16,1,-5,28.36323956231097,-2:2,temporal,1,174,0,dia,27,1,0,none,1,main,0.3644518743760119,39,12,132,3,30,0,13,1,1,1,Still_image_1080p_60fps_15s
336,1,none,1,0.0912060476289293,1,16,1,-5,28.36323956231097,4:-4,temporal,1,174,0,dia,27,1,0,none,0,main,0.3350911669636198,39,12,132,3,30,0,8,1,1,1,Still_image_1080p_60fps_15s
336,1,none,1,0.0912060476289293,1,16,1,-5,28.36323956231097,4:-4,spatial,1,174,0,dia,27,1,0,none,1,main,0.3644518743760119,27,18,132,3,30,8,8,0,1,1,Still_image_1080p_60fps_15s
2157,1,none,1,0.0912060476289293,1,16,1,-5,28.36323956231097,4:-4,temporal,1,174,0,dia,27,1,1,none,1,high,0.3644518743760119,39,9,124,3,30,0,8,0,1,1,Still_image_1080p_60fps_15s
2157,1,none,1,0.0912060476289293,1,16,1,-5,28.36323956231097,4:-4,temporal,1,174,0,dia,27,1,1,none,1,main,0.5663111544168118,31,10,59,16,16,1,21,0,1,1,Still_image_1080p_60fps_15s
336,0,none,1,0.0912060476289293,1,6,0,-5,20.679328057338463,4:-4,temporal,1,407,0,dia,27,1,0,cbr,1,high,0.3644518743760119,39,17,221,3,30,0,8,1,1,1,Still_image_1080p_60fps_15s
336,1,none,1,0.1522253691877485,1,0,1,-5,28.36323956231097,-2:2,temporal,1,174,0,dia,27,1,0,vbr,1,main,0.3644518743760119,27,18,132,3,30,8,8,0,1,1,Still_image_1080p_60fps_15s
336,1,none,1,0.0912060476289293,1,16,1,-5,28.36323956231097,4:-4,spatial,0,174,0,dia,27,1,0,none,1,main,0.3644518743760119,39,12,132,3,30,0,13,1,1,1,Still_image_1080p_60fps_15s
2157,0,none,1,0.0912060476289293,1,16,1,-5,38.63575914273077,4:-4,none,1,257,0,dia,27,1,1,none,1,main,0.7413860390866904,31,3,173,5,21,0,28,1,1,2,Still_image_1080p_60fps_15s
336,0,none,1,0.6794705123780858,1,6,0,-5,19.419568707959563,4:-4,temporal,1,407,0,dia,27,1,0,none,1,main,0.3644518743760119,39,12,132,3,30,0,8,0,1,1,Still_image_1080p_60fps_15s
336,1,none,1,1.845101592667956,0,16,1,-5,28.36323956231097,4:-4,temporal,0,174,0,dia,27,1,0,vbr,1,main,0.5663111544168118,31,20,59,16,16,1,21,0,1,1,Still_image_1080p_60fps_15s
336,1,none,1,0.0912060476289293,2,6,1,-5,23.21909479916627,4:-4,temporal,1,407,0,dia,27,1,0,vbr,1,main,0.5663111544168118,23,20,59,16,16,1,21,0,1,1,Still_image_1080p_60fps_15s
336,0,none,1,0.0912060476289293,1,16,1,-5,28.36323956231097,4:-4,spatial,1,174,0,tesa,27,1,1,none,1,main,0.3644518743760119,27,8,132,3,30,8,8,2,1,1,Still_image_1080p_60fps_15s
336,0,p8x8,0,0.0912060476289293,1,16,1,-5,28.36323956231097,-2:2,temporal,1,174,0,dia,27,1,0,none,1,main,0.3644518743760119,39,12,132,3,30,0,13,1,1,1,Still_image_1080p_60fps_15s
336,0,none,1,0.1522253691877485,1,16,0,-5,28.36323956231097,4:-4,spatial,1,174,0,umh,27,1,0,none,1,baseline,0.4637050419846092,27,18,132,3,30,10,8,0,1,1,Still_image_1080p_60fps_15s
113,0,all,2,0.9310114869709172,0,15,1,-5,28.36323956231097,4:-4,temporal,0,174,0,dia,27,0,0,none,1,main,0.3644518743760119,39,12,132,3,30,0,8,0,1,1,Still_image_1080p_60fps_15s
51,1,none,2,0.7522683060874512,0,14,1,8,32.951395530387586,-1:1,temporal,1,407,0,dia,27,1,0,none,0,main,0.5663111544168118,31,20,59,16,16,1,21,0,1,1,Still_image_1080p_60fps_15s
469,0,"p8x8,b8x8,i8x8,i4x4",2,1.9388859071863007,0,9,1,-12,27.88001428928656,4:-4,none,0,20,4,tesa,63,1,0,vbr,0,high,0.0833025022174705,43,10,244,12,23,0,20,0,1,1,Standard_480p_25fps_20s
1690,1,none,2,1.1536539324358672,0,13,1,7,44.37311282353116,4:-4,auto,0,20,4,esa,63,1,1,vbr,1,high,0.0833025022174705,43,10,149,2,23,2,20,0,1,1,Standard_480p_25fps_20s
1011,0,p4x4,0,0.7841382476494912,0,13,1,7,37.37799214063269,4:-4,auto,0,406,0,esa,20,1,0,vbr,0,main,0.0833025022174705,43,10,149,12,23,0,20,1,1,1,Standard_480p_25fps_20s
469,0,"p8x8,b8x8,i8x8,i4x4",3,1.9388859071863007,0,9,1,-12,27.88001428928656,4:-4,auto,0,20,4,hex,63,1,0,vbr,0,high,0.0833025022174705,43,10,149,6,96,4,20,0,1,0,Standard_480p_25fps_20s
469,0,"p8x8,b8x8,i8x8,i4x4",3,1.9388859071863007,0,9,1,-12,27.88001428928656,4:-4,auto,0,20,4,hex,63,1,0,vbr,0,high,0.0833025022174705,43,10,149,12,23,0,20,0,0,0,Standard_480p_25fps_20s
1690,1,none,2,1.1536539324358672,0,13,1,7,42.876785685812266,4:-4,auto,0,106,3,tesa,6,1,1,vbr,1,baseline,0.4533312853075793,41,14,209,8,15,2,18,2,0,1,Standard_480p_25fps_20s
1011,0,p4x4,0,0.7841382476494912,0,13,1,7,37.37799214063269,4:-4,auto,0,20,0,esa,63,1,0,vbr,0,high,0.0833025022174705,43,10,149,2,23,2,20,1,1,1,Standard_480p_25fps_20s
1690,1,none,2,1.1536539324358672,1,13,1,-10,37.37799214063269,4:-4,auto,0,20,4,esa,63,1,0,vbr,1,high,0.0833025022174705,43,10,149,12,7,0,20,1,1,0,Standard_480p_25fps_20s
469,0,"p8x8,b8x8,i8x8,i4x4",3,1.9388859071863007,0,9,1,-12,27.88001428928656,4:-4,auto,0,20,4,hex,63,1,0,vbr,0,high,0.0833025022174705,43,10,149,12,23,0,20,1,1,1,Standard_480p_25fps_20s
1690,1,none,2,1.1536539324358672,0,13,1,7,37.37799214063269,4:-4,auto,0,20,4,esa,63,1,0,vbr,1,high,0.0833025022174705,43,10,149,12,23,0,20,1,1,1,Standard_480p_25fps_20s
76,0,p4x4,0,0.2313017363741105,0,13,1,7,37.888880390523255,4:-4,auto,0,20,0,esa,63,1,0,vbr,0,high,0.0833025022174705,43,10,138,2,23,2,20,1,1,1,Standard_480p_25fps_20s
1690,1,none,2,1.1536539324358672,0,9,1,-12,27.88001428928656,4:-4,auto,0,20,0,hex,63,0,0,vbr,0,high,0.0833025022174705,43,10,4,12,23,0,20,0,1,0,Standard_480p_25fps_20s
469,1,p8x8,3,1.9388859071863007,0,13,1,7,37.37799214063269,4:-4,auto,1,20,4,esa,63,1,0,none,1,high,0.0833025022174705,43,9,149,12,23,0,20,1,1,1,Standard_480p_25fps_20s
469,0,"p8x8,b8x8,i8x8,i4x4",3,1.9388859071863007,0,9,1,-12,27.88001428928656,4:-4,auto,0,20,4,hex,63,1,0,vbr,0,high,0.0833025022174705,43,10,149,2,23,2,20,1,1,1,Standard_480p_25fps_20s
1011,0,p4x4,0,0.7841382476494912,0,13,1,7,37.37799214063269,4:-4,auto,0,20,0,esa,63,1,0,vbr,0,high,0.0833025022174705,43,6,149,12,23,0,20,0,0,0,Standard_480p_25fps_20s
1011,1,p4x4,0,0.7841382476494912,0,13,1,7,37.37799214063269,4:-4,auto,0,20,4,hex,63,1,0,vbr,0,main,0.0833025022174705,43,10,149,12,23,0,61,0,1,0,Standard_480p_25fps_20s
1690,0,none,0,1.1536539324358672,0,13,1,7,37.37799214063269,-2:2,auto,0,157,4,esa,63,1,0,vbr,1,high,0.0833025022174705,43,10,149,12,23,0,60,1,1,2,Standard_480p_25fps_20s
469,0,"p8x8,b8x8,i8x8,i4x4",3,1.9388859071863007,0,9,1,-12,27.88001428928656,4:-4,auto,0,20,0,hex,63,1,0,vbr,0,high,0.0833025022174705,43,10,149,12,23,0,20,1,0,1,Standard_480p_25fps_20s
1897,1,none,2,1.1536539324358672,0,13,1,0,37.37799214063269,4:-4,auto,0,20,4,hex,63,1,0,vbr,0,high,0.0833025022174705,43,10,112,3,48,0,20,1,0,2,Standard_480p_25fps_20s
1288,0,"p8x8,b8x8,i8x8,i4x4",3,1.9388859071863007,0,9,1,-12,27.88001428928656,4:-4,auto,1,49,4,esa,63,1,0,vbr,1,high,0.0833025022174705,46,10,149,12,23,0,20,1,1,1,Standard_480p_25fps_20s
2382,1,none,2,1.660835903357898,1,5,0,6,8.286842491943366,6:-6,none,1,338,1,hex,11,1,1,vbr,0,main,0.778243073141844,40,19,11,9,54,1,58,0,0,1,Big_1080p_60fps_20s
76,0,p8x8,1,1.9431946729598224,2,7,1,-3,23.10573944890249,6:-6,temporal,1,83,3,esa,25,1,1,cbr,0,high,0.2413842509767567,22,19,215,9,92,0,12,0,1,0,Big_1080p_60fps_20s
893,1,p4x4,0,1.846876144879288,1,7,1,7,5.020939529251045,3:3,spatial,0,40,0,hex,14,0,1,cbr,0,high,0.5225257995416253,20,13,123,12,87,1,28,2,1,1,Big_1080p_60fps_20s
76,0,p8x8,2,0.6295137611273145,2,0,1,9,29.58495568862226,2:2,spatial,0,392,0,tesa,54,0,1,vbr,0,main,0.2168483410483085,40,19,11,5,54,1,58,2,0,0,Big_1080p_60fps_20s
893,1,p4x4,0,1.846876144879288,1,7,1,3,5.020939529251045,3:3,spatial,1,338,1,hex,11,1,1,none,0,main,0.778243073141844,40,19,11,9,54,1,58,0,0,2,Big_1080p_60fps_20s
76,0,p8x8,1,0.6295137611273145,2,0,1,9,29.58495568862226,4:4,spatial,0,51,0,dia,54,0,1,none,0,baseline,0.6493532546000097,48,4,92,2,80,0,2,0,0,0,Big_1080p_60fps_20s
76,0,p8x8,2,0.6295137611273145,2,0,1,9,29.58495568862226,2:2,spatial,0,51,0,dia,54,0,1,vbr,0,main,0.2168483410483085,40,19,11,5,54,1,58,0,0,1,Big_1080p_60fps_20s
72,0,p8x8,2,0.6295137611273145,2,0,1,9,29.58495568862226,2:2,spatial,0,51,0,dia,54,0,1,vbr,0,main,0.2168483410483085,40,19,11,5,54,1,58,0,0,1,Big_1080p_60fps_20s
680,0,"p8x8,b8x8,i8x8,i4x4",2,0.7514386837275209,2,0,1,9,29.58495568862226,4:4,spatial,0,51,0,dia,53,1,1,none,0,baseline,0.6493532546000097,48,4,92,2,80,10,2,0,0,0,Big_1080p_60fps_20s
680,0,"p8x8,b8x8,i8x8,i4x4",3,0.7514386837275209,2,4,1,9,29.58495568862226,4:4,spatial,0,51,0,dia,53,0,1,none,0,baseline,0.6493532546000097,40,19,11,5,54,1,58,0,1,1,Big_1080p_60fps_20s
72,0,p8x8,2,0.6295137611273145,2,0,1,9,34.4682614282625,2:2,spatial,0,51,0,dia,54,0,1,vbr,0,main,0.2168483410483085,48,4,92,7,80,10,2,0,0,0,Big_1080p_60fps_20s
76,0,p8x8,1,0.6295137611273145,2,15,1,9,29.58495568862226,4:4,spatial,0,51,2,dia,54,0,1,none,0,baseline,0.6493532546000097,48,4,92,2,80,0,2,0,0,0,Big_1080p_60fps_20s
72,0,p8x8,2,0.6295137611273145,2,0,1,9,29.58495568862226,2:2,spatial,0,51,0,dia,43,0,1,vbr,0,main,0.2168483410483085,40,19,11,5,54,1,58,0,0,1,Big_1080p_60fps_20s
76,0,p8x8,1,1.9431946729598224,2,7,1,-1,23.10573944890249,2:2,spatial,0,51,0,dia,54,0,1,vbr,0,main,0.2168483410483085,40,19,11,5,54,9,58,0,0,0,Big_1080p_60fps_20s
893,1,p4x4,3,1.846876144879288,2,7,1,-4,13.867174898875293,1:1,auto,0,418,4,umh,7,1,1,none,1,main,0.645033609561145,42,0,20,5,3,1,41,1,1,1,Big_1080p_60fps_20s
893,1,p4x4,3,1.846876144879288,2,7,1,-4,13.867174898875293,1:1,auto,0,418,4,umh,43,0,1,cbr,0,high,0.0522428763443125,20,14,123,8,87,0,28,2,0,1,Big_1080p_60fps_20s
680,0,"p8x8,b8x8,i8x8,i4x4",2,0.7514386837275209,0,1,0,7,25.253904572047247,5:5,none,1,186,4,umh,14,0,0,vbr,1,baseline,0.78680603283197,43,20,107,12,3,8,59,0,1,2,Big_1080p_60fps_20s
680,0,"p8x8,b8x8,i8x8,i4x4",2,0.7514386837275209,0,6,0,7,25.253904572047247,5:5,none,1,186,4,umh,14,1,0,vbr,1,baseline,0.78680603283197,43,20,107,9,64,8,59,0,1,2,Big_1080p_60fps_20s
76,0,p8x8,1,1.443159214889705,0,6,0,7,25.253904572047247,5:5,none,1,186,4,umh,14,1,0,vbr,1,baseline,0.78680603283197,42,20,107,9,64,8,59,0,1,2,Big_1080p_60fps_20s
680,0,"p8x8,b8x8,i8x8,i4x4",2,0.7514386837275209,0,6,0,7,25.253904572047247,5:5,spatial,1,186,4,umh,14,1,0,vbr,1,baseline,0.78680603283197,43,20,241,9,64,8,59,1,1,0,Big_1080p_60fps_20s
38,0,p4x4,0,0.7043900227900087,0,13,1,-12,43.178651007068616,1:1,spatial,0,87,3,hex,39,0,1,none,1,baseline,0.0631257263449587,43,10,85,1,76,1,39,0,1,0,Big_1080p_60fps_15s
144,0,none,0,0.0233846407201573,1,7,0,-2,47.91333974020583,5:-5,spatial,0,206,1,hex,11,0,0,none,0,baseline,0.4457158493836002,40,16,99,9,11,2,56,2,0,2,Big_1080p_60fps_15s
144,0,none,0,0.0233846407201573,1,7,0,-2,47.91333974020583,-1:1,spatial,0,206,1,hex,11,0,1,none,0,baseline,0.4457158493836002,40,16,54,12,68,5,37,1,1,1,Big_1080p_60fps_15s
144,0,none,0,0.0233846407201573,1,1,0,4,47.91333974020583,5:-5,spatial,0,206,1,hex,11,0,1,none,1,main,0.3913169521932242,28,8,68,1,28,11,51,1,0,0,Big_1080p_60fps_15s
978,0,none,0,0.0233846407201573,1,7,1,-2,47.91333974020583,5:-5,spatial,0,206,1,hex,11,0,0,none,0,baseline,0.4457158493836002,40,16,99,9,84,8,37,0,1,1,Big_1080p_60fps_15s
144,0,none,0,0.0233846407201573,1,7,0,-2,47.91333974020583,5:-5,spatial,0,409,1,dia,40,1,0,none,0,main,0.4457158493836002,44,16,99,9,44,7,56,2,0,0,Big_1080p_60fps_15s
144,0,all,0,0.0233846407201573,2,7,0,-2,47.91333974020583,-1:1,spatial,0,206,1,tesa,11,0,1,none,0,baseline,0.4457158493836002,40,16,68,15,28,11,51,1,0,0,Big_1080p_60fps_15s
144,0,none,0,0.0233846407201573,1,1,0,4,47.91333974020583,5:-5,spatial,0,206,1,hex,11,0,1,none,1,main,0.0909657900627339,28,8,54,12,68,5,37,1,1,1,Big_1080p_60fps_15s
1142,0,none,0,0.0233846407201573,1,3,0,-2,47.91333974020583,-1:1,spatial,0,206,1,hex,11,0,1,none,0,baseline,0.4457158493836002,40,16,54,3,68,5,37,1,1,1,Big_1080p_60fps_15s
144,0,none,0,0.0233846407201573,1,7,0,-2,47.91333974020583,5:-5,none,0,409,1,hex,40,0,0,none,0,main,0.4457158493836002,44,16,99,9,44,7,56,1,1,1,Big_1080p_60fps_15s
144,0,none,0,0.0233846407201573,1,7,0,-2,47.91333974020583,-1:1,auto,0,206,1,hex,11,0,1,vbr,0,baseline,0.4457158493836002,40,15,54,12,68,5,37,2,0,0,Big_1080p_60fps_15s
1907,1,all,0,0.0233846407201573,1,7,0,-2,47.91333974020583,5:-5,spatial,0,206,1,hex,11,1,0,none,0,baseline,0.4457158493836002,40,16,99,9,11,2,56,1,0,2,Big_1080p_60fps_15s
144,0,none,0,0.0233846407201573,1,7,0,-2,40.89612622895336,-1:1,spatial,0,206,1,hex,11,0,1,none,0,baseline,0.4457158493836002,40,16,54,12,68,5,37,1,1,1,Big_1080p_60fps_15s
1949,1,none,0,0.0233846407201573,1,7,0,-2,47.91333974020583,-1:1,spatial,0,329,1,hex,11,0,1,none,0,baseline,0.7725094615094114,40,16,54,12,68,5,37,1,0,1,Big_1080p_60fps_15s
144,0,"p8x8,b8x8,i8x8,i4x4",0,0.0233846407201573,1,7,0,-2,47.91333974020583,-1:1,spatial,0,206,3,hex,11,0,1,none,0,main,0.4642825819901718,30,18,22,8,14,3,64,0,0,1,Big_1080p_60fps_15s
1580,0,all,0,0.0233846407201573,2,7,0,-2,47.91333974020583,-1:1,spatial,0,206,1,tesa,11,0,1,none,0,baseline,0.4457158493836002,40,16,147,15,28,2,51,2,0,0,Big_1080p_60fps_15s
1142,0,none,0,0.0233846407201573,1,3,0,-2,47.91333974020583,-1:1,spatial,0,481,1,hex,11,1,1,none,0,baseline,0.4457158493836002,40,16,68,15,28,11,51,1,0,0,Big_1080p_60fps_15s
76,0,p8x8,1,0.6295137611273145,2,0,1,9,29.58495568862226,4:4,spatial,0,51,0,dia,54,0,1,none,0,baseline,0.6493532546000097,48,4,92,2,80,0,2,0,0,0,Big_1080p_60fps_15s
76,0,p8x8,1,0.6295137611273145,2,0,1,9,29.58495568862226,4:4,spatial,0,51,0,dia,54,0,1,vbr,0,baseline,0.4194249684903774,48,4,22,8,14,3,12,0,0,2,Big_1080p_60fps_15s
2167,1,all,1,0.5691182522271944,2,0,1,9,29.58495568862226,4:4,spatial,0,51,0,tesa,54,0,0,none,0,baseline,0.6493532546000097,48,4,92,2,80,0,2,0,0,0,Big_1080p_60fps_15s
469,0,"p8x8,b8x8,i8x8,i4x4",2,1.9388859071863007,0,9,1,-12,27.88001428928656,4:-4,none,0,20,4,tesa,63,1,0,vbr,0,high,0.0833025022174705,43,10,244,12,23,0,20,0,1,1,Still_image_1080p_25fps_20s
1690,1,none,2,1.1536539324358672,0,13,1,7,44.37311282353116,4:-4,auto,0,20,4,esa,63,1,1,vbr,1,high,0.0833025022174705,43,10,149,2,23,2,20,0,1,1,Still_image_1080p_25fps_20s
1011,0,p4x4,0,0.7841382476494912,0,13,1,7,37.37799214063269,4:-4,auto,0,406,0,esa,20,1,0,vbr,0,main,0.0833025022174705,43,10,149,12,23,0,20,1,1,1,Still_image_1080p_25fps_20s
469,0,"p8x8,b8x8,i8x8,i4x4",3,1.9388859071863007,0,9,1,-12,27.88001428928656,4:-4,auto,0,20,4,hex,63,1,0,vbr,0,high,0.0833025022174705,43,10,149,6,96,4,20,0,1,0,Still_image_1080p_25fps_20s
469,0,"p8x8,b8x8,i8x8,i4x4",3,1.9388859071863007,0,9,1,-12,27.88001428928656,4:-4,auto,0,20,4,hex,63,1,0,vbr,0,high,0.0833025022174705,43,10,149,12,23,0,20,0,0,0,Still_image_1080p_25fps_20s
1690,1,none,2,1.1536539324358672,0,13,1,7,42.876785685812266,4:-4,auto,0,106,3,tesa,6,1,1,vbr,1,baseline,0.4533312853075793,41,14,209,8,15,2,18,2,0,1,Still_image_1080p_25fps_20s
1011,0,p4x4,0,0.7841382476494912,0,13,1,7,37.37799214063269,4:-4,auto,0,20,0,esa,63,1,0,vbr,0,high,0.0833025022174705,43,10,149,2,23,2,20,1,1,1,Still_image_1080p_25fps_20s
1690,1,none,2,1.1536539324358672,1,13,1,-10,37.37799214063269,4:-4,auto,0,20,4,esa,63,1,0,vbr,1,high,0.0833025022174705,43,10,149,12,7,0,20,1,1,0,Still_image_1080p_25fps_20s
469,0,"p8x8,b8x8,i8x8,i4x4",3,1.9388859071863007,0,9,1,-12,27.88001428928656,4:-4,auto,0,20,4,hex,63,1,0,vbr,0,high,0.0833025022174705,43,10,149,12,23,0,20,1,1,1,Still_image_1080p_25fps_20s
1690,1,none,2,1.1536539324358672,0,13,1,7,37.37799214063269,4:-4,auto,0,20,4,esa,63,1,0,vbr,1,high,0.0833025022174705,43,10,149,12,23,0,20,1,1,1,Still_image_1080p_25fps_20s
1690,0,none,2,1.1536539324358672,1,13,1,-10,37.37799214063269,4:-4,auto,0,354,4,esa,63,1,0,vbr,1,main,0.0833025022174705,43,10,149,12,7,0,20,0,1,0,Still_image_1080p_25fps_20s
1690,1,none,2,1.1536539324358672,0,13,1,7,42.876785685812266,4:-4,auto,0,106,3,tesa,6,1,1,vbr,1,baseline,0.4533312853075793,41,14,209,8,15,2,18,2,0,2,Still_image_1080p_25fps_20s
1362,1,none,2,1.5429407499260708,0,13,1,7,37.37799214063269,4:-4,auto,0,406,0,esa,56,0,0,vbr,0,main,0.0833025022174705,43,10,149,12,23,0,20,1,1,1,Still_image_1080p_25fps_20s
2367,1,none,2,1.1189215257541645,0,13,1,7,44.37311282353116,4:-4,auto,0,20,4,esa,63,1,1,vbr,1,high,0.1827233899087818,43,10,149,2,23,2,20,0,1,1,Still_image_1080p_25fps_20s
1690,1,none,2,1.1536539324358672,0,13,1,7,44.37311282353116,4:-4,auto,0,322,4,esa,63,1,1,cbr,0,main,0.2741049964620667,42,5,16,5,48,5,21,0,0,0,Still_image_1080p_25fps_20s
1011,0,p4x4,0,0.7841382476494912,0,2,1,7,37.37799214063269,4:-4,auto,0,20,0,esa,63,1,0,vbr,0,high,0.0833025022174705,43,10,149,2,23,2,20,1,1,1,Still_image_1080p_25fps_20s
1690,1,none,2,1.925467151842657,1,13,0,-10,37.37799214063269,4:-4,auto,0,20,4,esa,63,1,1,vbr,0,high,0.0833025022174705,43,10,149,12,7,0,20,1,1,0,Still_image_1080p_25fps_20s
374,0,"p8x8,b8x8,i8x8,i4x4",3,1.9388859071863007,0,9,1,-12,27.88001428928656,4:-4,auto,0,20,4,hex,63,1,1,vbr,0,high,0.0833025022174705,43,10,149,12,23,0,20,1,1,2,Still_image_1080p_25fps_20s
981,0,p4x4,0,1.1536539324358672,0,13,1,7,37.37799214063269,-3:3,auto,0,20,4,esa,63,1,0,vbr,1,high,0.0833025022174705,43,10,149,12,23,0,20,1,1,1,Still_image_1080p_25fps_20s
1690,1,none,2,0.7841382476494912,0,13,0,7,37.37799214063269,4:-4,auto,0,417,0,esa,20,1,0,vbr,0,main,0.0833025022174705,43,13,56,12,23,0,20,1,1,0,Still_image_1080p_25fps_20s
737,1,none,2,1.446056235059237,0,12,1,-4,34.975950955313785,-5:5,spatial,1,266,4,tesa,47,1,0,vbr,1,high,0.5113352790318704,48,14,176,5,26,1,21,0,1,1,Still_image_1080p_60fps_20s
737,1,none,2,1.446056235059237,0,12,1,-4,34.975950955313785,-5:5,spatial,1,266,4,tesa,64,0,1,none,1,baseline,0.3790216049458798,49,16,201,15,36,11,29,1,1,2,Still_image_1080p_60fps_20s
1392,0,p8x8,1,1.927090912866137,0,13,1,-3,25.76419631609304,1:1,none,0,196,4,esa,14,1,1,none,1,baseline,0.9660450529214174,38,8,165,3,21,1,24,2,0,1,Still_image_1080p_60fps_20s
1392,0,p8x8,1,1.927090912866137,0,12,1,-3,25.76419631609304,1:1,temporal,0,196,4,esa,14,1,1,none,1,baseline,0.9660450529214174,38,11,165,3,21,1,24,2,0,0,Still_image_1080p_60fps_20s
1392,0,p8x8,3,1.927090912866137,0,13,1,-12,25.76419631609304,1:1,none,0,196,4,esa,14,1,1,none,0,baseline,0.6446140179096544,45,8,165,3,21,1,24,2,0,1,Still_image_1080p_60fps_20s
1392,0,p8x8,1,1.927090912866137,0,13,1,-3,25.76419631609304,1:1,none,0,196,4,esa,14,1,1,none,1,baseline,0.9660450529214174,36,8,165,3,93,1,10,0,1,1,Still_image_1080p_60fps_20s
1392,0,p8x8,1,1.927090912866137,0,13,1,-3,25.76419631609304,1:1,none,0,196,4,esa,14,1,1,none,1,baseline,0.9660450529214174,36,14,176,5,26,7,21,2,1,1,Still_image_1080p_60fps_20s
1392,0,p8x8,1,1.927090912866137,0,12,1,-3,25.76419631609304,1:1,temporal,1,196,4,hex,14,1,1,none,1,baseline,0.9660450529214174,38,16,201,14,36,11,59,1,1,0,Still_image_1080p_60fps_20s
1363,1,p8x8,1,1.225067121606617,0,13,0,-3,25.76419631609304,1:1,none,0,196,4,esa,14,1,1,none,1,baseline,0.9660450529214174,38,8,165,3,21,1,24,2,0,1,Still_image_1080p_60fps_20s
1392,0,p8x8,1,1.927090912866137,2,3,0,-3,25.76419631609304,1:1,none,0,196,4,hex,14,1,1,none,1,baseline,0.9660450529214174,38,0,165,3,21,1,24,2,0,1,Still_image_1080p_60fps_20s
1062,1,none,1,0.3506487001236631,1,16,1,4,9.185865067010226,1:1,none,0,434,3,hex,14,1,1,none,0,baseline,0.6446140179096544,45,8,165,3,21,1,24,2,0,1,Still_image_1080p_60fps_20s
1392,1,p8x8,1,1.927090912866137,0,12,1,-3,25.76419631609304,0:0,temporal,0,196,4,hex,14,1,1,none,1,high,0.9660450529214174,38,8,165,10,21,1,24,2,0,1,Still_image_1080p_60fps_20s
1392,0,p8x8,1,1.927090912866137,0,12,1,-3,25.76419631609304,1:1,temporal,0,196,4,hex,14,1,1,none,1,baseline,0.9660450529214174,38,16,201,14,36,11,59,1,1,2,Still_image_1080p_60fps_20s
1392,0,p8x8,1,1.927090912866137,0,12,1,-3,25.76419631609304,1:1,temporal,1,196,4,esa,14,1,1,cbr,1,baseline,0.9660450529214174,38,11,165,3,21,1,24,0,0,0,Still_image_1080p_60fps_20s
1392,0,all,1,1.927090912866137,0,12,1,-3,25.76419631609304,1:1,temporal,0,196,4,hex,14,1,1,none,0,baseline,0.6446140179096544,45,8,165,3,21,1,24,2,0,1,Still_image_1080p_60fps_20s
1392,0,p8x8,3,1.927090912866137,0,13,1,-12,25.76419631609304,1:1,none,0,196,4,esa,14,1,1,none,1,baseline,0.9660450529214174,38,16,201,14,36,11,59,1,1,0,Still_image_1080p_60fps_20s
1062,1,none,1,0.3506487001236631,1,16,0,6,9.185865067010226,1:1,auto,0,434,4,esa,14,1,1,none,1,baseline,0.9660450529214174,38,8,165,6,21,1,24,2,0,1,Still_image_1080p_60fps_20s
1363,1,p8x8,1,1.225067121606617,0,13,0,-3,25.76419631609304,1:1,spatial,0,447,3,hex,14,1,1,none,0,baseline,0.6446140179096544,45,8,165,3,21,4,24,2,0,1,Still_image_1080p_60fps_20s
1392,0,p8x8,1,1.927090912866137,0,9,1,-3,25.76419631609304,1:1,none,1,196,4,dia,14,1,1,none,1,high,0.9660450529214174,36,8,165,3,21,1,24,2,0,1,Still_image_1080p_60fps_20s
1392,0,p8x8,3,1.927090912866137,0,13,1,-12,25.76419631609304,1:1,none,1,196,4,esa,14,1,1,none,0,baseline,0.4254669954053222,42,8,165,3,93,1,10,0,1,0,Still_image_1080p_60fps_20s
144,0,none,0,0.0233846407201573,1,1,0,4,47.91333974020583,5:-5,auto,0,206,2,dia,11,0,1,none,1,main,0.3913169521932242,28,8,68,1,28,0,22,0,0,1,Big_480p_60fps_10s
144,1,none,0,0.0233846407201573,1,1,0,4,47.91333974020583,5:-5,auto,0,206,2,dia,11,0,1,none,1,main,0.3913169521932242,28,8,17,3,35,0,22,0,0,1,Big_480p_60fps_10s
38,0,p4x4,2,0.7043900227900087,0,13,1,-12,43.178651007068616,1:1,spatial,0,87,3,hex,39,0,1,none,1,high,0.0631257263449587,43,8,68,1,28,0,22,0,0,1,Big_480p_60fps_10s
38,0,p4x4,0,0.7043900227900087,0,13,1,-12,43.178651007068616,1:1,spatial,0,87,3,hex,39,0,1,none,1,baseline,0.0631257263449587,43,10,85,1,76,1,39,0,1,0,Big_480p_60fps_10s
1299,0,p4x4,0,1.3656047079292393,2,2,1,8,12.107716240294172,5:5,spatial,0,38,3,umh,25,0,1,cbr,0,baseline,0.4103478144366611,35,20,146,1,35,7,22,2,0,1,Big_480p_60fps_10s
499,1,none,3,0.5989806402232455,0,13,1,-12,19.635636293396825,1:1,spatial,0,87,3,hex,39,0,0,none,1,baseline,0.0631257263449587,43,6,85,1,76,1,39,2,1,1,Big_480p_60fps_10s
382,0,p4x4,1,0.1365659052313487,0,12,1,-7,28.52124684127244,3:3,temporal,1,38,3,umh,9,0,1,cbr,0,baseline,0.4103478144366611,35,20,226,3,35,0,22,0,1,1,Big_480p_60fps_10s
499,1,none,3,0.5989806402232455,1,5,1,10,12.107716240294172,5:5,none,0,38,3,umh,25,0,1,cbr,0,baseline,0.4103478144366611,35,20,31,3,35,10,22,0,1,1,Big_480p_60fps_10s
382,1,all,1,0.1365659052313487,1,12,1,-7,12.107716240294172,5:5,spatial,0,38,3,umh,25,0,1,cbr,0,baseline,0.4103478144366611,35,20,17,3,35,0,22,0,0,1,Big_480p_60fps_10s
382,0,p4x4,1,0.1365659052313487,1,12,1,-7,12.107716240294172,6:6,temporal,0,38,3,umh,25,0,1,cbr,0,baseline,0.4103478144366611,35,20,17,3,45,3,13,0,1,0,Big_480p_60fps_10s
1895,0,"p8x8,b8x8,i8x8,i4x4",3,0.1365659052313487,1,12,1,-7,42.07241128200896,5:5,spatial,0,38,3,umh,25,0,1,cbr,0,baseline,0.4103478144366611,35,20,17,3,35,0,22,0,1,0,Big_480p_60fps_10s
382,1,p4x4,1,0.1365659052313487,1,12,1,-7,12.107716240294172,5:5,none,0,38,3,umh,25,0,1,cbr,0,baseline,0.4103478144366611,35,20,226,3,35,0,22,0,1,1,Big_480p_60fps_10s
627,1,p4x4,1,0.1365659052313487,1,12,1,-7,12.107716240294172,6:6,spatial,0,38,3,umh,25,0,1,cbr,0,baseline,0.4103478144366611,35,20,17,3,45,3,13,0,1,0,Big_480p_60fps_10s
382,1,p4x4,1,0.1365659052313487,1,12,1,-7,12.107716240294172,6:6,spatial,0,38,3,umh,25,0,1,cbr,0,baseline,0.4103478144366611,35,20,17,3,45,3,13,0,1,0,Big_480p_60fps_10s
1299,0,p4x4,0,1.3656047079292393,0,2,1,8,12.107716240294172,5:5,spatial,0,38,3,umh,25,0,1,cbr,0,baseline,0.4103478144366611,35,20,17,3,35,0,22,0,1,1,Big_480p_60fps_10s
382,1,p4x4,1,0.1365659052313487,1,12,1,-7,12.107716240294172,5:5,spatial,0,38,3,umh,25,0,1,cbr,0,baseline,0.4103478144366611,35,20,17,3,35,0,22,0,1,1,Big_480p_60fps_10s
144,0,none,0,0.0233846407201573,1,12,1,-7,29.343366137659665,5:5,spatial,0,38,3,umh,25,0,1,cbr,0,baseline,0.4103478144366611,35,8,111,3,78,0,22,0,0,1,Big_480p_60fps_10s
382,0,p4x4,1,0.1365659052313487,1,12,1,-7,12.107716240294172,5:5,none,0,38,3,umh,25,0,1,cbr,0,baseline,0.4103478144366611,35,20,17,3,35,0,35,0,0,2,Big_480p_60fps_10s
382,1,all,1,0.1365659052313487,1,12,1,-7,12.107716240294172,5:5,auto,0,38,3,umh,25,0,0,cbr,0,baseline,0.4103478144366611,35,20,226,3,35,0,22,0,1,1,Big_480p_60fps_10s
144,1,p4x4,1,1.422645947908307,1,12,0,-7,12.107716240294172,6:6,spatial,0,190,3,umh,25,0,1,cbr,0,baseline,0.4103478144366611,35,20,17,3,45,3,13,0,1,0,Big_480p_60fps_10s
1690,1,none,2,1.1536539324358672,0,13,1,7,37.37799214063269,4:-4,auto,0,20,4,esa,63,1,0,vbr,1,high,0.0833025022174705,43,10,149,12,23,0,20,1,1,1,Still_image_720p_25fps_15s
469,0,"p8x8,b8x8,i8x8,i4x4",3,1.9388859071863007,0,9,1,-12,27.88001428928656,4:-4,auto,0,20,4,hex,63,1,0,vbr,0,high,0.0833025022174705,43,10,149,12,23,0,20,1,1,1,Still_image_720p_25fps_15s
1690,1,none,2,1.1536539324358672,1,13,1,-10,37.37799214063269,4:-4,auto,0,20,4,esa,63,1,0,vbr,1,high,0.0833025022174705,43,10,149,12,7,0,20,1,1,0,Still_image_720p_25fps_15s
1011,0,p4x4,0,0.7841382476494912,0,13,1,7,37.37799214063269,4:-4,auto,0,20,0,esa,63,1,0,vbr,0,high,0.0833025022174705,43,10,149,2,23,2,20,1,1,1,Still_image_720p_25fps_15s
1690,1,none,2,1.1536539324358672,0,13,1,7,42.876785685812266,4:-4,auto,0,106,3,tesa,6,1,1,vbr,1,baseline,0.4533312853075793,41,14,209,8,15,2,18,2,0,1,Still_image_720p_25fps_15s
469,0,"p8x8,b8x8,i8x8,i4x4",3,1.9388859071863007,0,9,1,-12,27.88001428928656,4:-4,auto,0,20,4,hex,63,1,0,vbr,0,high,0.0833025022174705,43,10,149,12,23,0,20,0,0,0,Still_image_720p_25fps_15s
469,0,"p8x8,b8x8,i8x8,i4x4",3,1.9388859071863007,0,9,1,-12,27.88001428928656,4:-4,auto,0,20,4,hex,63,1,0,vbr,0,high,0.0833025022174705,43,10,149,6,96,4,20,0,1,0,Still_image_720p_25fps_15s
1011,0,p4x4,0,0.7841382476494912,0,13,1,7,37.37799214063269,4:-4,auto,0,406,0,esa,20,1,0,vbr,0,main,0.0833025022174705,43,10,149,12,23,0,20,1,1,1,Still_image_720p_25fps_15s
1690,1,none,2,1.1536539324358672,0,13,1,7,44.37311282353116,4:-4,auto,0,20,4,esa,63,1,1,vbr,1,high,0.0833025022174705,43,10,149,2,23,2,20,0,1,1,Still_image_720p_25fps_15s
469,0,"p8x8,b8x8,i8x8,i4x4",2,1.9388859071863007,0,9,1,-12,27.88001428928656,4:-4,none,0,20,4,tesa,63,1,0,vbr,0,high,0.0833025022174705,43,10,244,12,23,0,20,0,1,1,Still_image_720p_25fps_15s
1690,1,none,3,1.9388859071863007,0,9,1,-12,27.88001428928656,4:-4,auto,0,20,4,hex,63,1,0,vbr,0,high,0.0833025022174705,43,10,149,6,96,4,20,0,1,1,Still_image_720p_25fps_15s
469,0,"p8x8,b8x8,i8x8,i4x4",2,0.9707990275429716,0,13,1,7,44.37311282353116,6:6,auto,0,20,4,esa,63,1,1,vbr,0,high,0.0833025022174705,43,10,149,6,23,2,20,2,1,1,Still_image_720p_25fps_15s
1011,0,p4x4,0,0.7841382476494912,0,13,0,7,37.37799214063269,4:-4,auto,0,20,0,esa,63,0,0,vbr,0,high,0.0833025022174705,43,10,149,2,23,2,20,1,1,1,Still_image_720p_25fps_15s
433,0,"p8x8,b8x8,i8x8,i4x4",3,1.143895938818723,0,9,1,-12,27.88001428928656,4:-4,auto,0,20,4,hex,63,1,0,vbr,0,high,0.0833025022174705,43,10,29,12,23,0,20,0,0,0,Still_image_720p_25fps_15s
1690,0,none,1,1.1536539324358672,0,13,1,-12,27.88001428928656,4:-4,auto,1,20,4,hex,53,1,0,vbr,0,high,0.0833025022174705,45,10,149,6,96,4,20,0,1,0,Still_image_720p_25fps_15s
1690,1,none,2,1.1536539324358672,0,13,1,7,42.876785685812266,4:-4,auto,0,106,3,dia,6,1,0,vbr,1,baseline,0.0833025022174705,43,10,244,12,23,0,20,0,1,1,Still_image_720p_25fps_15s
1690,1,none,2,1.1536539324358672,0,13,1,7,37.37799214063269,4:-4,auto,0,20,4,esa,63,0,0,vbr,0,high,0.0833025022174705,43,10,149,12,23,0,20,1,1,1,Still_image_720p_25fps_15s
1690,1,none,1,1.1536539324358672,0,13,1,-10,37.37799214063269,4:-4,auto,1,20,4,esa,63,1,0,vbr,1,high,0.0833025022174705,33,10,149,6,64,1,36,0,0,1,Still_image_720p_25fps_15s
76,0,p8x8,2,1.1536539324358672,1,13,1,7,37.37799214063269,-3:3,auto,0,20,4,esa,14,1,0,vbr,1,high,0.0833025022174705,43,10,149,12,23,0,20,1,1,1,Still_image_720p_25fps_15s
1690,1,"p8x8,b8x8,i8x8,i4x4",2,1.1536539324358672,0,13,1,7,30.029609086943093,4:-4,auto,0,20,2,esa,63,1,1,vbr,1,high,0.0833025022174705,43,10,47,12,23,0,20,0,1,1,Still_image_720p_25fps_15s
654,0,p8x8,3,0.9870357695477202,1,2,0,2,7.830945598811128,-2:2,temporal,0,433,4,esa,26,1,0,none,0,main,0.684593559790989,50,7,91,5,23,1,59,0,1,0,Big_1080p_60fps_10s
757,1,"p8x8,b8x8,i8x8,i4x4",0,1.5333593505132783,2,4,1,9,3.28200958194923,-4:4,spatial,0,471,0,dia,54,0,1,none,1,baseline,0.6493532546000097,48,4,49,2,87,0,37,0,1,1,Big_1080p_60fps_10s
76,0,p8x8,1,1.9431946729598224,2,7,1,-3,23.10573944890249,6:-6,temporal,1,83,3,esa,25,1,1,cbr,0,high,0.2413842509767567,22,19,215,9,92,0,12,0,1,0,Big_1080p_60fps_10s
757,0,"p8x8,b8x8,i8x8,i4x4",0,1.5333593505132783,2,4,1,9,3.28200958194923,-4:4,spatial,0,471,2,umh,24,0,1,cbr,0,high,0.5225257995416253,22,2,141,4,81,7,63,0,0,1,Big_1080p_60fps_10s
76,0,"p8x8,b8x8,i8x8,i4x4",0,1.5333593505132783,2,4,1,9,3.28200958194923,-4:4,spatial,0,471,2,umh,24,0,1,cbr,0,high,0.5225257995416253,22,2,141,4,81,7,63,0,0,1,Big_1080p_60fps_10s
1055,1,p4x4,3,0.6842316185031362,1,2,0,2,7.830945598811128,1:-1,auto,0,433,4,esa,18,1,0,none,0,main,0.684593559790989,50,7,91,5,23,1,64,0,1,0,Big_1080p_60fps_10s
1055,1,p4x4,3,0.6842316185031362,1,2,0,2,7.830945598811128,1:-1,auto,0,433,4,umh,18,1,0,none,0,main,0.684593559790989,50,13,91,5,23,1,64,0,0,0,Big_1080p_60fps_10s
76,0,p8x8,1,0.6295137611273145,2,0,1,9,29.58495568862226,4:4,spatial,0,51,0,dia,54,0,1,none,0,baseline,0.6493532546000097,48,4,92,2,80,0,2,0,0,0,Big_1080p_60fps_10s
76,0,p8x8,1,0.6295137611273145,2,0,1,2,29.58495568862226,4:4,spatial,0,51,0,esa,54,0,1,none,0,main,0.684593559790989,50,7,91,5,94,1,64,0,1,0,Big_1080p_60fps_10s
76,0,p8x8,1,0.6295137611273145,2,4,1,2,29.207685966363982,4:4,spatial,0,51,0,esa,54,0,1,none,0,main,0.0833025022174705,48,7,91,5,94,1,64,0,1,0,Big_1080p_60fps_10s
76,0,p8x8,1,0.6295137611273145,2,0,1,9,29.58495568862226,4:4,spatial,0,51,0,dia,54,0,1,none,0,baseline,0.6493532546000097,48,4,92,2,80,0,19,0,0,0,Big_1080p_60fps_10s
76,0,p8x8,1,0.6295137611273145,2,0,1,9,44.06108837982575,4:4,spatial,0,51,0,dia,54,0,1,vbr,0,baseline,0.6493532546000097,48,4,49,2,87,0,37,0,1,1,Big_1080p_60fps_10s
1055,1,p4x4,3,0.6295137611273145,2,0,1,9,44.06108837982575,4:4,spatial,1,186,0,dia,54,0,1,vbr,0,baseline,0.6493532546000097,48,4,49,2,83,0,37,0,1,1,Big_1080p_60fps_10s
757,0,p8x8,1,0.6295137611273145,2,4,1,2,29.207685966363982,4:4,spatial,0,51,0,hex,54,1,1,none,0,main,0.0833025022174705,48,4,91,3,94,1,20,0,1,0,Big_1080p_60fps_10s
76,0,p8x8,1,0.6295137611273145,2,0,1,9,2.0862493165521627,4:4,spatial,0,51,0,dia,54,0,0,none,0,baseline,0.320808905201074,30,10,92,2,80,0,2,0,0,0,Big_1080p_60fps_10s
76,0,p8x8,1,0.6295137611273145,2,0,1,9,44.06108837982575,-2:2,spatial,0,51,0,dia,54,0,1,vbr,0,baseline,0.6493532546000097,48,4,92,2,80,0,2,0,0,0,Big_1080p_60fps_10s
76,0,p8x8,1,0.6295137611273145,2,0,1,9,7.463777905113137,4:4,spatial,0,51,0,dia,54,0,1,none,0,baseline,0.6493532546000097,48,4,49,2,87,0,37,1,0,1,Big_1080p_60fps_10s
76,0,p8x8,1,0.6295137611273145,2,0,1,9,4.173228676128457,4:4,spatial,0,51,0,dia,54,0,1,none,0,baseline,0.6493532546000097,48,4,92,2,80,0,2,0,0,0,Big_1080p_60fps_10s
76,0,p8x8,1,0.6295137611273145,2,4,1,2,29.207685966363982,1:-1,spatial,0,51,0,esa,54,0,1,vbr,0,main,0.0833025022174705,48,7,91,5,94,1,64,0,1,0,Big_1080p_60fps_10s
174,1,all,1,0.4071332225509305,0,2,0,-3,16.144790384831943,-1:1,spatial,0,324,4,tesa,5,1,0,vbr,0,baseline,0.3277609470014653,49,13,49,2,87,2,37,0,1,1,Big_1080p_60fps_10s
2290,1,"p8x8,b8x8,i8x8,i4x4",3,1.506516628113297,1,2,1,2,36.22494193202382,1:-1,none,0,354,4,dia,49,0,1,vbr,1,high,0.1779546679981341,51,17,85,9,23,2,27,0,0,1,Big_480p_60fps_20s
2290,1,"p8x8,b8x8,i8x8,i4x4",3,1.506516628113297,1,2,0,2,36.22494193202382,1:-1,auto,0,354,4,dia,49,0,1,vbr,0,high,0.9125664852815564,51,3,185,4,87,4,53,0,0,2,Big_480p_60fps_20s
2290,1,"p8x8,b8x8,i8x8,i4x4",1,1.506516628113297,1,2,0,2,42.12385146123028,-6:6,auto,0,354,4,dia,49,0,1,none,0,high,0.1779546679981341,48,1,137,11,91,2,35,0,1,0,Big_480p_60fps_20s
2290,0,"p8x8,b8x8,i8x8,i4x4",0,0.8848789024034137,1,2,0,4,36.22494193202382,1:-1,auto,0,354,3,dia,49,0,1,cbr,0,high,0.1779546679981341,44,12,137,11,54,2,34,2,0,2,Big_480p_60fps_20s
2290,1,"p8x8,b8x8,i8x8,i4x4",2,0.8848789024034137,1,2,0,4,36.22494193202382,1:-1,auto,0,354,3,dia,49,0,1,vbr,0,high,0.1779546679981341,51,1,137,11,54,2,34,2,0,2,Big_480p_60fps_20s
2290,0,"p8x8,b8x8,i8x8,i4x4",1,1.506516628113297,1,2,0,2,42.12385146123028,-6:6,auto,0,354,4,dia,49,0,1,none,0,high,0.1779546679981341,48,1,137,11,54,2,35,0,1,0,Big_480p_60fps_20s
2290,1,"p8x8,b8x8,i8x8,i4x4",3,1.506516628113297,1,2,0,2,36.22494193202382,1:-1,auto,0,354,4,dia,49,0,1,vbr,0,high,0.1779546679981341,51,1,137,11,54,2,34,0,1,0,Big_480p_60fps_20s
2222,1,"p8x8,b8x8,i8x8,i4x4",3,1.506516628113297,1,2,0,4,36.22494193202382,1:-1,auto,0,354,0,dia,49,0,1,vbr,0,high,0.1779546679981341,51,1,137,11,54,2,34,2,0,2,Big_480p_60fps_20s
2290,1,"p8x8,b8x8,i8x8,i4x4",2,0.8848789024034137,1,2,0,2,36.22494193202382,1:-1,auto,1,354,4,dia,49,0,1,vbr,0,high,0.1779546679981341,51,1,137,11,54,2,34,0,1,0,Big_480p_60fps_20s
2290,1,"p8x8,b8x8,i8x8,i4x4",2,0.8848789024034137,1,3,0,4,36.22494193202382,1:-1,auto,0,354,4,dia,49,0,1,cbr,0,high,0.1779546679981341,44,1,137,3,54,2,34,2,0,1,Big_480p_60fps_20s
2290,1,"p8x8,b8x8,i8x8,i4x4",3,1.506516628113297,1,2,0,2,27.07511018995715,1:-1,auto,0,354,4,dia,58,0,1,none,0,high,0.1779546679981341,51,15,13,13,63,7,23,1,0,2,Big_480p_60fps_20s
2290,1,"p8x8,b8x8,i8x8,i4x4",2,0.8848789024034137,1,1,0,4,36.22494193202382,1:-1,auto,0,354,3,dia,49,0,1,vbr,0,main,0.1779546679981341,51,1,137,11,54,2,34,2,0,2,Big_480p_60fps_20s
2063,1,p8x8,3,1.879265215072042,1,2,0,-7,36.22494193202382,1:-1,auto,0,354,4,dia,49,0,1,vbr,0,high,0.9125664852815564,51,3,185,4,87,4,53,0,0,0,Big_480p_60fps_20s
2290,1,"p8x8,b8x8,i8x8,i4x4",3,1.506516628113297,1,10,0,2,36.22494193202382,1:-1,auto,0,354,4,dia,49,0,1,vbr,0,high,0.670392974439477,51,3,185,4,55,8,34,2,0,1,Big_480p_60fps_20s
2290,1,"p8x8,b8x8,i8x8,i4x4",2,0.8848789024034137,1,2,0,4,36.22494193202382,1:-1,auto,0,354,3,dia,49,0,1,vbr,0,high,0.1779546679981341,51,1,137,11,87,4,53,1,0,2,Big_480p_60fps_20s
2290,1,"p8x8,b8x8,i8x8,i4x4",1,1.5918000964484404,1,2,0,2,42.12385146123028,-6:6,auto,0,354,4,umh,49,0,1,none,0,high,0.1779546679981341,51,1,137,10,54,2,34,2,0,1,Big_480p_60fps_20s
2222,1,"p8x8,b8x8,i8x8,i4x4",3,1.506516628113297,1,2,0,4,36.22494193202382,1:-1,auto,0,354,0,hex,49,0,0,none,0,high,0.5097333101161823,48,1,137,11,91,2,35,0,1,1,Big_480p_60fps_20s
2290,1,p8x8,2,0.8848789024034137,1,2,0,4,36.22494193202382,1:-1,auto,0,354,3,dia,49,1,1,vbr,0,high,0.1779546679981341,51,1,137,11,54,2,34,2,0,2,Big_480p_60fps_20s
1925,1,"p8x8,b8x8,i8x8,i4x4",2,0.8848789024034137,1,3,0,4,36.22494193202382,1:-1,auto,0,354,4,dia,49,0,1,vbr,0,high,0.1779546679981341,51,1,137,11,54,2,34,2,0,2,Big_480p_60fps_20s
2290,1,"p8x8,b8x8,i8x8,i4x4",2,0.8848789024034137,1,2,0,2,36.22494193202382,1:-1,auto,0,354,3,dia,22,0,1,cbr,0,high,0.0303330983495558,44,13,137,3,32,2,34,2,1,1,Big_480p_60fps_20s
184,1,all,0,0.3508121195638485,2,13,0,4,29.725491768020035,6:-6,temporal,0,434,0,dia,35,1,1,none,0,baseline,0.5241074708625206,41,17,51,2,96,5,54,1,1,2,Still_image_1080p_30fps_15s
184,1,all,0,0.3508121195638485,0,13,0,4,29.725491768020035,6:-6,temporal,0,434,0,umh,49,0,1,none,0,baseline,0.5241074708625206,48,14,145,6,26,2,64,1,0,2,Still_image_1080p_30fps_15s
184,1,all,0,1.148801451513502,2,13,0,4,29.725491768020035,6:-6,temporal,0,434,4,dia,35,0,1,none,0,baseline,0.5241074708625206,41,17,51,2,96,5,54,1,1,2,Still_image_1080p_30fps_15s
184,1,"p8x8,b8x8,i8x8,i4x4",0,0.3508121195638485,2,13,0,4,29.725491768020035,6:-6,temporal,0,434,0,dia,35,1,1,none,0,baseline,0.5241074708625206,41,17,51,2,96,5,54,1,1,2,Still_image_1080p_30fps_15s
748,0,"p8x8,b8x8,i8x8,i4x4",0,0.6021743404892261,2,3,1,7,32.175098460459246,-2:2,temporal,0,258,2,dia,35,1,1,none,1,baseline,0.5241074708625206,41,17,49,2,96,5,54,1,1,2,Still_image_1080p_30fps_15s
184,1,p4x4,0,0.3508121195638485,2,13,0,4,29.725491768020035,6:-6,temporal,0,434,0,dia,35,1,1,none,0,baseline,0.5241074708625206,41,17,111,6,62,0,22,2,0,1,Still_image_1080p_30fps_15s
184,0,all,0,0.3508121195638485,0,13,0,4,29.725491768020035,6:-6,temporal,1,434,0,umh,49,0,1,none,1,high,0.5241074708625206,41,17,49,2,96,5,54,1,1,2,Still_image_1080p_30fps_15s
891,1,all,0,0.3508121195638485,2,13,1,4,29.725491768020035,6:-6,temporal,1,434,0,dia,35,1,1,none,1,baseline,0.5241074708625206,41,17,51,2,96,5,54,1,1,2,Still_image_1080p_30fps_15s
123,0,all,1,0.1122087939848967,0,16,0,4,29.725491768020035,6:-6,temporal,0,434,0,dia,35,1,1,none,0,baseline,0.5241074708625206,41,17,51,2,96,5,54,1,1,2,Still_image_1080p_30fps_15s
184,1,all,0,0.3508121195638485,0,13,0,4,16.59911574045779,6:-6,temporal,0,434,0,umh,49,0,1,none,0,baseline,0.5241074708625206,48,14,145,6,26,2,64,1,0,0,Still_image_1080p_30fps_15s
184,1,all,0,0.7918128443143394,0,13,0,4,29.725491768020035,-2:2,temporal,1,434,0,umh,49,0,1,none,0,baseline,0.5241074708625206,48,19,145,6,26,2,64,1,0,2,Still_image_1080p_30fps_15s
184,1,all,0,1.148801451513502,2,13,0,4,29.725491768020035,6:-6,temporal,0,434,4,dia,35,0,1,none,0,baseline,0.5241074708625206,41,17,191,2,96,5,41,1,1,2,Still_image_1080p_30fps_15s
184,1,p4x4,1,0.3508121195638485,2,13,0,4,29.725491768020035,6:-6,temporal,0,434,0,dia,35,1,1,none,0,baseline,0.5241074708625206,41,17,111,6,62,5,36,1,1,2,Still_image_1080p_30fps_15s
119,1,all,2,1.7703159785329992,1,0,0,4,29.725491768020035,6:-6,temporal,0,434,0,umh,49,0,1,none,0,baseline,0.5241074708625206,48,14,145,6,26,2,64,1,0,2,Still_image_1080p_30fps_15s
748,0,"p8x8,b8x8,i8x8,i4x4",0,0.6021743404892261,2,3,1,7,32.175098460459246,-2:2,temporal,0,258,2,dia,35,1,1,none,0,high,0.5241074708625206,41,17,51,2,96,5,54,0,1,2,Still_image_1080p_30fps_15s
184,1,all,0,1.2036323375097515,2,13,0,4,29.725491768020035,6:-6,temporal,0,434,0,dia,35,1,1,none,1,baseline,0.5241074708625206,41,1,131,2,96,5,54,1,1,2,Still_image_1080p_30fps_15s
891,1,all,0,1.6189483254665884,2,13,1,4,29.725491768020035,6:-6,temporal,1,434,0,dia,35,0,1,none,1,high,0.5241074708625206,45,17,49,2,96,5,54,0,1,2,Still_image_1080p_30fps_15s
184,1,none,2,0.3508121195638485,2,13,1,4,29.725491768020035,6:-6,temporal,1,366,0,dia,28,1,1,none,0,baseline,0.5241074708625206,41,17,51,2,96,1,54,1,1,2,Still_image_1080p_30fps_15s
184,1,all,0,0.3508121195638485,2,2,0,4,29.725491768020035,6:-6,temporal,0,434,0,dia,35,1,0,none,0,baseline,0.5241074708625206,41,10,51,2,96,5,54,1,1,2,Still_image_1080p_30fps_15s
184,1,p4x4,0,1.6219573113782677,2,13,0,4,29.725491768020035,6:-6,temporal,0,434,0,dia,35,1,1,none,0,baseline,0.5241074708625206,41,17,189,6,96,5,54,1,0,2,Still_image_1080p_30fps_15s
260,1,p4x4,1,1.831088268337472,2,13,0,6,27.161539979237823,6:6,spatial,1,346,4,dia,38,0,1,none,0,baseline,0.8574329461146062,39,1,187,1,49,9,15,1,0,2,Standard_1080p_25fps_10s
435,1,p4x4,1,1.6895316086257244,0,11,1,8,45.53118017738864,0:0,temporal,1,311,0,umh,52,1,1,vbr,1,baseline,0.2420653603365288,42,19,80,2,0,7,55,0,0,0,Standard_1080p_25fps_10s
435,1,p4x4,1,1.6895316086257244,0,11,1,8,45.53118017738864,0:0,temporal,0,311,0,umh,52,1,1,vbr,1,baseline,0.2420653603365288,42,19,80,13,0,7,15,1,0,2,Standard_1080p_25fps_10s
539,0,none,3,0.6998466109290318,1,10,1,-3,40.81864406505351,5:5,none,0,488,2,umh,36,0,1,none,0,baseline,0.7955933770484963,35,9,42,4,34,8,55,2,0,2,Standard_1080p_25fps_10s
539,0,none,3,0.6636506369864832,1,10,1,-3,40.81864406505351,5:5,none,0,488,2,umh,36,0,1,cbr,0,baseline,0.7955933770484963,35,14,42,4,34,8,55,2,0,0,Standard_1080p_25fps_10s
539,0,none,3,0.6998466109290318,1,10,1,-3,40.81864406505351,5:5,none,0,488,2,umh,36,0,1,none,0,baseline,0.7955933770484963,35,14,42,4,34,8,55,2,0,0,Standard_1080p_25fps_10s
539,0,p4x4,3,0.6636506369864832,1,10,1,-3,40.81864406505351,5:5,none,0,488,2,umh,36,0,1,cbr,0,baseline,0.7955933770484963,35,9,42,4,34,8,55,2,0,2,Standard_1080p_25fps_10s
1757,0,"p8x8,b8x8,i8x8,i4x4",3,0.6998466109290318,1,10,1,-3,40.81864406505351,5:5,none,0,488,2,umh,36,1,1,none,0,baseline,0.7955933770484963,35,9,42,4,49,10,15,1,0,2,Standard_1080p_25fps_10s
539,0,none,3,0.6998466109290318,1,10,1,-3,47.768036477735095,5:5,none,0,488,2,esa,6,0,1,none,0,baseline,0.7955933770484963,35,9,42,4,34,8,55,2,0,0,Standard_1080p_25fps_10s
539,0,none,3,0.6636506369864832,0,10,1,3,26.836448190465475,5:5,none,0,488,2,umh,36,0,1,cbr,0,baseline,0.8854689435238875,35,14,42,4,34,8,55,2,0,2,Standard_1080p_25fps_10s
1757,0,"p8x8,b8x8,i8x8,i4x4",3,0.6998466109290318,1,10,1,-3,40.81864406505351,2:-2,temporal,0,488,2,umh,36,1,1,none,0,baseline,0.7955933770484963,35,9,42,11,49,10,15,1,0,2,Standard_1080p_25fps_10s
539,0,p8x8,3,0.6636506369864832,0,10,1,3,26.836448190465475,-3:3,none,0,488,2,umh,36,0,1,cbr,0,baseline,0.8854689435238875,39,1,187,1,49,9,15,1,1,2,Standard_1080p_25fps_10s
539,0,none,3,0.6636506369864832,1,10,1,-3,40.81864406505351,5:5,spatial,1,346,4,dia,38,0,1,none,0,baseline,0.8574329461146062,39,1,187,1,49,6,15,1,0,2,Standard_1080p_25fps_10s
539,0,none,3,0.6636506369864832,1,10,0,-1,40.81864406505351,5:5,none,0,488,2,tesa,36,0,1,cbr,0,main,0.7955933770484963,35,14,42,4,34,8,15,1,0,2,Standard_1080p_25fps_10s
1757,0,"p8x8,b8x8,i8x8,i4x4",3,0.6998466109290318,1,10,0,-3,40.81864406505351,5:5,none,0,488,2,umh,36,1,1,none,0,baseline,0.7955933770484963,35,12,42,4,14,10,55,1,0,0,Standard_1080p_25fps_10s
539,0,none,3,0.6998466109290318,1,10,1,9,40.81864406505351,4:4,none,0,488,2,umh,39,0,1,none,0,baseline,0.7955933770484963,35,9,42,4,34,8,55,2,0,2,Standard_1080p_25fps_10s
539,1,none,3,1.2732014738287774,2,10,1,-3,47.768036477735095,5:5,none,0,488,2,esa,6,0,1,cbr,0,main,0.7955933770484963,35,9,42,4,34,8,55,2,0,2,Standard_1080p_25fps_10s
260,1,p8x8,1,0.9267860407372196,0,3,1,-3,40.81864406505351,5:5,none,0,488,1,umh,36,0,1,cbr,0,high,0.7955933770484963,35,1,42,4,34,8,55,2,0,2,Standard_1080p_25fps_10s
260,1,p4x4,1,1.831088268337472,2,13,0,6,27.161539979237823,6:6,spatial,1,346,4,dia,15,0,1,none,0,baseline,0.8574329461146062,35,14,42,4,34,8,55,2,0,2,Standard_1080p_25fps_10s
435,1,p4x4,1,1.6895316086257244,0,11,1,8,45.53118017738864,0:0,temporal,1,311,0,esa,52,1,1,vbr,1,baseline,0.2420653603365288,42,19,80,14,0,7,55,0,0,0,Standard_1080p_25fps_10s
2192,1,p4x4,3,0.6295137611273145,2,0,1,5,49.376471962682494,4:4,temporal,1,24,4,dia,54,0,1,none,1,baseline,0.6493532546000097,21,4,92,2,81,10,49,2,0,1,Action_480p_25fps_15s
2192,1,p4x4,3,0.6295137611273145,2,0,0,9,49.376471962682494,4:4,spatial,1,51,0,dia,54,0,1,none,1,baseline,0.6493532546000097,21,4,92,2,81,10,49,2,0,1,Action_480p_25fps_15s
255,1,p4x4,3,0.6295137611273145,2,0,1,-11,30.31449677995161,4:4,temporal,1,77,0,dia,54,0,1,none,1,baseline,0.6493532546000097,42,4,92,2,81,10,49,1,0,1,Action_480p_25fps_15s
2192,1,p4x4,3,0.6295137611273145,2,8,1,-8,34.94113631934421,-4:4,temporal,0,234,3,hex,54,1,0,none,0,baseline,0.7214316074693485,25,16,141,7,7,0,0,1,1,2,Action_480p_25fps_15s
2192,1,p4x4,3,0.6295137611273145,2,8,1,-8,34.94113631934421,-4:4,temporal,0,234,3,hex,45,1,0,none,0,baseline,0.7214316074693485,25,16,141,7,7,0,0,1,0,1,Action_480p_25fps_15s
2192,1,p4x4,3,0.6295137611273145,2,0,1,5,49.376471962682494,4:4,spatial,1,259,4,dia,54,0,1,none,1,baseline,0.6493532546000097,48,4,92,2,40,1,24,2,1,2,Action_480p_25fps_15s
76,0,none,1,0.6295137611273145,2,8,0,-8,29.58495568862226,-4:4,temporal,0,234,3,hex,54,0,0,none,0,baseline,0.7214316074693485,25,16,141,7,7,3,0,1,1,2,Action_480p_25fps_15s
255,1,p4x4,3,0.6295137611273145,2,0,1,-11,30.31449677995161,4:4,temporal,0,77,0,dia,54,0,1,none,1,baseline,0.7214316074693485,25,16,152,7,7,10,37,1,1,2,Action_480p_25fps_15s
76,0,none,1,1.6231356233426666,2,8,1,-8,29.58495568862226,-4:4,temporal,0,234,3,hex,54,1,0,none,0,baseline,0.7214316074693485,25,16,137,7,7,3,0,0,1,2,Action_480p_25fps_15s
255,1,p4x4,3,0.6295137611273145,2,0,1,-11,30.31449677995161,4:4,none,0,77,0,hex,54,0,1,none,1,baseline,0.7214316074693485,25,16,152,7,7,10,37,1,1,2,Action_480p_25fps_15s
76,1,none,2,1.4437908389182843,2,6,1,-8,29.58495568862226,-4:4,temporal,0,323,3,hex,54,1,0,none,1,baseline,0.7214316074693485,25,16,137,7,7,3,0,0,1,2,Action_480p_25fps_15s
255,1,p4x4,1,0.6295137611273145,2,0,1,-11,30.31449677995161,4:4,none,0,77,0,hex,54,0,1,none,1,baseline,0.7214316074693485,25,16,152,7,7,10,23,1,1,2,Action_480p_25fps_15s
2192,1,p4x4,3,0.6295137611273145,1,0,0,9,49.376471962682494,4:4,spatial,1,149,4,umh,33,0,1,none,1,high,0.2374952707397156,48,4,50,2,51,4,24,0,1,2,Action_480p_25fps_15s
2355,1,p4x4,3,0.6295137611273145,1,0,0,5,37.28746632608682,4:4,spatial,1,51,4,hex,33,0,1,none,1,high,0.2374952707397156,48,4,92,2,81,1,24,0,1,2,Action_480p_25fps_15s
870,1,p4x4,0,0.3967799348463902,1,0,0,5,37.28746632608682,3:3,spatial,1,149,4,umh,33,0,1,none,1,high,0.2374952707397156,48,4,50,2,88,1,24,0,1,2,Action_480p_25fps_15s
870,1,p4x4,0,0.3967799348463902,1,0,0,5,37.28746632608682,-3:3,spatial,1,149,4,umh,33,0,1,none,1,high,0.2374952707397156,48,7,50,4,88,3,50,0,1,1,Action_480p_25fps_15s
870,1,p4x4,0,0.3967799348463902,1,0,0,5,37.28746632608682,3:3,spatial,1,149,4,umh,33,0,1,none,1,high,0.2374952707397156,48,4,50,2,88,1,40,0,1,2,Action_480p_25fps_15s
2192,0,p8x8,2,0.6295137611273145,2,14,0,-2,44.35005467924061,6:6,temporal,1,70,3,hex,31,0,1,cbr,1,baseline,0.9898119876376972,48,4,92,2,70,1,38,2,0,2,Action_480p_25fps_15s
2192,0,p4x4,2,0.6295137611273145,1,12,0,-2,44.35005467924061,6:6,temporal,1,70,3,hex,31,0,0,cbr,1,baseline,0.6493532546000097,48,4,92,2,70,1,38,2,1,2,Action_480p_25fps_15s
2192,1,p4x4,2,1.7209176996644684,1,12,0,-2,44.35005467924061,6:6,temporal,0,70,3,hex,31,0,0,cbr,1,baseline,0.6493532546000097,48,4,92,2,24,1,24,0,1,2,Action_480p_25fps_15s
626,1,p4x4,2,1.2206763118591664,0,0,1,8,50.3301403421661,2:2,none,1,459,3,dia,46,1,1,none,1,high,0.2390459400533245,49,18,229,5,5,9,53,0,0,2,Big_720p_25fps_20s
366,1,"p8x8,b8x8,i8x8,i4x4",0,0.0459513402607601,1,2,1,-9,32.47349575677263,-4:4,spatial,0,348,0,dia,41,1,0,cbr,1,high,0.8553483031211662,47,1,27,2,57,2,12,0,0,1,Big_720p_25fps_20s
805,1,p4x4,2,1.0852088752883258,1,4,1,-10,2.185327087253972,-2:2,none,1,241,0,umh,52,1,1,vbr,0,high,0.4400611630221483,39,9,26,1,8,3,63,2,1,0,Big_720p_25fps_20s
76,0,p4x4,2,1.0852088752883258,1,4,1,-10,2.185327087253972,-2:2,none,1,241,0,umh,52,1,0,vbr,0,high,0.4400611630221483,39,9,26,1,8,3,63,2,1,0,Big_720p_25fps_20s
805,1,p4x4,2,1.0852088752883258,1,15,1,-10,2.185327087253972,-2:2,none,1,241,1,umh,52,1,1,vbr,0,high,0.4400611630221483,39,9,26,1,8,3,63,2,1,0,Big_720p_25fps_20s
805,1,p4x4,2,1.0852088752883258,1,4,1,-10,2.185327087253972,-2:2,none,1,241,0,umh,52,1,1,vbr,0,high,0.4400611630221483,39,9,11,1,8,3,63,2,1,0,Big_720p_25fps_20s
2177,0,"p8x8,b8x8,i8x8,i4x4",0,1.0852088752883258,1,4,1,-10,2.185327087253972,-2:2,none,1,241,0,umh,52,0,1,vbr,0,high,0.4400611630221483,39,9,26,1,8,3,63,2,1,0,Big_720p_25fps_20s
805,1,p4x4,2,1.0852088752883258,1,15,1,-10,2.185327087253972,-2:2,none,1,241,1,umh,52,1,1,vbr,0,high,0.4400611630221483,39,6,30,4,33,3,63,0,0,2,Big_720p_25fps_20s
805,1,p4x4,1,1.0852088752883258,1,15,1,-10,2.185327087253972,-2:2,none,1,241,1,umh,52,1,0,vbr,0,high,0.4400611630221483,21,6,9,4,33,3,63,2,1,1,Big_720p_25fps_20s
1540,0,p4x4,2,1.2206763118591664,0,0,1,4,2.185327087253972,-2:2,none,1,241,1,umh,52,1,1,vbr,0,high,0.4400611630221483,39,6,30,4,33,3,63,1,0,2,Big_720p_25fps_20s
805,1,p4x4,2,0.2889823163488238,1,4,0,-10,2.185327087253972,-2:2,none,1,241,0,esa,52,1,0,vbr,0,high,0.4400611630221483,39,17,26,1,8,3,63,2,1,0,Big_720p_25fps_20s
76,0,p4x4,2,1.0852088752883258,1,4,1,-10,2.185327087253972,-2:2,none,1,241,0,dia,52,1,0,vbr,0,high,0.4400611630221483,39,9,26,1,8,3,36,2,1,0,Big_720p_25fps_20s
805,1,p4x4,2,1.0852088752883258,1,16,1,-10,2.185327087253972,-2:2,none,1,241,0,umh,52,1,1,vbr,0,high,0.4400611630221483,39,3,11,1,8,3,63,2,1,0,Big_720p_25fps_20s
832,1,p4x4,2,1.0852088752883258,1,15,1,-10,2.185327087253972,-2:2,none,0,241,1,umh,52,1,1,vbr,0,high,0.4400611630221483,39,9,26,1,8,3,53,0,0,2,Big_720p_25fps_20s
2177,1,"p8x8,b8x8,i8x8,i4x4",0,1.0852088752883258,2,4,1,-10,2.185327087253972,-2:2,auto,1,241,0,umh,25,0,1,vbr,0,high,0.4400611630221483,39,9,26,1,8,3,63,2,1,0,Big_720p_25fps_20s
805,1,p4x4,2,1.0852088752883258,1,4,1,-10,2.185327087253972,-2:2,none,1,490,0,umh,52,0,1,vbr,0,high,0.4400611630221483,39,9,26,1,8,7,12,0,0,1,Big_720p_25fps_20s
2177,0,"p8x8,b8x8,i8x8,i4x4",1,1.0852088752883258,1,4,1,-10,2.185327087253972,-2:2,none,1,468,0,umh,52,0,0,vbr,0,high,0.4400611630221483,39,9,45,1,8,3,63,2,1,0,Big_720p_25fps_20s
805,0,all,2,1.0852088752883258,1,4,1,-10,2.185327087253972,-2:2,temporal,1,241,0,umh,52,1,1,vbr,0,high,0.4400611630221483,39,9,11,1,8,3,63,2,1,0,Big_720p_25fps_20s
805,1,p4x4,0,1.0852088752883258,1,15,1,-10,2.185327087253972,-2:2,none,1,241,4,umh,52,1,1,vbr,0,high,0.4400611630221483,39,9,26,1,8,3,63,2,1,0,Big_720p_25fps_20s
2243,1,p4x4,2,1.2206763118591664,0,4,1,8,50.3301403421661,2:2,none,1,459,3,dia,46,1,0,cbr,1,high,0.2390459400533245,49,0,229,5,32,9,53,0,0,2,Big_720p_25fps_20s
352,0,p4x4,3,0.4485385499576775,1,4,1,-6,31.33242962835254,6:6,temporal,1,220,0,dia,11,0,0,vbr,1,high,0.5311705779453971,29,6,42,11,21,11,24,1,0,1,Still_image_480p_25fps_10s
979,1,all,1,0.5839624825528852,1,1,1,-5,23.43967311937345,-4:4,auto,0,252,1,umh,14,0,0,none,0,baseline,0.4831273088946638,22,13,102,1,81,6,17,0,0,1,Still_image_480p_25fps_10s
556,1,all,1,0.5839624825528852,1,1,1,-5,23.43967311937345,-4:4,auto,0,252,1,umh,14,0,0,none,0,baseline,0.4831273088946638,22,13,212,1,81,6,17,0,0,1,Still_image_480p_25fps_10s
979,1,all,1,0.5839624825528852,1,1,1,-5,23.43967311937345,-4:4,auto,0,252,1,umh,14,0,0,none,0,baseline,0.4831273088946638,22,13,102,1,81,10,48,2,0,1,Still_image_480p_25fps_10s
979,1,all,1,0.5839624825528852,1,1,1,-5,23.43967311937345,-4:4,auto,0,252,1,umh,14,0,0,none,1,baseline,0.7752709757555974,25,13,19,1,13,8,35,1,1,1,Still_image_480p_25fps_10s
979,0,all,1,0.5839624825528852,1,1,0,-5,44.41332062905747,-4:4,auto,0,41,1,umh,14,0,0,none,0,high,0.4831273088946638,22,13,144,9,84,2,24,1,1,0,Still_image_480p_25fps_10s
979,1,all,1,0.5839624825528852,1,1,1,-5,23.43967311937345,-4:4,auto,0,284,1,umh,14,0,0,none,0,baseline,0.4831273088946638,22,13,102,1,81,10,48,2,0,1,Still_image_480p_25fps_10s
979,0,all,1,0.5839624825528852,1,1,1,-5,23.43967311937345,-4:4,auto,0,252,1,umh,14,0,0,none,0,baseline,0.4831273088946638,22,13,148,1,81,10,1,2,0,1,Still_image_480p_25fps_10s
1284,1,all,3,0.5839624825528852,1,1,1,-5,23.43967311937345,-4:4,auto,0,252,1,umh,33,1,0,none,0,baseline,0.8343871418416611,31,13,85,9,8,2,51,0,1,1,Still_image_480p_25fps_10s
1477,1,all,1,0.776152378055929,1,1,1,-5,23.43967311937345,-4:4,auto,0,252,1,umh,14,0,0,none,0,baseline,0.5311705779453971,29,6,42,11,21,11,24,1,0,1,Still_image_480p_25fps_10s
556,1,all,1,0.5839624825528852,1,1,1,-5,23.43967311937345,-4:4,auto,0,252,2,umh,14,0,0,none,0,baseline,0.4831273088946638,22,13,212,1,25,6,24,1,1,1,Still_image_480p_25fps_10s
979,1,all,1,0.5839624825528852,1,1,1,-5,23.43967311937345,-4:4,temporal,0,284,1,umh,14,0,0,vbr,0,baseline,0.5311705779453971,29,6,42,11,21,11,24,1,0,1,Still_image_480p_25fps_10s
979,1,all,1,0.5839624825528852,0,1,1,-5,23.43967311937345,-4:4,auto,1,419,1,umh,58,0,0,cbr,0,baseline,0.984031714470867,43,20,182,3,30,10,17,0,0,2,Still_image_480p_25fps_10s
2168,1,p4x4,2,1.1279767194176709,1,4,0,-12,23.1320001770195,5:5,auto,1,252,4,umh,14,0,0,none,0,baseline,0.4831273088946638,22,13,102,1,81,6,17,0,0,0,Still_image_480p_25fps_10s
979,1,all,1,0.5839624825528852,1,1,1,-5,23.43967311937345,-1:1,auto,0,252,1,umh,36,0,0,none,0,baseline,0.4831273088946638,22,13,102,1,81,9,48,2,0,1,Still_image_480p_25fps_10s
979,1,all,0,0.5839624825528852,1,1,1,-6,23.43967311937345,6:6,auto,0,252,1,umh,14,0,0,none,0,baseline,0.4831273088946638,22,13,166,1,81,10,1,2,0,1,Still_image_480p_25fps_10s
278,0,all,1,0.5839624825528852,1,15,0,-5,42.164229127404745,-4:4,auto,0,41,1,umh,5,0,0,none,0,baseline,0.4831273088946638,22,13,102,1,81,6,17,0,0,1,Still_image_480p_25fps_10s
1417,1,all,1,0.6546025291812108,1,1,1,-5,23.43967311937345,-4:4,auto,0,252,1,dia,14,1,0,none,0,high,0.4831273088946638,22,13,144,9,84,2,24,1,1,1,Still_image_480p_25fps_10s
554,1,"p8x8,b8x8,i8x8,i4x4",2,0.2783506229640928,0,6,0,5,33.87353378196309,5:5,auto,1,384,1,dia,16,1,0,cbr,0,baseline,0.8507337593698167,43,11,41,3,30,10,48,2,0,1,Still_image_480p_25fps_10s
554,1,"p8x8,b8x8,i8x8,i4x4",2,1.6100448261766214,0,2,0,5,33.87353378196309,5:5,auto,1,384,1,dia,16,1,0,cbr,0,baseline,0.984031714470867,43,11,41,3,30,6,17,0,0,2,Still_image_480p_25fps_10s
76,0,p8x8,1,0.6295137611273145,2,0,1,9,29.58495568862226,4:4,spatial,0,51,0,dia,54,0,1,none,0,baseline,0.6493532546000097,48,4,92,2,80,0,2,0,0,0,Action_1080p_25fps_5s
76,0,p8x8,1,0.6295137611273145,2,0,1,9,29.58495568862226,-5:5,spatial,0,60,0,dia,54,0,1,none,0,baseline,0.6493532546000097,48,4,92,2,80,7,18,2,1,1,Action_1080p_25fps_5s
76,0,p8x8,1,0.6295137611273145,2,0,1,9,29.58495568862226,4:4,spatial,0,51,0,dia,48,0,1,none,0,baseline,0.6493532546000097,48,4,92,2,80,2,2,0,0,0,Action_1080p_25fps_5s
336,0,none,1,1.9940820913685129,1,6,1,9,29.58495568862226,4:4,auto,0,51,0,umh,54,0,1,none,0,baseline,0.6493532546000097,48,4,92,2,80,0,2,0,1,0,Action_1080p_25fps_5s
336,1,none,1,0.0912060476289293,1,6,0,-5,20.679328057338463,4:-4,none,0,51,0,dia,56,0,1,none,0,baseline,0.6493532546000097,48,4,92,2,80,2,2,0,0,0,Action_1080p_25fps_5s
76,0,p8x8,1,0.6295137611273145,2,0,1,9,29.58495568862226,4:4,spatial,0,51,0,dia,48,0,1,none,0,main,0.3644518743760119,39,12,132,3,30,0,8,0,1,1,Action_1080p_25fps_5s
76,0,p8x8,1,0.6295137611273145,2,0,1,9,29.58495568862226,-5:5,spatial,0,60,0,dia,54,0,1,none,1,high,0.6493532546000097,48,4,92,2,80,7,21,0,1,1,Action_1080p_25fps_5s
336,1,none,1,0.6295137611273145,2,0,0,9,29.58495568862226,4:4,none,0,51,2,dia,48,0,1,none,0,baseline,0.6493532546000097,48,4,92,9,80,2,2,0,0,0,Action_1080p_25fps_5s
76,0,p8x8,1,0.4102060294727098,2,0,1,-6,29.58495568862226,4:4,spatial,0,51,0,dia,54,0,1,none,0,baseline,0.6493532546000097,48,4,92,2,80,7,2,0,0,0,Action_1080p_25fps_5s
76,0,p8x8,0,0.6295137611273145,2,0,1,9,29.58495568862226,-5:5,spatial,0,60,4,dia,54,0,1,none,0,baseline,0.6493532546000097,48,4,92,2,30,5,8,1,1,1,Action_1080p_25fps_5s
76,0,p8x8,1,0.6295137611273145,2,0,1,9,29.58495568862226,-5:5,spatial,0,280,0,dia,54,0,1,none,0,baseline,0.9598929594652807,48,4,92,2,30,7,2,0,0,0,Action_1080p_25fps_5s
1937,0,p8x8,1,0.4102060294727098,2,0,1,-6,29.58495568862226,4:4,spatial,0,60,0,dia,54,0,1,none,1,high,0.6493532546000097,48,4,122,2,80,6,21,0,1,1,Action_1080p_25fps_5s
76,0,p8x8,1,0.6295137611273145,2,0,1,9,29.58495568862226,4:4,spatial,0,51,0,dia,48,0,1,none,0,baseline,0.9450047349041892,48,4,108,2,80,2,2,0,0,0,Action_1080p_25fps_5s
76,0,p8x8,1,0.6295137611273145,2,0,1,9,29.58495568862226,4:4,spatial,0,473,0,dia,54,0,0,none,1,main,0.3644518743760119,39,12,238,3,30,0,8,2,1,1,Action_1080p_25fps_5s
76,0,"p8x8,b8x8,i8x8,i4x4",1,1.5219456513284046,2,0,1,9,11.761951395945829,-5:5,spatial,0,60,0,dia,54,0,1,none,0,baseline,0.6493532546000097,48,4,92,2,80,0,2,0,0,2,Action_1080p_25fps_5s
76,0,p4x4,1,0.6295137611273145,2,0,1,9,29.58495568862226,4:4,spatial,0,51,0,dia,54,0,1,none,0,baseline,0.6493532546000097,48,4,92,2,80,7,18,2,1,1,Action_1080p_25fps_5s
336,1,none,1,0.0912060476289293,1,6,0,-5,20.679328057338463,4:-4,none,0,51,0,dia,56,0,1,none,0,baseline,0.6493532546000097,48,4,92,5,80,2,2,0,0,0,Action_1080p_25fps_5s
336,1,none,1,1.842223681740622,1,6,0,-5,20.679328057338463,4:-4,none,1,51,0,dia,56,0,1,none,0,baseline,0.6493532546000097,48,4,92,2,80,2,2,0,0,0,Action_1080p_25fps_5s
1487,1,p8x8,1,0.6295137611273145,2,0,1,9,29.58495568862226,4:4,spatial,0,51,1,dia,20,0,1,none,0,main,0.5456973144663639,39,12,132,3,30,0,8,0,1,1,Action_1080p_25fps_5s
314,0,p8x8,1,0.6295137611273145,2,0,1,9,29.58495568862226,4:4,spatial,1,248,0,dia,54,0,1,none,0,baseline,0.6071985520676814,48,4,92,2,80,0,2,1,0,0,Action_1080p_25fps_5s
1051,0,p4x4,0,1.4398637559951868,2,0,0,0,50.116393533906425,2:2,spatial,0,51,0,dia,54,0,1,none,1,baseline,0.3870412683698621,31,3,9,6,35,4,61,1,1,0,Standard_480p_60fps_5s
1587,0,p8x8,3,0.6295137611273145,2,0,0,9,29.58495568862226,4:4,temporal,0,51,0,dia,8,1,1,none,1,baseline,0.9752974117909078,47,10,115,1,16,4,48,0,1,0,Standard_480p_60fps_5s
76,0,p8x8,1,0.6295137611273145,2,0,1,9,29.58495568862226,4:4,spatial,0,51,0,dia,54,0,1,none,0,baseline,0.6493532546000097,48,4,92,2,80,0,2,0,0,0,Standard_480p_60fps_5s
1587,0,p8x8,3,0.6295137611273145,2,0,1,-3,29.58495568862226,4:4,spatial,0,51,0,dia,54,0,1,none,1,baseline,0.3870412683698621,26,3,9,6,10,4,61,1,1,0,Standard_480p_60fps_5s
76,0,p8x8,1,0.6295137611273145,2,0,1,9,29.58495568862226,4:4,spatial,0,51,0,dia,36,0,0,none,0,main,0.5302170590432224,25,19,182,12,10,7,22,2,0,1,Standard_480p_60fps_5s
76,0,p8x8,1,0.6295137611273145,2,0,1,9,23.12503960328424,4:4,auto,0,51,0,dia,54,0,1,none,0,main,0.6493532546000097,48,4,92,2,80,0,2,0,0,0,Standard_480p_60fps_5s
76,1,p8x8,1,0.6295137611273145,2,0,1,9,29.58495568862226,4:4,spatial,0,51,0,dia,54,0,1,none,1,baseline,0.9752974117909078,25,10,115,1,16,4,48,0,1,2,Standard_480p_60fps_5s
76,1,p8x8,1,0.6295137611273145,2,0,0,9,29.58495568862226,4:4,spatial,0,51,0,dia,54,1,1,none,1,baseline,0.9752974117909078,47,10,115,1,16,4,48,0,1,0,Standard_480p_60fps_5s
76,0,p8x8,1,0.6295137611273145,2,0,1,9,29.58495568862226,4:4,spatial,0,51,3,dia,54,0,1,vbr,0,baseline,0.6493532546000097,48,4,92,2,80,0,2,0,0,0,Standard_480p_60fps_5s
1587,0,p8x8,3,0.6295137611273145,2,0,1,-12,29.58495568862226,4:4,spatial,0,51,0,dia,54,0,1,cbr,1,baseline,0.0694029187082893,51,15,41,1,17,6,31,0,0,1,Standard_480p_60fps_5s
644,0,none,2,0.9487756353111814,1,12,0,-11,24.449985324451475,4:-4,spatial,0,51,0,dia,54,0,1,vbr,0,baseline,0.6493532546000097,48,4,92,2,80,0,2,0,1,0,Standard_480p_60fps_5s
76,0,p4x4,2,0.6295137611273145,2,0,1,9,29.58495568862226,4:4,spatial,0,51,0,dia,54,0,1,none,1,baseline,0.9752974117909078,35,10,115,15,16,4,48,0,1,2,Standard_480p_60fps_5s
76,1,p8x8,1,0.6295137611273145,2,0,1,9,29.58495568862226,4:4,spatial,0,500,0,dia,54,0,1,none,1,baseline,0.6493532546000097,48,4,92,2,80,0,2,0,0,0,Standard_480p_60fps_5s
76,0,p8x8,1,0.6295137611273145,2,0,1,9,23.12503960328424,4:4,auto,0,51,0,umh,54,0,1,none,1,baseline,0.0694029187082893,51,15,41,1,17,6,31,0,0,1,Standard_480p_60fps_5s
76,0,p8x8,1,0.6295137611273145,2,0,1,9,29.58495568862226,4:4,spatial,0,51,0,dia,36,0,0,vbr,0,main,0.5302170590432224,25,19,182,12,17,6,31,0,0,1,Standard_480p_60fps_5s
76,0,p8x8,1,0.6295137611273145,2,0,1,9,29.58495568862226,4:4,spatial,0,51,3,dia,54,1,1,vbr,0,baseline,0.6493532546000097,48,4,92,2,80,0,2,0,1,0,Standard_480p_60fps_5s
644,0,none,0,0.9487756353111814,1,12,0,-11,24.449985324451475,4:-4,spatial,0,51,0,dia,54,0,1,vbr,0,baseline,0.6493532546000097,48,4,92,2,80,0,2,0,0,0,Standard_480p_60fps_5s
76,0,p8x8,1,0.6295137611273145,2,0,1,9,29.58495568862226,4:4,spatial,0,51,4,dia,54,1,1,none,1,baseline,0.9752974117909078,25,10,115,1,16,4,48,0,1,0,Standard_480p_60fps_5s
76,1,p8x8,1,0.6295137611273145,2,0,1,9,29.58495568862226,4:4,spatial,0,51,0,dia,54,0,0,vbr,0,baseline,0.6493532546000097,48,4,92,11,80,0,2,0,0,0,Standard_480p_60fps_5s
76,0,p8x8,3,1.4398637559951868,2,0,0,0,50.116393533906425,2:2,spatial,0,51,0,dia,45,0,0,none,1,baseline,0.3870412683698621,31,3,73,6,46,4,31,1,0,0,Standard_480p_60fps_5s
25,1,none,2,0.9332932968624006,0,13,1,-9,34.39312855686856,3:-3,none,0,51,0,dia,54,0,1,cbr,0,baseline,0.6493532546000097,48,17,6,2,80,0,2,0,1,1,Standard_1080p_30fps_10s
25,1,none,2,1.4280740192306902,1,13,1,-9,34.39312855686856,3:-3,none,0,51,0,dia,54,0,1,cbr,0,baseline,0.6493532546000097,48,17,6,2,80,0,2,1,1,1,Standard_1080p_30fps_10s
25,1,none,2,0.9332932968624006,0,13,1,-9,34.39312855686856,3:-3,none,0,51,0,dia,54,0,1,cbr,0,baseline,0.6493532546000097,48,17,72,2,71,0,2,0,1,1,Standard_1080p_30fps_10s
25,1,none,2,0.9332932968624006,0,0,1,-7,24.40069179854476,3:-3,spatial,0,471,0,tesa,47,0,0,vbr,1,main,0.576805053312249,46,20,201,6,26,1,36,0,0,1,Standard_1080p_30fps_10s
76,0,p8x8,1,0.6295137611273145,1,3,1,9,38.290495247372135,6:6,spatial,1,457,0,umh,47,0,0,none,0,main,0.4806541140111094,46,20,201,6,61,1,36,0,0,1,Standard_1080p_30fps_10s
76,0,all,2,0.9332932968624006,0,7,0,9,34.39312855686856,3:-3,none,1,51,0,esa,50,1,1,cbr,0,baseline,0.6493532546000097,48,4,92,2,80,0,40,0,0,0,Standard_1080p_30fps_10s
76,0,p8x8,1,0.6295137611273145,2,0,1,9,29.58495568862226,2:-2,spatial,0,457,0,umh,47,0,0,none,0,main,0.6478075998755597,46,20,201,6,61,1,36,0,0,1,Standard_1080p_30fps_10s
849,1,p8x8,2,0.9332932968624006,0,0,1,9,34.39312855686856,3:-3,none,0,45,0,dia,54,0,1,cbr,0,baseline,0.6493532546000097,48,4,92,2,80,10,2,0,1,0,Standard_1080p_30fps_10s
25,1,none,2,0.9332932968624006,0,0,1,9,34.39312855686856,3:-3,none,0,471,0,dia,54,0,1,none,0,baseline,0.6493532546000097,48,4,92,2,80,0,18,0,0,0,Standard_1080p_30fps_10s
25,1,none,2,0.9332932968624006,0,13,1,9,34.39312855686856,3:-3,none,0,51,0,dia,54,0,1,cbr,0,baseline,0.6493532546000097,48,17,6,2,80,0,2,0,1,0,Standard_1080p_30fps_10s
25,1,none,2,0.9332932968624006,0,0,1,9,34.39312855686856,3:-3,none,0,51,0,dia,54,0,1,cbr,0,baseline,0.6493532546000097,48,4,92,2,80,0,2,0,1,0,Standard_1080p_30fps_10s
76,0,p8x8,1,0.6295137611273145,2,0,1,9,29.58495568862226,4:4,spatial,0,457,0,umh,47,0,0,vbr,0,main,0.6478075998755597,46,20,201,6,61,1,36,0,0,1,Standard_1080p_30fps_10s
76,0,p8x8,1,0.6295137611273145,2,0,1,9,29.58495568862226,4:4,spatial,0,51,0,dia,54,0,1,none,0,baseline,0.6493532546000097,48,4,92,2,80,0,2,0,0,0,Standard_1080p_30fps_10s
76,0,p8x8,1,0.6295137611273145,2,0,1,9,29.58495568862226,4:4,spatial,0,51,0,dia,54,0,1,none,0,baseline,0.6493532546000097,48,4,92,2,80,0,2,0,0,0,Standard_1080p_30fps_10s
76,0,p8x8,1,0.6295137611273145,2,0,1,9,29.58495568862226,4:4,spatial,0,51,2,dia,52,1,1,none,0,baseline,0.6493532546000097,48,4,92,2,80,0,2,0,0,0,Standard_1080p_30fps_10s
76,0,p8x8,1,0.6295137611273145,2,0,1,9,29.58495568862226,4:4,spatial,0,51,0,dia,54,0,1,none,0,main,0.6493532546000097,48,4,92,2,80,0,2,0,0,0,Standard_1080p_30fps_10s
76,0,p8x8,1,1.239064606455394,0,0,1,9,34.39312855686856,3:-3,temporal,0,131,0,hex,54,0,1,cbr,0,baseline,0.1157454877891368,22,4,92,2,78,5,2,0,1,0,Standard_1080p_30fps_10s
76,0,p8x8,1,0.6295137611273145,2,0,1,9,22.94215221810485,4:4,spatial,0,51,0,dia,54,0,1,none,0,baseline,0.6493532546000097,48,4,92,2,80,0,2,0,0,0,Standard_1080p_30fps_10s
76,0,p8x8,1,0.0253715438057853,2,0,1,9,29.58495568862226,4:4,spatial,0,51,0,dia,54,0,1,none,0,baseline,0.6493532546000097,48,4,92,2,80,0,2,0,0,0,Standard_1080p_30fps_10s
2316,1,p8x8,0,0.4594940965934127,2,1,0,11,29.58495568862226,4:4,spatial,0,51,4,umh,54,0,1,none,0,baseline,0.6493532546000097,48,4,92,2,80,0,2,0,0,0,Standard_1080p_30fps_10s
1640,1,none,1,1.4581035323342144,2,7,0,8,22.44793848931942,2:2,temporal,1,136,2,dia,24,0,1,none,0,baseline,0.6493532546000097,48,4,92,2,80,0,2,0,0,1,Action_480p_30fps_20s
1640,1,none,3,1.4581035323342144,2,13,1,8,22.44793848931942,2:2,none,0,136,2,dia,24,0,1,none,0,high,0.6025254326741154,48,4,92,2,80,6,2,0,1,0,Action_480p_30fps_20s
30,0,p8x8,2,1.1542326887006558,0,7,1,-12,24.436096809049484,-2:2,temporal,0,121,4,umh,33,0,1,cbr,1,high,0.0457102850965111,50,8,193,8,10,3,37,0,0,0,Action_480p_30fps_20s
30,1,p8x8,2,1.1542326887006558,0,7,1,-12,49.62677632227285,-2:2,temporal,1,393,4,umh,33,1,1,none,0,high,0.0457102850965111,50,19,73,7,1,1,11,0,0,2,Action_480p_30fps_20s
30,1,p8x8,2,1.1542326887006558,0,7,1,-12,24.436096809049484,-2:2,temporal,0,393,4,umh,33,0,1,none,0,high,0.0457102850965111,50,8,193,8,77,3,37,0,0,0,Action_480p_30fps_20s
76,1,p8x8,2,0.6295137611273145,2,0,0,9,29.58495568862226,4:4,spatial,0,51,0,dia,54,1,1,cbr,0,baseline,0.0257140092290857,31,14,165,5,20,11,2,0,0,0,Action_480p_30fps_20s
76,0,p8x8,1,0.6295137611273145,2,0,1,9,29.58495568862226,4:4,spatial,0,51,0,dia,54,0,1,none,0,baseline,0.6493532546000097,48,4,92,2,80,0,2,0,0,0,Action_480p_30fps_20s
76,0,p8x8,1,0.6295137611273145,2,0,1,9,29.58495568862226,4:4,spatial,0,51,0,dia,54,0,1,none,1,baseline,0.6493532546000097,48,4,92,2,80,0,2,1,0,0,Action_480p_30fps_20s
76,0,p4x4,1,0.6295137611273145,2,0,1,9,29.58495568862226,4:4,spatial,0,51,0,dia,54,0,0,none,1,high,0.3729631342052987,30,8,193,8,77,3,37,0,0,0,Action_480p_30fps_20s
76,1,p8x8,2,0.6295137611273145,2,0,1,9,29.58495568862226,4:4,spatial,0,51,0,dia,54,1,1,cbr,0,baseline,0.0257140092290857,31,14,16,5,20,11,57,0,1,0,Action_480p_30fps_20s
76,0,p8x8,1,0.131243969474263,2,0,0,3,29.58495568862226,4:4,spatial,0,51,0,dia,54,0,0,none,1,high,0.6493532546000097,48,12,92,2,80,0,2,1,0,0,Action_480p_30fps_20s
76,0,p8x8,1,0.6295137611273145,2,0,1,9,29.58495568862226,4:4,spatial,0,51,0,dia,54,1,1,none,1,baseline,0.6493532546000097,48,4,92,2,80,0,2,1,0,0,Action_480p_30fps_20s
76,0,p4x4,2,0.6295137611273145,2,0,1,-5,37.73789240080025,4:4,spatial,0,51,0,dia,54,0,1,none,1,high,0.3729631342052987,30,8,193,8,77,3,37,1,0,0,Action_480p_30fps_20s
2276,0,p8x8,1,0.6295137611273145,2,13,1,9,5.411892350282831,4:4,spatial,0,51,0,dia,54,0,1,none,1,baseline,0.6493532546000097,48,4,92,2,80,0,2,0,1,0,Action_480p_30fps_20s
76,0,p8x8,1,0.6295137611273145,2,0,1,9,29.58495568862226,4:4,spatial,0,51,0,dia,54,0,1,none,1,baseline,0.8859521999422436,47,4,209,2,80,0,2,1,0,0,Action_480p_30fps_20s
76,0,p8x8,1,0.6295137611273145,0,0,1,5,29.58495568862226,4:4,spatial,0,51,0,dia,54,0,1,cbr,1,baseline,0.6493532546000097,28,4,149,6,80,0,2,1,0,0,Action_480p_30fps_20s
76,0,p8x8,1,0.6295137611273145,2,8,1,9,29.58495568862226,4:4,spatial,0,51,0,dia,54,0,1,none,1,high,0.6493532546000097,48,4,92,2,80,0,62,0,1,0,Action_480p_30fps_20s
76,0,none,1,0.6295137611273145,2,0,1,9,29.58495568862226,4:4,spatial,0,51,0,umh,54,0,1,none,0,baseline,0.6493532546000097,48,4,92,15,80,0,2,0,0,0,Action_480p_30fps_20s
76,0,p8x8,1,0.6295137611273145,0,0,0,5,29.58495568862226,4:4,spatial,0,51,0,dia,36,0,1,cbr,1,baseline,0.6493532546000097,28,4,149,6,80,0,2,0,0,0,Action_480p_30fps_20s
1333,0,"p8x8,b8x8,i8x8,i4x4",1,0.6295137611273145,2,6,1,9,29.58495568862226,4:4,spatial,0,51,0,dia,54,0,1,none,0,high,0.6493532546000097,48,4,92,2,80,1,62,0,1,0,Action_480p_30fps_20s
1120,1,all,3,1.4094583973597534,0,13,1,10,1.2084795105578567,0:0,spatial,0,354,4,dia,49,0,1,none,0,high,0.1779546679981341,48,1,87,11,91,2,35,2,1,0,Still_image_1080p_25fps_10s
2290,1,"p8x8,b8x8,i8x8,i4x4",2,0.8848789024034137,1,3,0,4,36.22494193202382,1:-1,auto,0,354,4,dia,49,0,1,cbr,0,high,0.1779546679981341,44,1,137,3,54,2,34,2,0,1,Still_image_1080p_25fps_10s
2290,1,"p8x8,b8x8,i8x8,i4x4",2,0.8848789024034137,1,2,0,2,36.22494193202382,1:-1,auto,1,354,4,dia,49,0,1,vbr,0,high,0.1779546679981341,51,1,137,11,54,2,34,0,1,0,Still_image_1080p_25fps_10s
2222,1,"p8x8,b8x8,i8x8,i4x4",3,1.506516628113297,1,2,0,4,36.22494193202382,1:-1,auto,0,354,0,dia,49,0,1,vbr,0,high,0.1779546679981341,51,1,137,11,54,2,34,2,0,2,Still_image_1080p_25fps_10s
2290,1,"p8x8,b8x8,i8x8,i4x4",3,1.506516628113297,1,2,0,2,36.22494193202382,1:-1,auto,0,354,4,dia,49,0,1,vbr,0,high,0.1779546679981341,51,1,137,11,54,2,34,0,1,0,Still_image_1080p_25fps_10s
2290,0,"p8x8,b8x8,i8x8,i4x4",1,1.506516628113297,1,2,0,2,42.12385146123028,-6:6,auto,0,354,4,dia,49,0,1,none,0,high,0.1779546679981341,48,1,137,11,54,2,35,0,1,0,Still_image_1080p_25fps_10s
2290,1,"p8x8,b8x8,i8x8,i4x4",2,0.8848789024034137,1,2,0,4,36.22494193202382,1:-1,auto,0,354,3,dia,49,0,1,vbr,0,high,0.1779546679981341,51,1,137,11,54,2,34,2,0,2,Still_image_1080p_25fps_10s
2290,0,"p8x8,b8x8,i8x8,i4x4",0,0.8848789024034137,1,2,0,4,36.22494193202382,1:-1,auto,0,354,3,dia,49,0,1,cbr,0,high,0.1779546679981341,44,12,137,11,54,2,34,2,0,2,Still_image_1080p_25fps_10s
2290,1,"p8x8,b8x8,i8x8,i4x4",1,1.506516628113297,1,2,0,2,42.12385146123028,-6:6,auto,0,354,4,dia,49,0,1,none,0,high,0.1779546679981341,48,1,137,11,91,2,35,0,1,0,Still_image_1080p_25fps_10s
2290,1,"p8x8,b8x8,i8x8,i4x4",3,1.506516628113297,1,2,0,2,36.22494193202382,1:-1,auto,0,354,4,dia,49,0,1,vbr,0,high,0.9125664852815564,51,3,185,4,87,4,53,0,0,2,Still_image_1080p_25fps_10s
2290,1,"p8x8,b8x8,i8x8,i4x4",3,1.506516628113297,1,2,1,2,36.22494193202382,1:-1,none,0,354,4,dia,49,0,1,vbr,1,high,0.1779546679981341,51,17,85,9,23,2,27,0,0,1,Still_image_1080p_25fps_10s
173,1,"p8x8,b8x8,i8x8,i4x4",2,0.8848789024034137,0,2,0,4,23.925183124101647,1:-1,auto,0,334,3,dia,49,1,1,vbr,0,high,0.1779546679981341,51,1,120,11,54,2,34,2,0,1,Still_image_1080p_25fps_10s
2290,0,"p8x8,b8x8,i8x8,i4x4",1,1.506516628113297,1,2,0,-8,42.12385146123028,-6:6,auto,1,354,4,dia,49,0,1,cbr,0,high,0.1779546679981341,51,1,137,11,54,2,34,0,1,0,Still_image_1080p_25fps_10s
2290,1,"p8x8,b8x8,i8x8,i4x4",2,0.8848789024034137,1,2,0,2,36.22494193202382,1:-1,temporal,0,354,4,dia,49,1,1,none,0,high,0.1779546679981341,48,1,137,11,54,2,35,0,1,0,Still_image_1080p_25fps_10s
1407,0,"p8x8,b8x8,i8x8,i4x4",1,1.506516628113297,1,2,0,2,42.12385146123028,-6:6,auto,0,354,4,dia,49,0,1,cbr,0,high,0.1779546679981341,48,1,137,11,91,2,35,0,1,0,Still_image_1080p_25fps_10s
2290,1,"p8x8,b8x8,i8x8,i4x4",1,1.506516628113297,1,2,0,2,42.12385146123028,-6:6,auto,0,354,4,dia,49,0,1,none,0,high,0.1779546679981341,43,10,137,11,54,10,35,0,1,0,Still_image_1080p_25fps_10s
76,0,none,1,0.6295137611273145,2,0,1,9,29.58495568862226,1:-1,auto,0,354,4,dia,55,0,1,vbr,0,high,0.1779546679981341,51,1,137,11,54,2,34,0,1,0,Still_image_1080p_25fps_10s
2290,1,"p8x8,b8x8,i8x8,i4x4",1,1.506516628113297,1,15,0,2,42.12385146123028,-6:6,auto,0,354,4,dia,49,0,0,none,0,high,0.1779546679981341,48,1,137,11,91,2,51,1,1,0,Still_image_1080p_25fps_10s
2290,1,"p8x8,b8x8,i8x8,i4x4",2,0.8848789024034137,1,2,0,2,36.22494193202382,1:-1,auto,1,354,4,dia,49,0,1,vbr,0,high,0.1779546679981341,51,1,137,11,54,2,38,0,1,0,Still_image_1080p_25fps_10s
1736,1,"p8x8,b8x8,i8x8,i4x4",3,1.506516628113297,1,2,1,2,36.22494193202382,1:-1,none,0,354,4,dia,49,0,1,cbr,0,high,0.1779546679981341,44,12,137,11,54,2,34,2,0,2,Still_image_1080p_25fps_10s
1025,0,"p8x8,b8x8,i8x8,i4x4",2,1.6822079922260096,1,4,1,-5,34.02832446586254,5:-5,auto,1,116,0,dia,7,0,0,vbr,0,baseline,0.741091758901064,49,1,157,1,40,0,63,1,1,0,Big_720p_60fps_20s
1025,0,"p8x8,b8x8,i8x8,i4x4",2,1.6822079922260096,1,4,1,-10,34.02832446586254,5:-5,auto,1,116,0,dia,7,0,0,vbr,0,baseline,0.741091758901064,49,1,157,1,40,10,63,1,0,0,Big_720p_60fps_20s
827,1,"p8x8,b8x8,i8x8,i4x4",1,1.8588656197845896,1,4,0,-12,34.02832446586254,5:5,auto,0,116,0,dia,47,0,1,vbr,0,high,0.209041155276022,44,7,147,2,71,10,49,0,1,0,Big_720p_60fps_20s
827,1,none,3,1.2937566745458988,1,4,1,-4,38.01879347409498,-5:5,auto,0,406,0,dia,47,0,1,vbr,0,high,0.209041155276022,44,7,147,2,71,8,49,0,1,0,Big_720p_60fps_20s
1427,0,"p8x8,b8x8,i8x8,i4x4",1,1.00244278330427,1,4,0,-12,34.02832446586254,5:5,auto,0,116,0,dia,47,0,1,vbr,0,high,0.209041155276022,44,7,147,2,71,8,49,0,1,0,Big_720p_60fps_20s
1427,0,"p8x8,b8x8,i8x8,i4x4",1,1.00244278330427,1,4,0,11,34.02832446586254,5:5,auto,0,116,0,dia,38,0,1,vbr,0,high,0.209041155276022,44,7,147,2,23,8,49,0,1,0,Big_720p_60fps_20s
827,1,"p8x8,b8x8,i8x8,i4x4",1,1.8588656197845896,1,4,0,-12,34.02832446586254,5:5,auto,0,23,0,dia,34,0,1,vbr,0,high,0.209041155276022,44,13,147,2,71,10,49,0,1,0,Big_720p_60fps_20s
1427,0,"p8x8,b8x8,i8x8,i4x4",1,1.00244278330427,1,14,0,-9,34.02832446586254,5:5,auto,0,403,4,dia,63,1,1,vbr,0,high,0.0833025022174705,43,10,149,6,96,4,20,0,1,0,Big_720p_60fps_20s
827,1,p8x8,3,1.2937566745458988,0,4,1,-4,38.01879347409498,-5:5,auto,0,406,0,dia,47,0,1,vbr,0,high,0.2643136704425646,49,7,147,2,71,8,49,0,1,0,Big_720p_60fps_20s
827,1,"p8x8,b8x8,i8x8,i4x4",1,1.8588656197845896,1,4,0,-10,34.02832446586254,4:-4,auto,0,116,0,dia,38,0,1,vbr,0,high,0.209041155276022,44,7,147,2,23,8,49,1,1,0,Big_720p_60fps_20s
827,1,"p8x8,b8x8,i8x8,i4x4",1,1.8588656197845896,1,0,0,-12,34.02832446586254,5:5,auto,0,23,0,dia,34,0,1,vbr,0,high,0.209041155276022,44,13,147,2,71,10,49,0,1,0,Big_720p_60fps_20s
827,1,"p8x8,b8x8,i8x8,i4x4",1,1.8588656197845896,0,7,0,4,34.02832446586254,5:5,auto,0,225,1,dia,14,0,1,vbr,0,high,0.209041155276022,44,7,147,12,24,8,49,0,1,0,Big_720p_60fps_20s
827,1,none,3,1.2937566745458988,1,13,1,-4,38.01879347409498,-5:5,auto,0,430,0,dia,47,0,1,vbr,0,high,0.209041155276022,44,7,147,2,71,1,49,0,1,0,Big_720p_60fps_20s
827,1,"p8x8,b8x8,i8x8,i4x4",1,1.8588656197845896,1,4,0,-12,34.02832446586254,5:5,auto,0,116,1,dia,47,0,1,vbr,0,baseline,0.741091758901064,49,1,34,1,40,0,14,1,1,0,Big_720p_60fps_20s
827,1,p4x4,3,1.2937566745458988,0,4,1,-4,38.01879347409498,-5:5,auto,0,406,0,dia,47,1,1,vbr,0,high,0.2643136704425646,49,7,61,2,71,8,49,0,1,0,Big_720p_60fps_20s
827,1,"p8x8,b8x8,i8x8,i4x4",1,1.8588656197845896,1,4,0,-4,38.01879347409498,-5:5,auto,0,406,0,dia,47,0,1,vbr,0,high,0.209041155276022,44,7,147,2,71,8,49,0,1,0,Big_720p_60fps_20s
1996,1,none,1,0.2167644059576779,1,15,1,-1,35.63424828804262,1:-1,temporal,1,128,3,dia,5,0,1,none,1,main,0.334900129455401,24,2,141,9,6,6,36,1,1,1,Big_720p_60fps_20s
1996,1,none,1,0.2167644059576779,1,15,1,-1,35.63424828804262,1:-1,temporal,1,128,3,dia,5,0,1,vbr,1,main,0.334900129455401,24,2,92,2,80,0,50,1,1,1,Big_720p_60fps_20s
1996,1,none,1,0.2167644059576779,1,15,1,-1,35.63424828804262,1:-1,spatial,1,128,3,dia,5,0,1,vbr,1,main,0.334900129455401,24,2,92,1,40,0,63,1,1,0,Big_720p_60fps_20s
1996,1,none,1,0.2167644059576779,1,15,1,-1,35.63424828804262,1:-1,spatial,1,128,3,dia,5,0,1,vbr,1,main,0.334900129455401,24,2,98,1,40,0,63,1,1,0,Big_720p_60fps_20s
1485,0,p8x8,0,1.7535275951055005,0,2,1,1,24.845320280721005,2:-2,auto,0,272,1,tesa,8,1,1,none,0,main,0.3601891392933345,37,7,184,2,52,1,14,1,0,1,Big_480p_30fps_10s
1118,1,"p8x8,b8x8,i8x8,i4x4",1,0.7109932528244155,0,6,0,10,24.845320280721005,2:-2,auto,0,272,1,tesa,9,0,1,none,0,main,0.4296472510238589,29,1,98,12,77,2,21,2,0,2,Big_480p_30fps_10s
877,0,none,0,1.236053973363605,0,13,0,10,24.845320280721005,2:-2,none,0,272,1,tesa,9,0,0,vbr,1,main,0.3099669091305331,37,7,49,6,35,0,33,1,0,1,Big_480p_30fps_10s
1882,0,none,1,0.7109932528244155,0,5,0,10,35.55545997220386,2:-2,auto,0,272,1,tesa,9,0,1,cbr,1,high,0.209041155276022,37,0,25,13,48,9,14,0,0,2,Big_480p_30fps_10s
1485,1,p8x8,0,1.7535275951055005,0,2,1,1,24.845320280721005,2:-2,auto,0,272,1,tesa,9,1,1,none,0,main,0.3601891392933345,37,7,49,6,35,0,14,1,0,1,Big_480p_30fps_10s
877,0,none,1,0.7109932528244155,0,6,0,10,24.845320280721005,2:-2,auto,0,272,1,tesa,9,0,1,none,0,main,0.4296472510238589,29,1,95,12,77,2,21,2,0,2,Big_480p_30fps_10s
877,0,none,1,0.7109932528244155,0,5,0,10,24.845320280721005,2:-2,auto,0,272,1,tesa,9,1,1,cbr,1,high,0.209041155276022,37,0,25,13,48,9,14,0,0,2,Big_480p_30fps_10s
1118,1,"p8x8,b8x8,i8x8,i4x4",0,1.236053973363605,0,5,0,10,24.845320280721005,2:-2,none,0,272,1,tesa,9,0,1,vbr,0,main,0.3099669091305331,37,7,49,6,35,0,14,1,0,1,Big_480p_30fps_10s
877,0,none,1,0.7109932528244155,0,5,0,10,24.845320280721005,2:-2,auto,0,272,1,tesa,9,0,1,none,0,main,0.3099669091305331,37,7,49,6,35,0,14,1,0,1,Big_480p_30fps_10s
877,0,none,0,1.236053973363605,0,13,0,10,24.845320280721005,2:-2,none,0,272,1,tesa,9,1,0,vbr,1,main,0.3099669091305331,37,7,49,6,35,0,33,1,0,1,Big_480p_30fps_10s
877,0,none,0,1.236053973363605,0,13,0,10,24.845320280721005,2:-2,none,0,272,1,tesa,9,1,1,vbr,1,main,0.3099669091305331,37,7,49,6,35,0,33,1,0,1,Big_480p_30fps_10s
877,0,none,2,1.236053973363605,0,13,1,10,24.845320280721005,2:-2,none,0,272,1,tesa,9,0,0,none,1,main,0.3099669091305331,47,7,92,6,35,0,10,1,1,0,Big_480p_30fps_10s
877,0,none,1,0.7109932528244155,2,6,0,10,35.55545997220386,2:-2,auto,0,272,1,tesa,9,0,1,cbr,1,high,0.209041155276022,37,0,25,6,48,9,14,2,0,2,Big_480p_30fps_10s
77,1,none,1,0.7109932528244155,0,5,0,10,24.845320280721005,2:-2,auto,0,272,2,tesa,9,0,1,none,0,main,0.4296472510238589,29,1,64,12,77,2,45,0,1,2,Big_480p_30fps_10s
1485,0,p8x8,0,1.7535275951055005,0,2,1,1,24.845320280721005,2:-2,auto,0,359,1,tesa,8,1,1,none,0,main,0.3601891392933345,37,7,184,2,94,1,14,1,0,1,Big_480p_30fps_10s
1534,1,p8x8,1,0.7109932528244155,0,6,0,10,24.845320280721005,2:-2,auto,0,272,1,tesa,29,0,1,none,0,baseline,0.4296472510238589,29,1,98,12,77,5,21,1,0,1,Big_480p_30fps_10s
877,0,"p8x8,b8x8,i8x8,i4x4",1,0.7109932528244155,0,6,0,10,24.845320280721005,2:-2,auto,0,381,3,tesa,9,0,1,cbr,0,main,0.4296472510238589,47,1,98,12,77,2,21,2,0,2,Big_480p_30fps_10s
1118,1,none,1,0.7109932528244155,0,6,0,10,24.845320280721005,2:-2,auto,0,272,1,tesa,9,0,0,none,0,main,0.4296472510238589,29,1,95,12,77,2,21,2,0,2,Big_480p_30fps_10s
877,0,none,1,0.7109932528244155,0,11,0,10,14.717184973909497,2:-2,auto,0,272,1,tesa,9,0,0,none,0,main,0.3099669091305331,37,7,49,6,35,0,14,1,0,0,Big_480p_30fps_10s
1118,1,"p8x8,b8x8,i8x8,i4x4",1,0.7109932528244155,0,6,0,10,24.845320280721005,2:-2,auto,0,272,1,tesa,9,0,1,none,0,main,0.8624284552535935,29,1,193,12,77,2,21,1,0,1,Big_480p_30fps_10s
1692,1,p4x4,0,0.1752806789959263,1,8,0,-10,49.02460540915592,-4:4,temporal,0,221,4,hex,42,0,0,none,1,main,0.7638959016050976,26,4,185,4,15,4,53,0,0,2,Big_480p_25fps_10s
1165,1,none,1,0.7784860825527258,0,3,0,-10,49.02460540915592,-4:4,temporal,1,221,4,hex,42,0,0,none,1,baseline,0.7638959016050976,26,4,185,4,15,4,53,0,0,2,Big_480p_25fps_10s
1165,1,"p8x8,b8x8,i8x8,i4x4",1,1.0029606651469845,0,3,1,-12,48.98979055395992,6:6,none,1,477,2,hex,59,1,1,none,0,high,0.2087841512121739,43,14,161,16,33,0,12,2,0,0,Big_480p_25fps_10s
2290,1,"p8x8,b8x8,i8x8,i4x4",1,0.0273679367923854,0,3,1,-12,48.98979055395992,6:6,none,1,477,2,hex,59,1,1,none,0,high,0.2087841512121739,43,14,161,16,33,2,12,2,0,0,Big_480p_25fps_10s
2290,0,"p8x8,b8x8,i8x8,i4x4",1,1.0029606651469845,0,3,0,-12,48.98979055395992,6:6,none,1,477,2,tesa,59,1,1,none,0,high,0.2087841512121739,43,14,161,16,33,1,12,2,0,0,Big_480p_25fps_10s
1692,1,all,0,0.1752806789959263,1,8,1,-12,48.98979055395992,6:6,none,1,477,2,tesa,59,1,0,none,0,high,0.9182734703738106,43,14,161,16,33,3,12,2,0,2,Big_480p_25fps_10s
2274,1,none,0,1.842223681740622,1,6,1,-12,48.98979055395992,6:6,none,1,477,2,tesa,59,1,0,none,1,high,0.9182734703738106,43,14,161,16,33,3,26,2,0,2,Big_480p_25fps_10s
1974,1,all,1,0.0273679367923854,0,3,1,-12,48.98979055395992,6:6,none,1,477,2,hex,59,1,1,none,0,high,0.2087841512121739,43,14,161,16,33,2,12,2,0,1,Big_480p_25fps_10s
1165,1,"p8x8,b8x8,i8x8,i4x4",1,1.0029606651469845,0,10,1,-12,27.72072467327979,6:6,none,1,477,2,hex,49,0,0,vbr,0,high,0.1779546679981341,51,1,137,11,54,2,34,2,0,2,Big_480p_25fps_10s
1165,1,"p8x8,b8x8,i8x8,i4x4",1,1.0029606651469845,0,3,1,-12,48.98979055395992,6:6,none,0,477,2,hex,59,1,1,none,0,high,0.2087841512121739,43,14,161,16,54,2,26,2,0,0,Big_480p_25fps_10s
2290,1,"p8x8,b8x8,i8x8,i4x4",1,0.0273679367923854,0,3,1,-12,27.09589418461952,6:6,none,1,477,2,hex,59,1,1,none,0,high,0.2087841512121739,43,12,161,16,33,2,12,2,0,0,Big_480p_25fps_10s
2290,1,"p8x8,b8x8,i8x8,i4x4",1,0.0273679367923854,1,3,1,-12,48.98979055395992,6:6,none,1,477,2,hex,59,1,1,none,0,high,0.2087841512121739,43,14,161,16,33,2,12,2,0,0,Big_480p_25fps_10s
2290,1,none,0,1.842223681740622,1,6,1,-12,48.98979055395992,6:6,none,1,477,2,tesa,59,1,0,none,1,high,0.9182734703738106,43,13,161,16,33,3,26,2,0,2,Big_480p_25fps_10s
2274,1,"p8x8,b8x8,i8x8,i4x4",1,0.0273679367923854,0,3,1,-12,27.09589418461952,1:-1,none,1,477,2,hex,59,1,1,none,0,high,0.2087841512121739,43,20,161,16,33,2,12,2,0,0,Big_480p_25fps_10s
1165,1,none,1,1.3173059431314704,0,3,1,-12,48.98979055395992,6:6,none,1,477,2,hex,59,1,1,none,0,high,0.8070425732632991,43,14,161,16,33,2,12,2,0,0,Big_480p_25fps_10s
38,1,"p8x8,b8x8,i8x8,i4x4",1,0.0273679367923854,0,3,1,-12,2.160229138778699,6:6,spatial,1,477,2,hex,39,1,1,none,0,high,0.2087841512121739,43,14,161,16,76,11,34,2,1,2,Big_480p_25fps_10s
1165,1,"p8x8,b8x8,i8x8,i4x4",1,1.0029606651469845,0,3,1,-12,48.98979055395992,6:6,none,0,477,2,hex,59,1,1,none,0,high,0.2087841512121739,43,14,161,16,54,5,26,2,0,0,Big_480p_25fps_10s
1513,0,"p8x8,b8x8,i8x8,i4x4",1,1.0029606651469845,0,3,0,-12,48.98979055395992,6:6,none,1,477,2,tesa,59,1,0,none,0,high,0.2087841512121739,43,14,161,16,33,1,12,0,0,2,Big_480p_25fps_10s
1165,1,p4x4,1,1.0029606651469845,0,3,1,-12,27.44399629893157,6:6,spatial,0,477,2,hex,59,1,1,none,0,high,0.2087841512121739,38,14,161,16,54,2,26,2,1,2,Big_480p_25fps_10s
1692,1,p4x4,0,0.1752806789959263,1,8,0,-10,49.02460540915592,6:6,none,0,477,2,tesa,59,1,1,none,0,high,0.2087841512121739,43,12,161,1,33,1,35,2,0,0,Big_480p_25fps_10s
1690,1,none,2,1.1536539324358672,0,13,1,7,37.37799214063269,4:-4,auto,0,20,4,esa,63,1,0,vbr,1,high,0.0833025022174705,43,10,149,12,23,0,20,1,1,1,Standard_1080p_30fps_15s
469,0,"p8x8,b8x8,i8x8,i4x4",3,1.9388859071863007,0,9,1,-12,27.88001428928656,4:-4,auto,0,20,4,hex,63,1,0,vbr,0,high,0.0833025022174705,43,10,149,12,23,0,20,1,1,1,Standard_1080p_30fps_15s
1690,1,none,2,1.1536539324358672,1,13,1,-10,37.37799214063269,4:-4,auto,0,20,4,esa,63,1,0,vbr,1,high,0.0833025022174705,43,10,149,12,7,0,20,1,1,0,Standard_1080p_30fps_15s
1011,0,p4x4,0,0.7841382476494912,0,13,1,7,37.37799214063269,4:-4,auto,0,20,0,esa,63,1,0,vbr,0,high,0.0833025022174705,43,10,149,2,23,2,20,1,1,1,Standard_1080p_30fps_15s
1690,1,none,2,1.1536539324358672,0,13,1,7,42.876785685812266,4:-4,auto,0,106,3,tesa,6,1,1,vbr,1,baseline,0.4533312853075793,41,14,209,8,15,2,18,2,0,1,Standard_1080p_30fps_15s
469,0,"p8x8,b8x8,i8x8,i4x4",3,1.9388859071863007,0,9,1,-12,27.88001428928656,4:-4,auto,0,20,4,hex,63,1,0,vbr,0,high,0.0833025022174705,43,10,149,12,23,0,20,0,0,0,Standard_1080p_30fps_15s
469,0,"p8x8,b8x8,i8x8,i4x4",3,1.9388859071863007,0,9,1,-12,27.88001428928656,4:-4,auto,0,20,4,hex,63,1,0,vbr,0,high,0.0833025022174705,43,10,149,6,96,4,20,0,1,0,Standard_1080p_30fps_15s
1011,0,p4x4,0,0.7841382476494912,0,13,1,7,37.37799214063269,4:-4,auto,0,406,0,esa,20,1,0,vbr,0,main,0.0833025022174705,43,10,149,12,23,0,20,1,1,1,Standard_1080p_30fps_15s
1690,1,none,2,1.1536539324358672,0,13,1,7,44.37311282353116,4:-4,auto,0,20,4,esa,63,1,1,vbr,1,high,0.0833025022174705,43,10,149,2,23,2,20,0,1,1,Standard_1080p_30fps_15s
469,0,"p8x8,b8x8,i8x8,i4x4",2,1.9388859071863007,0,9,1,-12,27.88001428928656,4:-4,none,0,20,4,tesa,63,1,0,vbr,0,high,0.0833025022174705,43,10,244,12,23,0,20,0,1,1,Standard_1080p_30fps_15s
1690,1,none,2,1.1536539324358672,0,13,1,7,37.37799214063269,4:-4,auto,0,20,4,esa,63,1,1,vbr,1,high,0.0833025022174705,43,10,149,2,23,2,20,0,1,1,Standard_1080p_30fps_15s
2165,1,none,2,1.1536539324358672,0,13,0,7,44.37311282353116,4:-4,auto,0,20,2,esa,63,1,0,vbr,1,high,0.0833025022174705,43,10,149,12,23,0,20,2,1,1,Standard_1080p_30fps_15s
1690,0,none,2,1.1536539324358672,0,13,1,7,37.37799214063269,4:-4,none,0,20,4,esa,42,0,0,vbr,1,high,0.0833025022174705,43,10,149,12,7,0,20,1,1,1,Standard_1080p_30fps_15s
1690,1,none,2,1.1536539324358672,1,13,1,-10,37.37799214063269,4:-4,auto,0,20,1,esa,63,1,0,none,1,high,0.0833025022174705,43,14,149,12,23,0,20,1,0,1,Standard_1080p_30fps_15s
1690,1,none,3,1.1536539324358672,2,13,0,12,42.876785685812266,4:-4,auto,0,106,3,tesa,6,1,1,vbr,1,baseline,0.0833025022174705,43,10,149,12,7,0,20,1,1,1,Standard_1080p_30fps_15s
1690,1,none,2,1.1536539324358672,1,13,1,-10,37.37799214063269,4:-4,spatial,0,20,2,esa,63,1,0,vbr,1,baseline,0.9032711201454504,43,14,209,8,15,2,18,2,0,1,Standard_1080p_30fps_15s
1690,1,none,2,1.1536539324358672,0,13,1,7,37.37799214063269,4:-4,auto,0,406,4,esa,20,1,0,vbr,0,main,0.0833025022174705,38,10,149,12,23,0,20,1,1,1,Standard_1080p_30fps_15s
1690,1,none,2,1.1536539324358672,0,13,1,-1,37.37799214063269,4:-4,auto,0,20,4,esa,63,1,1,vbr,1,high,0.0833025022174705,43,10,149,12,7,4,20,1,1,0,Standard_1080p_30fps_15s
469,0,"p8x8,b8x8,i8x8,i4x4",3,1.9388859071863007,0,16,1,-12,26.69510804739953,4:-4,auto,0,20,4,hex,63,1,0,vbr,0,high,0.0833025022174705,43,10,149,12,23,0,20,0,0,0,Standard_1080p_30fps_15s
470,1,none,1,1.4581035323342144,2,7,0,8,22.44793848931942,2:2,temporal,1,20,1,esa,63,1,0,vbr,1,high,0.0833025022174705,43,10,149,12,23,0,20,1,1,1,Standard_1080p_30fps_15s
625,1,p4x4,2,0.9870357695477202,2,10,1,0,28.64779982514085,-3:3,auto,0,199,2,dia,28,1,0,none,0,baseline,0.1174092957131501,36,16,25,3,86,1,18,0,1,2,Still_image_480p_30fps_10s
625,1,p4x4,2,0.9870357695477202,2,10,1,0,28.64779982514085,-3:3,auto,0,199,2,dia,28,1,0,none,0,baseline,0.1174092957131501,36,16,25,3,86,2,24,0,1,2,Still_image_480p_30fps_10s
625,1,p4x4,2,0.9870357695477202,2,10,1,0,28.64779982514085,-3:3,auto,0,53,2,dia,28,1,0,none,0,baseline,0.1174092957131501,36,16,25,3,86,2,24,0,1,2,Still_image_480p_30fps_10s
1699,1,all,0,0.4179723052744845,0,7,0,9,49.05986862255319,2:-2,auto,1,477,4,umh,16,1,1,vbr,0,baseline,0.064291174819421,51,14,43,1,84,8,7,2,1,1,Still_image_480p_30fps_10s
1477,1,all,1,0.776152378055929,1,1,1,-5,23.43967311937345,-4:4,auto,0,252,1,umh,14,0,0,none,0,baseline,0.5311705779453971,29,6,42,11,21,11,24,1,0,1,Still_image_480p_30fps_10s
1284,1,all,3,0.5839624825528852,1,1,1,-5,23.43967311937345,-4:4,auto,0,252,1,umh,33,1,0,none,0,baseline,0.8343871418416611,31,13,85,9,8,2,51,0,1,1,Still_image_480p_30fps_10s
979,0,all,1,0.5839624825528852,1,1,1,-5,23.43967311937345,-4:4,auto,0,252,1,umh,14,0,0,none,0,baseline,0.4831273088946638,22,13,148,1,81,10,1,2,0,1,Still_image_480p_30fps_10s
979,1,all,1,0.5839624825528852,1,1,1,-5,23.43967311937345,-4:4,auto,0,284,1,umh,14,0,0,none,0,baseline,0.4831273088946638,22,13,102,1,81,10,48,2,0,1,Still_image_480p_30fps_10s
979,0,all,1,0.5839624825528852,1,1,0,-5,44.41332062905747,-4:4,auto,0,41,1,umh,14,0,0,none,0,high,0.4831273088946638,22,13,144,9,84,2,24,1,1,0,Still_image_480p_30fps_10s
979,1,all,1,0.5839624825528852,1,1,1,-5,23.43967311937345,-4:4,auto,0,252,1,umh,14,0,0,none,1,baseline,0.7752709757555974,25,13,19,1,13,8,35,1,1,1,Still_image_480p_30fps_10s
979,1,all,1,0.5839624825528852,1,1,1,-5,23.43967311937345,-4:4,auto,0,252,1,umh,14,0,0,none,0,baseline,0.4831273088946638,22,13,102,1,81,10,48,2,0,1,Still_image_480p_30fps_10s
556,1,all,1,0.5839624825528852,1,1,1,-5,23.43967311937345,-4:4,auto,0,252,1,umh,14,0,0,none,0,baseline,0.4831273088946638,22,13,212,1,81,6,17,0,0,1,Still_image_480p_30fps_10s
979,1,all,1,0.5839624825528852,1,1,1,-5,23.43967311937345,-4:4,auto,0,252,1,umh,14,0,0,none,0,baseline,0.4831273088946638,22,13,102,1,81,6,17,0,0,1,Still_image_480p_30fps_10s
2330,1,p8x8,1,0.776152378055929,1,1,1,-5,23.43967311937345,-4:4,spatial,0,252,1,umh,14,0,0,none,0,baseline,0.5311705779453971,29,6,52,16,21,2,21,1,1,1,Still_image_480p_30fps_10s
979,0,all,1,0.5839624825528852,1,1,0,-5,44.41332062905747,-4:4,auto,0,41,1,umh,14,0,0,none,0,baseline,0.4831273088946638,22,16,102,1,81,6,17,1,0,1,Still_image_480p_30fps_10s
979,1,all,2,0.5839624825528852,1,1,1,-5,23.43967311937345,-4:4,auto,0,252,1,umh,14,0,0,none,0,high,0.4831273088946638,22,20,144,1,84,2,24,1,1,0,Still_image_480p_30fps_10s
979,0,all,1,0.5839624825528852,1,1,1,-11,44.41332062905747,-4:4,auto,0,41,1,umh,14,0,0,none,0,high,0.4831273088946638,22,13,144,9,84,1,9,0,1,2,Still_image_480p_30fps_10s
1477,1,p8x8,1,0.776152378055929,1,1,0,-5,23.43967311937345,-4:4,auto,0,252,1,tesa,14,0,0,none,0,baseline,0.4831273088946638,22,13,102,1,81,6,17,0,0,1,Still_image_480p_30fps_10s
979,1,all,1,0.3926439758281685,1,1,1,-5,23.43967311937345,2:-2,auto,1,252,1,umh,54,0,1,none,0,baseline,0.5311705779453971,29,17,42,11,21,11,24,1,0,1,Still_image_480p_30fps_10s
979,1,all,1,0.5839624825528852,1,1,1,-4,23.43967311937345,-4:4,auto,0,252,4,umh,14,0,0,none,1,baseline,0.4831273088946638,22,13,148,1,81,10,1,2,0,1,Still_image_480p_30fps_10s
469,0,"p8x8,b8x8,i8x8,i4x4",2,1.9388859071863007,0,9,1,-12,27.88001428928656,4:-4,none,0,20,4,tesa,63,1,0,vbr,0,high,0.0833025022174705,43,10,244,12,23,0,20,0,1,1,Standard_1080p_60fps_5s
1690,1,none,2,1.1536539324358672,0,13,1,7,44.37311282353116,4:-4,auto,0,20,4,esa,63,1,1,vbr,1,high,0.0833025022174705,43,10,149,2,23,2,20,0,1,1,Standard_1080p_60fps_5s
1011,0,p4x4,0,0.7841382476494912,0,13,1,7,37.37799214063269,4:-4,auto,0,406,0,esa,20,1,0,vbr,0,main,0.0833025022174705,43,10,149,12,23,0,20,1,1,1,Standard_1080p_60fps_5s
469,0,"p8x8,b8x8,i8x8,i4x4",3,1.9388859071863007,0,9,1,-12,27.88001428928656,4:-4,auto,0,20,4,hex,63,1,0,vbr,0,high,0.0833025022174705,43,10,149,6,96,4,20,0,1,0,Standard_1080p_60fps_5s
469,0,"p8x8,b8x8,i8x8,i4x4",3,1.9388859071863007,0,9,1,-12,27.88001428928656,4:-4,auto,0,20,4,hex,63,1,0,vbr,0,high,0.0833025022174705,43,10,149,12,23,0,20,0,0,0,Standard_1080p_60fps_5s
1690,1,none,2,1.1536539324358672,0,13,1,7,42.876785685812266,4:-4,auto,0,106,3,tesa,6,1,1,vbr,1,baseline,0.4533312853075793,41,14,209,8,15,2,18,2,0,1,Standard_1080p_60fps_5s
1011,0,p4x4,0,0.7841382476494912,0,13,1,7,37.37799214063269,4:-4,auto,0,20,0,esa,63,1,0,vbr,0,high,0.0833025022174705,43,10,149,2,23,2,20,1,1,1,Standard_1080p_60fps_5s
1690,1,none,2,1.1536539324358672,1,13,1,-10,37.37799214063269,4:-4,auto,0,20,4,esa,63,1,0,vbr,1,high,0.0833025022174705,43,10,149,12,7,0,20,1,1,0,Standard_1080p_60fps_5s
469,0,"p8x8,b8x8,i8x8,i4x4",3,1.9388859071863007,0,9,1,-12,27.88001428928656,4:-4,auto,0,20,4,hex,63,1,0,vbr,0,high,0.0833025022174705,43,10,149,12,23,0,20,1,1,1,Standard_1080p_60fps_5s
1690,1,none,2,1.1536539324358672,0,13,1,7,37.37799214063269,4:-4,auto,0,20,4,esa,63,1,0,vbr,1,high,0.0833025022174705,43,10,149,12,23,0,20,1,1,1,Standard_1080p_60fps_5s
681,0,none,3,1.88721758869408,0,9,1,-12,27.88001428928656,4:-4,temporal,0,497,4,hex,63,1,0,vbr,0,high,0.0833025022174705,43,10,109,6,96,7,20,1,1,1,Standard_1080p_60fps_5s
1011,0,all,3,0.7841382476494912,0,13,1,7,37.37799214063269,4:-4,auto,0,20,0,esa,63,1,0,vbr,1,high,0.0833025022174705,43,10,149,2,23,4,20,0,1,0,Standard_1080p_60fps_5s
1690,1,none,2,1.1536539324358672,0,13,1,7,37.37799214063269,4:-4,auto,0,191,4,esa,63,1,0,vbr,1,high,0.8261543505373419,27,10,144,15,1,0,32,1,0,1,Standard_1080p_60fps_5s
1690,1,none,2,1.1536539324358672,2,13,1,7,37.37799214063269,3:-3,auto,0,20,3,esa,63,1,0,vbr,1,high,0.0833025022174705,51,10,149,12,23,0,20,1,0,1,Standard_1080p_60fps_5s
1690,1,none,2,1.1536539324358672,1,13,1,-10,37.37799214063269,4:-4,auto,0,20,4,esa,63,1,0,vbr,1,high,0.0833025022174705,43,10,149,12,23,2,20,0,1,1,Standard_1080p_60fps_5s
1690,1,none,2,1.1536539324358672,0,16,0,7,44.37311282353116,4:-4,none,0,20,4,esa,63,1,1,vbr,1,high,0.0833025022174705,43,10,149,2,92,0,20,1,1,0,Standard_1080p_60fps_5s
1011,0,p4x4,0,0.7841382476494912,0,13,1,7,37.37799214063269,4:-4,auto,0,257,0,esa,63,1,0,vbr,0,high,0.0833025022174705,43,10,149,2,23,2,20,1,1,1,Standard_1080p_60fps_5s
469,0,"p8x8,b8x8,i8x8,i4x4",2,1.9388859071863007,0,9,1,-12,27.88001428928656,4:-4,none,0,20,4,tesa,63,0,0,vbr,0,high,0.0833025022174705,43,10,244,12,23,0,47,1,1,1,Standard_1080p_60fps_5s
469,1,"p8x8,b8x8,i8x8,i4x4",3,1.9388859071863007,0,9,0,-12,27.88001428928656,4:-4,auto,0,20,4,hex,63,0,0,vbr,0,high,0.0833025022174705,43,10,149,12,23,0,20,1,1,2,Standard_1080p_60fps_5s
469,0,none,3,1.9388859071863007,0,9,1,-12,34.53957097683584,4:-4,auto,0,20,4,hex,63,1,0,vbr,0,high,0.8624284552535935,47,11,231,3,59,1,8,2,1,0,Standard_1080p_60fps_5s
625,1,p4x4,2,0.9870357695477202,2,10,0,0,28.568413039947632,-3:3,spatial,0,53,2,tesa,28,1,1,none,0,high,0.9614790448041663,36,16,25,3,86,2,24,0,1,2,Still_image_720p_30fps_15s
625,1,p4x4,2,0.9870357695477202,2,10,0,0,28.64779982514085,-3:3,auto,0,199,0,dia,28,1,1,none,0,baseline,0.2536837837952118,36,16,25,3,86,2,24,0,1,2,Still_image_720p_30fps_15s
2356,1,all,1,0.5839624825528852,1,10,0,0,28.64779982514085,-3:3,auto,0,199,0,dia,28,1,1,none,0,high,0.2536837837952118,36,16,25,3,86,2,24,0,1,2,Still_image_720p_30fps_15s
625,1,p4x4,2,0.9870357695477202,2,10,0,0,45.061290920138205,-3:3,auto,0,199,3,dia,28,1,1,none,0,baseline,0.2626474958660849,36,16,25,3,86,2,45,0,1,1,Still_image_720p_30fps_15s
625,1,p4x4,2,0.858969928340521,2,10,0,0,28.64779982514085,-3:3,temporal,0,199,0,dia,28,1,1,none,0,main,0.2536837837952118,36,16,25,3,86,2,24,0,1,2,Still_image_720p_30fps_15s
2356,1,all,1,0.5839624825528852,1,16,0,0,28.64779982514085,-3:3,auto,1,199,1,dia,28,1,1,none,0,baseline,0.1174092957131501,36,18,25,3,86,2,26,0,1,2,Still_image_720p_30fps_15s
625,1,p4x4,2,0.9870357695477202,2,10,0,0,27.72758455764944,-3:3,auto,0,332,3,dia,28,1,1,none,0,baseline,0.8033585026620205,36,16,25,3,86,2,27,0,1,1,Still_image_720p_30fps_15s
625,1,none,2,0.9870357695477202,0,10,1,9,28.64779982514085,-3:3,auto,0,252,1,esa,33,1,1,none,0,baseline,0.8343871418416611,31,13,85,9,94,2,24,0,1,2,Still_image_720p_30fps_15s
625,1,p4x4,2,0.9870357695477202,2,10,0,0,37.37799214063269,-3:3,auto,0,53,2,dia,28,1,0,none,0,baseline,0.1174092957131501,36,18,25,3,86,2,26,0,1,2,Still_image_720p_30fps_15s
1694,1,p4x4,0,1.845101592667956,2,10,1,-1,28.64779982514085,-3:3,temporal,0,199,2,dia,28,1,0,none,0,baseline,0.1174092957131501,36,16,25,3,86,3,18,0,1,2,Still_image_720p_30fps_15s
625,1,p4x4,0,0.9870357695477202,2,10,1,0,25.29973279662708,-3:3,auto,0,53,3,dia,28,1,0,none,0,baseline,0.1174092957131501,36,18,25,3,86,2,26,0,1,2,Still_image_720p_30fps_15s
625,1,p4x4,0,0.9870357695477202,2,10,0,0,37.37799214063269,-3:3,auto,0,53,2,dia,28,1,0,none,0,baseline,0.1174092957131501,36,1,25,3,86,2,26,0,1,2,Still_image_720p_30fps_15s
625,1,p4x4,2,0.9870357695477202,2,10,1,9,28.64779982514085,-3:3,auto,0,252,1,umh,33,1,1,none,0,baseline,0.8343871418416611,31,13,85,9,8,2,51,0,1,1,Still_image_720p_30fps_15s
625,1,none,2,0.9870357695477202,0,10,1,9,28.64779982514085,-3:3,auto,0,252,1,umh,33,1,1,none,0,baseline,0.8343871418416611,31,13,85,9,8,2,45,0,1,1,Still_image_720p_30fps_15s
625,1,p4x4,2,0.9870357695477202,2,10,1,9,28.64779982514085,-3:3,auto,0,252,1,umh,33,1,1,none,0,baseline,0.8343871418416611,31,16,25,3,86,2,24,0,1,0,Still_image_720p_30fps_15s
716,1,p4x4,2,0.9870357695477202,2,10,1,9,3.303017311009889,-3:3,auto,0,252,1,umh,47,1,1,none,0,baseline,0.9566780713654816,31,13,85,9,8,2,45,0,1,1,Still_image_720p_30fps_15s
625,1,none,2,0.9870357695477202,0,10,1,9,28.64779982514085,-3:3,auto,0,470,1,umh,33,1,1,none,0,baseline,0.8343871418416611,31,13,85,9,8,2,51,0,1,1,Still_image_720p_30fps_15s
625,1,p4x4,2,0.9870357695477202,2,10,1,0,28.64779982514085,-3:3,auto,0,199,2,dia,28,1,0,none,0,baseline,0.1174092957131501,36,16,25,3,86,2,24,0,1,2,Still_image_720p_30fps_15s
625,1,p4x4,2,0.9870357695477202,2,10,1,0,28.64779982514085,-3:3,auto,0,199,2,dia,28,1,0,none,0,baseline,0.1174092957131501,36,16,25,3,86,1,18,0,1,2,Still_image_720p_30fps_15s
625,1,p4x4,2,0.9870357695477202,2,10,1,0,28.64779982514085,-3:3,auto,0,53,2,dia,28,1,0,none,0,baseline,0.1174092957131501,36,16,25,3,86,2,24,0,1,2,Still_image_720p_30fps_15s
144,1,none,0,0.0233846407201573,1,1,0,4,47.91333974020583,6:-6,spatial,0,409,1,dia,40,1,0,none,0,main,0.4457158493836002,44,16,120,13,44,7,56,2,0,0,Action_480p_60fps_15s
144,1,"p8x8,b8x8,i8x8,i4x4",0,0.0233846407201573,1,16,0,4,47.91333974020583,6:-6,none,0,409,1,dia,40,1,0,none,0,main,0.4457158493836002,44,16,120,5,44,7,56,0,1,0,Action_480p_60fps_15s
499,1,none,3,0.5989806402232455,0,13,1,-12,19.635636293396825,1:1,spatial,0,87,3,hex,39,0,0,none,1,baseline,0.0631257263449587,43,6,85,1,76,1,39,2,1,1,Action_480p_60fps_15s
144,0,none,0,0.0233846407201573,1,7,0,-2,47.91333974020583,5:-5,none,0,409,1,hex,40,0,0,none,0,main,0.4457158493836002,44,16,99,9,44,7,56,1,1,1,Action_480p_60fps_15s
1142,0,none,0,0.0233846407201573,1,3,0,-2,47.91333974020583,-1:1,spatial,0,206,1,hex,11,0,1,none,0,baseline,0.4457158493836002,40,16,54,3,68,5,37,1,1,1,Action_480p_60fps_15s
144,0,none,0,0.0233846407201573,1,1,0,4,47.91333974020583,5:-5,spatial,0,206,1,hex,11,0,1,none,1,main,0.0909657900627339,28,8,54,12,68,5,37,1,1,1,Action_480p_60fps_15s
144,0,none,0,0.0233846407201573,1,7,0,-2,47.91333974020583,5:-5,spatial,0,409,1,dia,40,1,0,none,0,main,0.4457158493836002,44,16,99,9,44,7,56,2,0,0,Action_480p_60fps_15s
144,0,all,0,0.0233846407201573,2,7,0,-2,47.91333974020583,-1:1,spatial,0,206,1,tesa,11,0,1,none,0,baseline,0.4457158493836002,40,16,68,15,28,11,51,1,0,0,Action_480p_60fps_15s
978,0,none,0,0.0233846407201573,1,7,1,-2,47.91333974020583,5:-5,spatial,0,206,1,hex,11,0,0,none,0,baseline,0.4457158493836002,40,16,99,9,84,8,37,0,1,1,Action_480p_60fps_15s
144,0,none,0,0.0233846407201573,1,1,0,4,47.91333974020583,5:-5,spatial,0,206,1,hex,11,0,1,none,1,main,0.3913169521932242,28,8,68,1,28,11,51,1,0,0,Action_480p_60fps_15s
144,0,none,0,0.0233846407201573,1,7,0,-2,47.91333974020583,-1:1,spatial,0,206,1,hex,11,0,1,none,0,baseline,0.4457158493836002,40,16,54,12,68,5,37,1,1,1,Action_480p_60fps_15s
144,0,none,0,0.0233846407201573,1,7,0,-2,47.91333974020583,5:-5,spatial,0,206,1,hex,11,0,0,none,0,baseline,0.4457158493836002,40,16,99,9,11,2,56,2,0,2,Action_480p_60fps_15s
144,0,p4x4,0,0.0233846407201573,1,7,0,-2,47.91333974020583,5:-5,spatial,0,206,1,hex,11,0,1,none,1,main,0.4296472510238589,28,8,54,12,68,5,37,1,1,1,Action_480p_60fps_15s
144,0,none,0,0.0233846407201573,1,7,0,-2,47.91333974020583,5:-5,spatial,0,409,1,dia,40,1,1,none,0,main,0.4457158493836002,44,16,99,9,44,1,39,2,1,1,Action_480p_60fps_15s
1299,0,p4x4,0,0.0233846407201573,1,7,1,-2,47.91333974020583,5:-5,spatial,0,206,1,hex,11,0,0,none,0,baseline,0.4457158493836002,40,16,99,9,84,8,37,0,1,1,Action_480p_60fps_15s
144,0,all,2,0.0233846407201573,2,7,0,-2,47.91333974020583,-1:1,spatial,0,206,1,esa,11,0,0,none,0,baseline,0.4457158493836002,40,16,68,15,28,1,51,0,1,1,Action_480p_60fps_15s
144,0,none,0,0.0233846407201573,1,1,0,4,47.91333974020583,5:-5,spatial,0,206,3,hex,11,0,1,none,1,main,0.0631257263449587,43,8,68,1,28,0,22,0,0,1,Action_480p_60fps_15s
1142,0,none,0,0.0233846407201573,1,3,0,-2,47.91333974020583,-1:1,spatial,0,46,1,hex,11,0,1,none,0,baseline,0.4457158493836002,40,16,54,3,49,5,37,1,0,1,Action_480p_60fps_15s
144,0,none,0,0.0233846407201573,1,7,0,-2,47.91333974020583,5:-5,spatial,0,409,3,dia,10,1,0,none,0,main,0.4457158493836002,44,16,99,4,44,7,56,2,0,0,Action_480p_60fps_15s
144,0,none,0,0.0233846407201573,1,1,0,2,47.91333974020583,5:-5,spatial,0,206,1,hex,11,1,1,none,1,main,0.6600674791983947,28,8,53,1,28,11,51,2,0,0,Action_480p_60fps_15s
25,1,none,2,0.9332932968624006,0,13,1,-9,34.39312855686856,3:-3,none,0,51,0,dia,54,0,1,cbr,0,baseline,0.6493532546000097,48,17,72,2,71,0,2,0,1,1,Still_image_720p_60fps_20s
25,1,none,2,1.4280740192306902,1,13,1,-9,34.39312855686856,3:-3,none,0,51,0,dia,54,0,1,cbr,0,baseline,0.6493532546000097,48,17,6,2,80,0,2,1,1,1,Still_image_720p_60fps_20s
25,1,none,2,0.9332932968624006,0,13,1,-9,34.39312855686856,3:-3,none,0,51,0,dia,54,0,1,cbr,0,baseline,0.6493532546000097,48,17,6,2,80,0,2,0,1,1,Still_image_720p_60fps_20s
25,1,none,2,0.9332932968624006,0,13,1,-9,34.39312855686856,3:-3,none,0,384,0,dia,54,0,1,cbr,0,baseline,0.6493532546000097,48,17,72,2,71,0,2,0,1,1,Still_image_720p_60fps_20s
25,1,none,2,1.1312807413452195,0,13,1,-9,34.39312855686856,3:-3,none,0,51,0,dia,54,0,1,cbr,0,baseline,0.6493532546000097,48,17,72,2,71,0,2,0,1,1,Still_image_720p_60fps_20s
25,1,none,2,1.4280740192306902,1,13,1,-9,17.760769974633675,3:-3,none,0,51,0,dia,54,0,1,cbr,0,baseline,0.6493532546000097,45,7,6,2,80,0,2,0,1,1,Still_image_720p_60fps_20s
25,1,none,2,0.9332932968624006,0,13,1,-9,34.39312855686856,3:-3,spatial,0,51,0,dia,54,0,1,cbr,0,baseline,0.6493532546000097,48,17,6,2,80,0,2,0,1,1,Still_image_720p_60fps_20s
25,1,none,2,0.9332932968624006,0,13,1,-9,34.39312855686856,-6:6,none,0,51,0,dia,54,0,1,cbr,0,baseline,0.6493532546000097,48,17,6,2,88,0,2,0,1,1,Still_image_720p_60fps_20s
25,1,none,2,0.9332932968624006,0,0,1,-7,24.40069179854476,3:-3,spatial,0,471,0,tesa,47,0,0,vbr,1,main,0.576805053312249,46,20,201,6,26,1,36,0,0,1,Still_image_720p_60fps_20s
25,1,none,2,0.9332932968624006,0,0,1,-7,24.40069179854476,3:-3,spatial,0,471,0,tesa,47,0,0,vbr,1,main,0.576805053312249,46,20,201,6,26,1,1,0,0,1,Still_image_720p_60fps_20s
910,0,p8x8,3,0.1285153695509309,0,13,1,-9,34.39312855686856,3:-3,none,1,51,0,tesa,54,0,1,cbr,0,baseline,0.6493532546000097,48,17,72,2,71,0,6,0,1,1,Still_image_720p_60fps_20s
1185,1,none,2,0.9332932968624006,0,0,1,9,34.39312855686856,3:-3,none,1,51,0,dia,54,0,1,cbr,0,baseline,0.6493532546000097,25,17,72,2,71,3,12,0,0,1,Still_image_720p_60fps_20s
883,0,p8x8,3,0.1285153695509309,0,2,0,10,35.262740959127925,3:3,none,1,51,0,dia,54,0,1,vbr,0,baseline,0.6493532546000097,25,17,72,2,71,9,12,0,0,1,Still_image_720p_60fps_20s
76,0,p8x8,1,0.6295137611273145,1,3,1,9,38.290495247372135,6:6,spatial,1,457,0,umh,47,0,0,none,0,main,0.4806541140111094,46,20,201,6,61,1,36,0,0,1,Still_image_720p_60fps_20s
25,1,none,2,0.9332932968624006,0,13,1,-9,34.39312855686856,3:-3,none,0,51,0,dia,54,0,1,cbr,1,high,0.6493532546000097,48,17,72,2,71,0,2,0,1,1,Still_image_720p_60fps_20s
76,0,all,2,0.9332932968624006,0,7,0,9,34.39312855686856,3:-3,none,1,51,0,esa,50,1,1,cbr,0,baseline,0.6493532546000097,48,4,92,2,80,0,40,0,0,0,Still_image_720p_60fps_20s
25,1,none,1,1.4280740192306902,0,2,0,-9,34.39312855686856,3:-3,auto,1,181,4,tesa,20,1,0,cbr,1,high,0.6493532546000097,25,17,72,2,71,3,20,0,0,1,Still_image_720p_60fps_20s
25,1,none,1,1.4280740192306902,1,13,0,-9,34.39312855686856,3:-3,none,1,181,4,tesa,20,1,0,cbr,1,baseline,0.4018193434889592,33,2,129,11,54,5,37,0,1,0,Still_image_720p_60fps_20s
883,0,p8x8,3,0.1285153695509309,0,12,0,10,35.262740959127925,3:3,spatial,1,181,4,tesa,20,1,0,cbr,1,baseline,0.4018193434889592,33,0,129,11,54,5,37,0,1,0,Still_image_720p_60fps_20s
25,1,none,2,0.9332932968624006,0,13,0,-9,34.39312855686856,3:-3,none,0,51,0,dia,54,0,0,none,0,main,0.4806541140111094,46,20,201,6,61,1,36,0,0,1,Still_image_720p_60fps_20s
1381,0,none,2,0.8386707997446446,0,3,1,6,12.160825193039496,1:1,none,1,127,2,hex,51,1,0,vbr,0,high,0.3616718805364829,27,10,44,3,18,1,50,0,1,1,Action_1080p_25fps_15s
7,0,p8x8,2,0.8386707997446446,0,3,1,6,12.160825193039496,1:1,none,1,127,2,hex,51,0,0,vbr,0,high,0.3616718805364829,27,10,44,3,18,1,50,0,1,1,Action_1080p_25fps_15s
7,0,p8x8,2,0.8386707997446446,0,3,1,6,12.160825193039496,1:1,none,1,127,2,hex,51,0,0,vbr,0,high,0.3616718805364829,48,15,239,5,55,2,47,2,0,1,Action_1080p_25fps_15s
7,0,p8x8,2,0.8386707997446446,0,3,1,1,12.160825193039496,1:1,temporal,1,127,2,hex,51,0,0,vbr,0,high,0.3616718805364829,27,10,44,3,18,1,50,0,1,1,Action_1080p_25fps_15s
1381,0,none,1,0.6295137611273145,2,0,1,9,29.58495568862226,4:4,spatial,0,51,0,dia,9,0,0,vbr,0,high,0.3616718805364829,27,10,44,3,18,1,50,0,1,1,Action_1080p_25fps_15s
1381,0,none,2,0.8386707997446446,0,3,1,6,11.131439745404744,1:1,none,1,199,1,hex,51,1,0,none,0,baseline,0.6493532546000097,46,4,92,2,80,0,42,1,0,0,Action_1080p_25fps_15s
76,0,"p8x8,b8x8,i8x8,i4x4",1,0.8386707997446446,0,3,1,6,12.160825193039496,1:1,none,1,127,2,umh,51,1,0,vbr,0,high,0.3616718805364829,27,10,44,3,18,1,50,0,1,1,Action_1080p_25fps_15s
1381,0,none,2,0.8386707997446446,0,3,1,6,29.48903521464648,1:1,none,1,199,1,hex,51,1,1,none,0,baseline,0.6493532546000097,46,10,10,2,80,0,42,1,0,0,Action_1080p_25fps_15s
853,0,p8x8,2,0.8386707997446446,0,3,1,6,12.160825193039496,1:1,none,0,53,2,hex,51,0,0,none,0,high,0.1724828560371048,48,15,239,5,48,2,47,0,0,1,Action_1080p_25fps_15s
7,1,p8x8,2,0.8386707997446446,0,3,1,5,12.160825193039496,1:1,temporal,1,127,2,hex,51,0,0,vbr,0,high,0.3616718805364829,27,10,44,3,18,1,50,0,1,2,Action_1080p_25fps_15s
7,1,p8x8,2,0.8386707997446446,0,3,1,6,12.160825193039496,1:1,none,1,127,2,hex,51,0,0,vbr,0,high,0.3616718805364829,27,10,44,3,18,2,50,0,1,1,Action_1080p_25fps_15s
7,0,p8x8,0,0.8386707997446446,0,3,1,6,12.160825193039496,1:1,none,1,127,2,hex,51,0,0,vbr,0,high,0.3616718805364829,27,10,44,3,18,1,50,0,1,1,Action_1080p_25fps_15s
76,0,p8x8,1,0.6295137611273145,2,0,1,9,29.58495568862226,4:4,spatial,0,446,2,hex,61,0,0,vbr,0,high,0.4642825819901718,27,10,44,3,18,1,50,0,1,1,Action_1080p_25fps_15s
76,1,p8x8,1,0.6295137611273145,0,0,1,9,29.58495568862226,4:4,temporal,0,51,3,hex,58,1,1,vbr,0,high,0.3616718805364829,27,10,44,3,18,1,50,0,1,1,Action_1080p_25fps_15s
76,1,p8x8,1,0.6295137611273145,0,0,1,9,29.58495568862226,4:4,none,0,51,3,hex,58,1,1,none,0,baseline,0.3575560192776749,27,1,174,6,21,11,29,1,0,1,Action_1080p_25fps_15s
1381,0,none,1,1.9575031323072465,2,14,1,9,29.58495568862226,4:4,spatial,0,437,2,hex,51,0,0,vbr,0,high,0.3616718805364829,27,10,44,3,18,1,50,2,0,1,Action_1080p_25fps_15s
7,0,p8x8,2,0.8386707997446446,0,3,1,1,39.77778889538016,1:1,temporal,1,127,2,hex,51,0,0,none,0,baseline,0.6493532546000097,38,4,92,11,80,0,42,0,1,0,Action_1080p_25fps_15s
76,0,p8x8,1,0.6295137611273145,2,0,1,9,29.58495568862226,4:4,spatial,0,51,0,dia,54,0,1,none,0,baseline,0.6493532546000097,48,4,92,2,80,0,2,0,0,0,Action_1080p_25fps_15s
1381,0,none,1,0.6295137611273145,2,0,1,9,29.58495568862226,4:4,spatial,0,51,0,dia,55,0,1,none,0,baseline,0.6493532546000097,46,4,92,2,80,0,42,0,0,0,Action_1080p_25fps_15s
449,0,p8x8,1,0.6295137611273145,2,0,1,9,29.58495568862226,4:4,spatial,0,96,0,dia,54,0,1,none,0,baseline,0.6493532546000097,48,4,92,5,80,3,2,0,1,0,Action_1080p_25fps_15s
1896,1,none,3,0.9545401417867104,0,13,1,7,11.817946525232552,-6:6,spatial,0,77,2,esa,12,0,0,vbr,1,high,0.4103478144366611,35,20,17,15,35,3,33,0,1,0,Standard_720p_60fps_15s
1896,1,none,3,0.9545401417867104,2,13,1,7,11.817946525232552,-6:6,spatial,0,77,2,esa,12,1,0,vbr,1,high,0.4103478144366611,45,20,147,15,61,3,33,0,1,0,Standard_720p_60fps_15s
370,0,p8x8,2,0.955156668830312,2,3,0,6,43.66582766566449,-2:2,temporal,0,415,3,tesa,29,0,0,none,1,baseline,0.1057329725397425,20,13,250,3,47,10,54,0,0,0,Standard_720p_60fps_15s
1896,0,none,1,1.2732014738287774,0,14,0,-4,29.649008445675488,6:-6,auto,1,131,4,umh,4,1,0,cbr,1,main,0.0614452896025362,50,14,82,5,19,5,9,1,1,0,Standard_720p_60fps_15s
1896,0,none,2,1.2732014738287774,0,11,0,-4,29.649008445675488,6:-6,auto,1,131,4,umh,4,1,0,cbr,1,main,0.5539217870032302,50,14,82,5,19,2,9,1,1,0,Standard_720p_60fps_15s
1896,0,none,1,1.2732014738287774,0,14,0,-4,29.649008445675488,-4:4,auto,1,216,4,umh,4,1,0,cbr,1,main,0.0614452896025362,50,10,82,5,19,5,9,1,1,0,Standard_720p_60fps_15s
1895,0,"p8x8,b8x8,i8x8,i4x4",3,0.1365659052313487,0,12,1,-7,42.07241128200896,5:5,temporal,0,38,2,tesa,12,1,0,none,1,baseline,0.6493532546000097,32,4,201,1,59,0,2,0,0,0,Standard_720p_60fps_15s
76,1,none,0,0.9545401417867104,0,13,1,-5,8.318494066853779,-3:3,spatial,0,77,2,tesa,12,0,0,none,1,high,0.6493532546000097,32,4,92,1,80,0,2,0,0,0,Standard_720p_60fps_15s
1896,1,none,3,0.9545401417867104,0,13,1,-5,11.817946525232552,-6:6,spatial,0,77,2,esa,12,0,0,vbr,1,high,0.6493532546000097,32,4,92,2,80,0,2,0,1,1,Standard_720p_60fps_15s
76,1,none,3,0.363694235937836,0,13,1,-10,8.318494066853779,-3:3,none,1,77,2,tesa,12,0,0,none,1,high,0.6493532546000097,49,4,92,1,79,0,2,0,0,0,Standard_720p_60fps_15s
1896,1,none,3,0.9545401417867104,0,13,1,7,11.817946525232552,-6:6,spatial,0,77,2,esa,12,0,0,vbr,1,high,0.4103478144366611,49,4,92,1,79,0,2,0,0,0,Standard_720p_60fps_15s
76,1,none,0,0.9545401417867104,0,14,1,-5,8.318494066853779,-3:3,spatial,0,77,2,tesa,12,0,0,none,1,high,0.4457158493836002,32,4,92,1,59,0,2,0,0,0,Standard_720p_60fps_15s
382,0,p4x4,1,0.1365659052313487,0,12,1,-7,28.52124684127244,3:3,temporal,1,38,3,umh,9,0,1,cbr,0,baseline,0.4103478144366611,35,20,226,3,35,0,22,0,1,1,Standard_720p_60fps_15s
499,1,none,3,0.5989806402232455,1,5,1,10,12.107716240294172,5:5,none,0,38,3,umh,25,0,1,cbr,0,baseline,0.4103478144366611,35,20,31,3,35,10,22,0,1,1,Standard_720p_60fps_15s
382,1,all,1,0.1365659052313487,1,12,1,-7,12.107716240294172,5:5,spatial,0,38,3,umh,25,0,1,cbr,0,baseline,0.4103478144366611,35,20,17,3,35,0,22,0,0,1,Standard_720p_60fps_15s
382,0,p4x4,1,0.1365659052313487,1,12,1,-7,12.107716240294172,6:6,temporal,0,38,3,umh,25,0,1,cbr,0,baseline,0.4103478144366611,35,20,17,3,45,3,13,0,1,0,Standard_720p_60fps_15s
1895,0,"p8x8,b8x8,i8x8,i4x4",3,0.1365659052313487,1,12,1,-7,42.07241128200896,5:5,spatial,0,38,3,umh,25,0,1,cbr,0,baseline,0.4103478144366611,35,20,17,3,35,0,22,0,1,0,Standard_720p_60fps_15s
382,1,p4x4,1,0.1365659052313487,1,12,1,-7,12.107716240294172,5:5,none,0,38,3,umh,25,0,1,cbr,0,baseline,0.4103478144366611,35,20,226,3,35,0,22,0,1,1,Standard_720p_60fps_15s
627,1,p4x4,1,0.1365659052313487,1,12,1,-7,12.107716240294172,6:6,spatial,0,38,3,umh,25,0,1,cbr,0,baseline,0.4103478144366611,35,20,17,3,45,3,13,0,1,0,Standard_720p_60fps_15s
382,1,p4x4,1,0.1365659052313487,1,12,1,-7,12.107716240294172,6:6,spatial,0,38,3,umh,25,0,1,cbr,0,baseline,0.4103478144366611,35,20,17,3,45,3,13,0,1,0,Standard_720p_60fps_15s
469,0,"p8x8,b8x8,i8x8,i4x4",2,1.9388859071863007,0,9,1,-12,27.88001428928656,4:-4,none,0,20,4,tesa,63,1,0,vbr,0,high,0.0833025022174705,43,10,244,12,23,0,20,0,1,1,Standard_1080p_25fps_20s
469,0,"p8x8,b8x8,i8x8,i4x4",3,1.9388859071863007,0,9,1,-12,27.88001428928656,4:-4,auto,0,20,4,hex,63,1,0,vbr,0,high,0.0833025022174705,43,10,149,6,96,4,20,0,1,0,Standard_1080p_25fps_20s
1690,1,none,2,1.1536539324358672,0,13,1,7,44.37311282353116,4:-4,auto,0,20,4,esa,63,1,1,vbr,1,high,0.0833025022174705,43,10,149,2,23,2,20,0,1,1,Standard_1080p_25fps_20s
1011,0,p4x4,0,0.7841382476494912,0,13,1,7,37.37799214063269,4:-4,auto,0,406,0,esa,20,1,0,vbr,0,main,0.0833025022174705,43,10,149,12,23,0,20,1,1,1,Standard_1080p_25fps_20s
1690,1,none,2,1.1536539324358672,0,13,1,7,42.876785685812266,4:-4,auto,0,106,3,tesa,6,1,1,vbr,1,baseline,0.4533312853075793,41,14,209,8,15,2,18,2,0,1,Standard_1080p_25fps_20s
1690,1,none,2,1.1536539324358672,0,13,1,7,37.37799214063269,4:-4,auto,0,20,4,esa,63,1,0,vbr,1,high,0.0833025022174705,43,10,149,12,23,0,20,1,1,1,Standard_1080p_25fps_20s
469,0,"p8x8,b8x8,i8x8,i4x4",3,1.9388859071863007,0,9,1,-12,27.88001428928656,4:-4,auto,0,20,4,hex,63,1,0,vbr,0,high,0.0833025022174705,43,10,149,12,23,0,20,1,1,1,Standard_1080p_25fps_20s
1690,1,none,2,1.1536539324358672,1,13,1,-10,37.37799214063269,4:-4,auto,0,20,4,esa,63,1,0,vbr,1,high,0.0833025022174705,43,10,149,12,7,0,20,1,1,0,Standard_1080p_25fps_20s
1011,0,p4x4,0,0.7841382476494912,0,13,1,7,37.37799214063269,4:-4,auto,0,20,0,esa,63,1,0,vbr,0,high,0.0833025022174705,43,10,149,2,23,2,20,1,1,1,Standard_1080p_25fps_20s
469,0,"p8x8,b8x8,i8x8,i4x4",3,1.9388859071863007,0,9,1,-12,27.88001428928656,4:-4,auto,0,20,4,hex,63,1,0,vbr,0,high,0.0833025022174705,43,10,149,12,23,0,20,0,0,0,Standard_1080p_25fps_20s
877,0,none,0,1.236053973363605,0,13,0,10,24.845320280721005,4:-4,auto,0,20,4,esa,11,1,0,vbr,1,high,0.257836695946576,43,10,149,1,7,0,20,1,1,0,Standard_1080p_25fps_20s
1690,1,none,2,1.1536539324358672,0,13,1,7,37.37799214063269,4:-4,auto,0,20,4,hex,63,1,0,vbr,0,high,0.0833025022174705,43,10,149,12,23,0,20,1,1,1,Standard_1080p_25fps_20s
469,0,"p8x8,b8x8,i8x8,i4x4",3,1.9388859071863007,0,9,0,-12,27.88001428928656,4:-4,auto,0,20,4,esa,63,1,0,vbr,1,high,0.1955668258013275,22,10,149,12,23,0,20,1,1,1,Standard_1080p_25fps_20s
1690,1,none,2,1.1536539324358672,1,13,1,-10,40.97319569724039,4:-4,temporal,0,20,4,esa,63,1,0,vbr,1,high,0.0833025022174705,43,10,95,12,7,0,20,1,1,0,Standard_1080p_25fps_20s
1690,1,none,2,1.1536539324358672,0,13,1,7,42.876785685812266,4:-4,auto,0,406,0,esa,20,1,0,vbr,0,main,0.0833025022174705,43,10,149,12,23,0,20,1,1,1,Standard_1080p_25fps_20s
2116,1,"p8x8,b8x8,i8x8,i4x4",2,1.9388859071863007,0,9,1,-12,15.491715318229309,4:-4,none,0,209,4,tesa,63,1,0,vbr,0,high,0.0833025022174705,43,10,244,12,23,0,20,0,1,2,Standard_1080p_25fps_20s
469,0,"p8x8,b8x8,i8x8,i4x4",2,1.1536539324358672,2,13,1,-10,37.37799214063269,4:-4,auto,0,20,4,esa,63,1,0,vbr,1,high,0.0833025022174705,43,10,149,12,7,0,20,1,1,0,Standard_1080p_25fps_20s
1690,1,none,2,1.1536539324358672,1,13,1,-1,37.37799214063269,4:-4,auto,0,20,4,hex,4,0,0,vbr,1,high,0.0833025022174705,43,10,149,12,7,0,20,1,1,2,Standard_1080p_25fps_20s
1690,1,none,2,1.1536539324358672,0,13,1,7,44.37311282353116,2:2,auto,0,20,4,esa,63,1,1,vbr,0,high,0.0833025022174705,43,10,164,2,5,0,20,1,1,1,Standard_1080p_25fps_20s
877,0,none,3,1.9388859071863007,0,9,1,-12,27.88001428928656,4:-4,auto,0,20,4,hex,63,1,0,vbr,0,high,0.0833025022174705,43,10,149,12,23,0,20,2,1,1,Standard_1080p_25fps_20s
625,1,p4x4,2,0.9870357695477202,2,10,0,0,28.568413039947632,-3:3,spatial,0,53,2,tesa,28,1,1,none,0,high,0.9614790448041663,36,16,25,3,86,2,24,0,1,2,Action_1080p_30fps_15s
1329,1,none,0,0.9870357695477202,2,10,0,0,28.568413039947632,-3:3,spatial,0,53,2,tesa,12,1,1,none,0,high,0.9614790448041663,36,9,25,3,86,2,24,0,1,2,Action_1080p_30fps_15s
625,1,p4x4,2,0.9870357695477202,0,10,0,0,27.72758455764944,-3:3,auto,0,332,3,dia,28,1,1,none,1,high,0.8033585026620205,36,16,25,3,86,2,27,2,1,1,Action_1080p_30fps_15s
1699,1,p4x4,2,0.9870357695477202,2,10,0,0,28.568413039947632,-3:3,spatial,0,53,2,tesa,28,0,1,none,1,high,0.2536837837952118,36,16,25,3,86,2,24,0,1,2,Action_1080p_30fps_15s
625,1,p4x4,2,0.858969928340521,2,10,1,4,28.64779982514085,-3:3,temporal,0,199,0,dia,28,1,1,none,1,baseline,0.1174092957131501,20,18,25,3,86,1,26,2,1,2,Action_1080p_30fps_15s
625,1,p8x8,2,0.858969928340521,2,10,1,4,28.64779982514085,-3:3,temporal,1,199,0,dia,28,1,1,none,1,baseline,0.1174092957131501,20,18,25,3,86,1,26,2,0,1,Action_1080p_30fps_15s
625,1,p4x4,2,0.858969928340521,2,10,1,4,28.64779982514085,-3:3,temporal,0,199,0,dia,28,1,1,none,1,baseline,0.8227454218802388,20,18,25,3,86,1,26,2,1,2,Action_1080p_30fps_15s
625,1,p4x4,2,0.6379376268387134,2,10,0,4,28.64779982514085,-3:3,temporal,0,199,0,dia,28,1,1,none,1,baseline,0.1174092957131501,20,18,25,3,86,1,26,2,0,2,Action_1080p_30fps_15s
625,1,p4x4,2,0.9870357695477202,2,10,0,0,27.72758455764944,-3:3,auto,0,332,3,dia,28,1,1,none,0,baseline,0.8033585026620205,36,16,25,3,86,2,27,0,1,1,Action_1080p_30fps_15s
2356,1,all,1,0.5839624825528852,1,16,0,0,28.64779982514085,-3:3,auto,1,199,1,dia,28,1,1,none,0,baseline,0.1174092957131501,36,18,25,3,86,2,26,0,1,2,Action_1080p_30fps_15s
625,1,p4x4,2,0.858969928340521,2,10,0,0,28.64779982514085,-3:3,temporal,0,199,0,dia,28,1,1,none,0,main,0.2536837837952118,36,16,25,3,86,2,24,0,1,2,Action_1080p_30fps_15s
625,1,p4x4,2,0.9870357695477202,2,10,0,0,45.061290920138205,-3:3,auto,0,199,3,dia,28,1,1,none,0,baseline,0.2626474958660849,36,16,25,3,86,2,45,0,1,1,Action_1080p_30fps_15s
2356,1,all,1,0.5839624825528852,1,10,0,0,28.64779982514085,-3:3,auto,0,199,0,dia,28,1,1,none,0,high,0.2536837837952118,36,16,25,3,86,2,24,0,1,2,Action_1080p_30fps_15s
625,1,p4x4,2,0.9870357695477202,2,10,0,0,28.64779982514085,-3:3,auto,0,199,0,dia,28,1,1,none,0,baseline,0.2536837837952118,36,16,25,3,86,2,24,0,1,2,Action_1080p_30fps_15s
625,1,p4x4,2,0.9870357695477202,0,10,0,0,27.72758455764944,-3:3,auto,0,332,0,dia,28,1,1,none,0,baseline,0.2536837837952118,36,16,25,3,86,2,39,0,1,2,Action_1080p_30fps_15s
1689,1,p4x4,0,1.3912271997992738,2,10,0,-3,28.64779982514085,-3:3,auto,0,199,0,dia,28,1,1,none,0,baseline,0.2536837837952118,36,16,25,3,86,2,24,0,1,2,Action_1080p_30fps_15s
625,1,p4x4,2,0.9870357695477202,2,10,0,0,28.64779982514085,-3:3,auto,0,199,1,dia,28,1,1,none,0,baseline,0.2536837837952118,36,16,63,3,86,2,36,2,1,2,Action_1080p_30fps_15s
1434,1,all,1,1.1046539977270082,2,10,1,0,28.64779982514085,-3:3,auto,0,326,0,dia,28,1,1,none,0,baseline,0.8419187505991464,36,16,25,3,86,2,24,0,1,2,Action_1080p_30fps_15s
625,1,p4x4,2,0.858969928340521,2,10,0,4,28.64779982514085,-3:3,temporal,0,199,0,dia,28,1,1,none,1,baseline,0.1174092957131501,20,18,25,3,86,1,26,2,1,2,Action_1080p_30fps_15s
625,1,p8x8,2,0.858969928340521,2,10,0,4,28.64779982514085,-3:3,temporal,0,199,0,dia,28,1,1,none,1,baseline,0.1174092957131501,20,18,25,3,86,1,26,2,1,2,Action_1080p_30fps_15s
867,1,p8x8,3,1.6480643356688356,1,3,1,9,25.82327767066316,4:4,none,0,331,0,dia,34,0,0,cbr,0,high,0.9562827234845592,28,15,69,2,71,0,47,1,1,2,Still_image_720p_60fps_15s
499,1,none,3,1.6480643356688356,2,3,1,9,25.82327767066316,4:4,none,0,331,0,dia,34,0,1,cbr,1,high,0.9562827234845592,28,15,69,2,71,0,47,1,1,2,Still_image_720p_60fps_15s
867,1,p8x8,3,1.6480643356688356,1,3,1,9,25.82327767066316,4:4,none,0,331,0,dia,34,1,1,none,0,baseline,0.1114080985467898,31,17,98,16,47,2,12,0,1,2,Still_image_720p_60fps_15s
700,1,all,1,0.5800605938198936,1,15,1,-8,8.126069917579773,-4:4,none,0,331,0,dia,64,1,0,cbr,0,high,0.9562827234845592,28,15,69,2,71,0,47,1,1,2,Still_image_720p_60fps_15s
382,1,p4x4,0,0.5800605938198936,1,15,1,-10,8.126069917579773,3:-3,none,0,331,0,dia,10,1,0,cbr,0,high,0.916497737652356,28,17,69,2,32,0,22,1,1,1,Still_image_720p_60fps_15s
700,1,all,1,0.5800605938198936,1,15,1,-8,8.126069917579773,-4:4,none,1,120,0,tesa,64,1,0,cbr,0,high,0.9562827234845592,28,15,69,2,88,0,47,1,1,2,Still_image_720p_60fps_15s
700,0,all,1,0.5800605938198936,0,15,0,-8,8.126069917579773,4:4,none,0,331,0,dia,34,0,1,cbr,0,high,0.9562827234845592,28,19,69,2,16,0,47,1,1,2,Still_image_720p_60fps_15s
382,1,p4x4,0,0.7625800653779805,2,3,1,9,25.82327767066316,4:4,none,0,331,0,dia,34,0,0,cbr,0,high,0.9562827234845592,28,15,69,2,71,0,47,1,1,1,Still_image_720p_60fps_15s
867,1,p8x8,3,0.5800605938198936,1,15,1,-5,8.126069917579773,3:-3,none,0,331,0,dia,10,1,0,cbr,0,high,0.916497737652356,28,17,69,2,32,0,22,1,1,1,Still_image_720p_60fps_15s
867,1,p8x8,3,1.6480643356688356,1,3,1,2,8.126069917579773,3:-3,none,0,331,0,dia,10,1,0,cbr,0,high,0.916497737652356,28,17,69,2,32,0,22,1,1,1,Still_image_720p_60fps_15s
382,1,p4x4,0,0.5800605938198936,1,15,1,9,25.82327767066316,4:4,spatial,0,331,0,dia,34,0,0,vbr,0,high,0.9562827234845592,28,14,69,2,71,0,47,2,1,2,Still_image_720p_60fps_15s
867,1,p8x8,3,0.9168939231964818,1,5,1,10,12.107716240294172,5:5,none,0,38,3,umh,25,0,0,cbr,1,high,0.4118804132525939,35,5,31,3,21,0,13,2,1,2,Still_image_720p_60fps_15s
499,1,none,3,1.6480643356688356,2,3,1,9,49.00750698985292,4:4,none,0,331,0,dia,34,0,1,none,1,baseline,0.2239751354717145,35,4,226,3,35,0,60,1,1,1,Still_image_720p_60fps_15s
867,1,p8x8,0,1.6480643356688356,1,3,1,9,25.82327767066316,4:4,none,0,331,0,umh,34,0,0,cbr,0,high,0.9562827234845592,28,15,69,2,71,0,13,2,1,2,Still_image_720p_60fps_15s
700,1,all,1,0.5800605938198936,1,15,1,-8,8.126069917579773,-4:4,none,1,237,0,dia,20,1,1,none,1,main,0.5006914522824696,42,20,119,6,21,0,13,2,1,2,Still_image_720p_60fps_15s
700,1,all,1,0.5800605938198936,1,15,1,-8,8.126069917579773,-4:4,none,1,237,0,dia,20,1,1,none,1,main,0.5006914522824696,42,20,119,13,21,0,13,2,1,2,Still_image_720p_60fps_15s
700,0,all,1,0.5800605938198936,0,15,1,-8,8.126069917579773,-4:4,none,1,237,0,dia,20,1,1,none,1,main,0.5006914522824696,42,20,119,6,21,0,13,2,1,2,Still_image_720p_60fps_15s
700,1,all,1,0.5800605938198936,1,15,1,-8,8.126069917579773,-4:4,none,1,237,0,dia,20,1,1,none,0,baseline,0.2239751354717145,35,20,226,3,35,0,60,0,1,1,Still_image_720p_60fps_15s
700,1,none,1,0.5800605938198936,1,15,1,-8,8.126069917579773,-5:5,none,1,237,0,dia,20,1,1,none,0,baseline,0.2239751354717145,35,20,226,3,35,0,60,0,1,1,Still_image_720p_60fps_15s
382,0,p4x4,1,0.1365659052313487,0,12,1,-7,28.52124684127244,3:3,temporal,1,38,3,umh,9,0,1,cbr,0,baseline,0.4103478144366611,35,20,226,3,35,0,22,0,1,1,Still_image_720p_60fps_15s
1011,0,p4x4,0,0.7841382476494912,0,13,1,7,37.37799214063269,4:-4,auto,0,406,0,esa,20,1,0,vbr,0,main,0.0833025022174705,43,10,149,12,23,0,20,1,1,1,Still_image_1080p_25fps_5s
469,0,"p8x8,b8x8,i8x8,i4x4",3,1.9388859071863007,0,9,1,-12,27.88001428928656,4:-4,auto,0,20,4,hex,63,1,0,vbr,0,high,0.0833025022174705,43,10,149,6,96,4,20,0,1,0,Still_image_1080p_25fps_5s
469,0,"p8x8,b8x8,i8x8,i4x4",2,1.9388859071863007,0,9,1,-12,27.88001428928656,4:-4,none,0,20,4,tesa,63,1,0,vbr,0,high,0.0833025022174705,43,10,244,12,23,0,20,0,1,1,Still_image_1080p_25fps_5s
1690,1,none,2,1.1536539324358672,0,13,1,7,44.37311282353116,4:-4,auto,0,20,4,esa,63,1,1,vbr,1,high,0.0833025022174705,43,10,149,2,23,2,20,0,1,1,Still_image_1080p_25fps_5s
1690,1,none,2,1.1536539324358672,0,13,1,7,42.876785685812266,4:-4,auto,0,106,3,tesa,6,1,1,vbr,1,baseline,0.4533312853075793,41,14,209,8,15,2,18,2,0,1,Still_image_1080p_25fps_5s
469,0,"p8x8,b8x8,i8x8,i4x4",3,1.9388859071863007,0,9,1,-12,27.88001428928656,4:-4,auto,0,20,4,hex,63,1,0,vbr,0,high,0.0833025022174705,43,10,149,12,23,0,20,0,0,0,Still_image_1080p_25fps_5s
1690,1,none,2,1.1536539324358672,1,13,1,-10,37.37799214063269,4:-4,auto,0,20,4,esa,63,1,0,vbr,1,high,0.0833025022174705,43,10,149,12,7,0,20,1,1,0,Still_image_1080p_25fps_5s
1011,0,p4x4,0,0.7841382476494912,0,13,1,7,37.37799214063269,4:-4,auto,0,20,0,esa,63,1,0,vbr,0,high,0.0833025022174705,43,10,149,2,23,2,20,1,1,1,Still_image_1080p_25fps_5s
1690,1,none,2,1.1536539324358672,0,13,1,7,37.37799214063269,4:-4,auto,0,20,4,esa,63,1,0,vbr,1,high,0.0833025022174705,43,10,149,12,23,0,20,1,1,1,Still_image_1080p_25fps_5s
469,0,"p8x8,b8x8,i8x8,i4x4",3,1.9388859071863007,0,9,1,-12,27.88001428928656,4:-4,auto,0,20,4,hex,63,1,0,vbr,0,high,0.0833025022174705,43,10,149,12,23,0,20,1,1,1,Still_image_1080p_25fps_5s
1280,0,p4x4,2,0.7841382476494912,0,1,1,7,37.37799214063269,-5:5,auto,0,20,0,esa,63,1,0,vbr,1,high,0.0833025022174705,43,10,149,2,23,2,20,0,1,1,Still_image_1080p_25fps_5s
1690,1,none,2,1.1536539324358672,2,13,1,7,44.37311282353116,4:-4,auto,0,467,4,esa,63,1,1,vbr,1,baseline,0.0833025022174705,43,11,149,3,23,2,20,1,1,1,Still_image_1080p_25fps_5s
1485,0,"p8x8,b8x8,i8x8,i4x4",2,1.9388859071863007,0,9,1,-12,27.88001428928656,4:-4,none,0,20,4,tesa,63,1,0,vbr,0,high,0.0833025022174705,43,10,244,14,23,0,20,0,1,1,Still_image_1080p_25fps_5s
469,0,"p8x8,b8x8,i8x8,i4x4",3,1.9388859071863007,0,9,1,-12,27.88001428928656,4:-4,temporal,0,20,4,tesa,63,1,0,vbr,1,high,0.5311705779453971,43,10,149,4,96,4,20,1,1,0,Still_image_1080p_25fps_5s
1690,1,none,2,1.1536539324358672,0,13,0,7,44.37311282353116,4:-4,temporal,0,70,0,esa,20,1,0,vbr,0,main,0.0833025022174705,43,10,149,12,23,0,20,1,1,1,Still_image_1080p_25fps_5s
1011,0,p4x4,0,0.7841382476494912,0,3,1,7,37.37799214063269,3:3,auto,0,20,4,esa,63,0,1,vbr,1,high,0.0833025022174705,43,10,224,2,23,2,20,0,1,1,Still_image_1080p_25fps_5s
1690,1,none,2,1.1536539324358672,0,13,1,7,44.37311282353116,4:-4,auto,0,20,4,esa,63,1,1,vbr,1,main,0.2002510854560951,51,13,126,11,67,7,50,0,0,0,Still_image_1080p_25fps_5s
1690,1,none,2,1.1536539324358672,1,13,1,-10,37.37799214063269,4:-4,auto,1,20,4,hex,63,0,0,vbr,1,high,0.0833025022174705,43,10,124,12,7,0,20,1,1,0,Still_image_1080p_25fps_5s
1690,1,none,2,1.1536539324358672,1,15,1,-10,37.37799214063269,4:-4,auto,0,20,1,esa,63,1,0,vbr,1,high,0.0833025022174705,43,10,149,12,7,0,20,1,1,0,Still_image_1080p_25fps_5s
1690,0,p4x4,0,0.7841382476494912,0,13,0,7,37.37799214063269,4:-4,auto,0,20,2,esa,63,1,0,none,0,high,0.0833025022174705,43,14,149,2,23,2,20,1,1,1,Still_image_1080p_25fps_5s
626,1,p4x4,2,1.2206763118591664,0,0,1,8,50.3301403421661,2:2,none,1,459,3,dia,46,1,1,none,1,high,0.2390459400533245,49,18,229,5,5,9,53,0,0,2,Big_1080p_30fps_20s
626,1,all,2,1.2206763118591664,0,0,1,8,50.3301403421661,2:2,none,1,459,3,dia,46,1,1,none,1,high,0.2390459400533245,33,18,229,5,5,9,53,0,0,1,Big_1080p_30fps_20s
469,0,"p8x8,b8x8,i8x8,i4x4",2,1.9388859071863007,0,9,1,-12,27.88001428928656,4:-4,none,0,20,4,tesa,63,1,0,vbr,0,high,0.0833025022174705,43,10,244,12,23,0,20,0,1,1,Big_1080p_30fps_20s
1690,1,none,2,1.1536539324358672,0,13,1,7,44.37311282353116,4:-4,auto,0,20,4,esa,63,1,1,vbr,1,high,0.0833025022174705,43,10,149,2,23,2,20,0,1,1,Big_1080p_30fps_20s
1011,0,p4x4,0,0.7841382476494912,0,13,1,7,37.37799214063269,4:-4,auto,0,406,0,esa,20,1,0,vbr,0,main,0.0833025022174705,43,10,149,12,23,0,20,1,1,1,Big_1080p_30fps_20s
469,0,"p8x8,b8x8,i8x8,i4x4",3,1.9388859071863007,0,9,1,-12,27.88001428928656,4:-4,auto,0,20,4,hex,63,1,0,vbr,0,high,0.0833025022174705,43,10,149,6,96,4,20,0,1,0,Big_1080p_30fps_20s
469,0,"p8x8,b8x8,i8x8,i4x4",3,1.9388859071863007,0,9,1,-12,27.88001428928656,4:-4,auto,0,20,4,hex,63,1,0,vbr,0,high,0.0833025022174705,43,10,149,12,23,0,20,0,0,0,Big_1080p_30fps_20s
1690,1,none,2,1.1536539324358672,0,13,1,7,42.876785685812266,4:-4,auto,0,106,3,tesa,6,1,1,vbr,1,baseline,0.4533312853075793,41,14,209,8,15,2,18,2,0,1,Big_1080p_30fps_20s
1011,0,p4x4,0,0.7841382476494912,0,13,1,7,37.37799214063269,4:-4,auto,0,20,0,esa,63,1,0,vbr,0,high,0.0833025022174705,43,10,149,2,23,2,20,1,1,1,Big_1080p_30fps_20s
1690,1,none,2,1.1536539324358672,1,13,1,-10,37.37799214063269,4:-4,auto,0,20,4,esa,63,1,0,vbr,1,high,0.0833025022174705,43,10,149,12,7,0,20,1,1,0,Big_1080p_30fps_20s
469,0,"p8x8,b8x8,i8x8,i4x4",3,1.9388859071863007,0,9,1,-12,27.88001428928656,4:-4,auto,0,20,4,hex,63,1,0,vbr,0,high,0.0833025022174705,43,10,149,12,23,0,20,1,1,1,Big_1080p_30fps_20s
1690,1,none,2,1.1536539324358672,0,13,1,7,37.37799214063269,4:-4,auto,0,20,4,esa,63,1,0,vbr,1,high,0.0833025022174705,43,10,149,12,23,0,20,1,1,1,Big_1080p_30fps_20s
1011,0,p4x4,0,0.7841382476494912,0,13,1,7,37.37799214063269,4:-4,auto,0,406,0,esa,20,1,0,vbr,1,main,0.0833025022174705,43,10,149,12,23,0,20,1,1,1,Big_1080p_30fps_20s
1690,1,none,2,1.1536539324358672,1,13,1,-10,37.37799214063269,4:-4,auto,1,20,4,hex,63,1,0,vbr,0,high,0.0833025022174705,43,10,149,12,23,0,20,1,1,1,Big_1080p_30fps_20s
469,0,"p8x8,b8x8,i8x8,i4x4",3,1.9388859071863007,0,9,1,-12,27.88001428928656,4:-4,auto,0,20,4,hex,63,1,0,vbr,1,high,0.0833025022174705,43,10,149,12,7,0,20,1,1,0,Big_1080p_30fps_20s
1690,1,none,3,1.1536539324358672,0,13,0,7,37.37799214063269,4:-4,auto,0,20,4,esa,63,1,0,vbr,1,high,0.0833025022174705,43,10,149,12,7,0,20,1,0,0,Big_1080p_30fps_20s
1690,1,none,2,1.1536539324358672,2,13,1,-10,44.37311282353116,2:-2,auto,0,20,4,esa,63,1,1,vbr,0,high,0.0833025022174705,43,10,149,3,23,2,20,0,1,1,Big_1080p_30fps_20s
1690,1,none,2,1.1536539324358672,0,13,1,7,44.37311282353116,4:-4,auto,0,20,4,esa,63,1,0,vbr,0,high,0.0833025022174705,43,19,244,12,23,0,20,0,1,1,Big_1080p_30fps_20s
469,0,"p8x8,b8x8,i8x8,i4x4",2,1.9388859071863007,0,9,1,4,27.88001428928656,4:-4,none,0,20,4,tesa,63,1,0,vbr,1,high,0.0833025022174705,43,10,149,2,23,2,20,0,1,1,Big_1080p_30fps_20s
1690,1,none,2,1.1536539324358672,0,15,1,7,5.889140327835732,4:-4,auto,0,106,3,tesa,6,1,0,vbr,0,high,0.6838702479884623,43,10,149,1,96,4,20,0,1,0,Big_1080p_30fps_20s
7,1,p8x8,2,0.8386707997446446,0,3,1,5,12.160825193039496,1:1,temporal,1,127,2,hex,51,0,0,vbr,0,high,0.3616718805364829,27,10,44,3,18,1,50,0,1,2,Action_1080p_30fps_20s
853,0,p8x8,2,0.8386707997446446,0,3,1,6,12.160825193039496,1:1,none,0,53,2,hex,51,0,0,none,0,high,0.1724828560371048,48,15,239,5,48,2,47,0,0,1,Action_1080p_30fps_20s
1381,0,none,2,0.8386707997446446,0,3,1,6,29.48903521464648,1:1,none,1,199,1,hex,51,1,1,none,0,baseline,0.6493532546000097,46,10,10,2,80,0,42,1,0,0,Action_1080p_30fps_20s
76,0,"p8x8,b8x8,i8x8,i4x4",1,0.8386707997446446,0,3,1,6,12.160825193039496,1:1,none,1,127,2,umh,51,1,0,vbr,0,high,0.3616718805364829,27,10,44,3,18,1,50,0,1,1,Action_1080p_30fps_20s
1381,0,none,2,0.8386707997446446,0,3,1,6,11.131439745404744,1:1,none,1,199,1,hex,51,1,0,none,0,baseline,0.6493532546000097,46,4,92,2,80,0,42,1,0,0,Action_1080p_30fps_20s
1381,0,none,1,0.6295137611273145,2,0,1,9,29.58495568862226,4:4,spatial,0,51,0,dia,9,0,0,vbr,0,high,0.3616718805364829,27,10,44,3,18,1,50,0,1,1,Action_1080p_30fps_20s
7,0,p8x8,2,0.8386707997446446,0,3,1,1,12.160825193039496,1:1,temporal,1,127,2,hex,51,0,0,vbr,0,high,0.3616718805364829,27,10,44,3,18,1,50,0,1,1,Action_1080p_30fps_20s
7,0,p8x8,2,0.8386707997446446,0,3,1,6,12.160825193039496,1:1,none,1,127,2,hex,51,0,0,vbr,0,high,0.3616718805364829,48,15,239,5,55,2,47,2,0,1,Action_1080p_30fps_20s
7,0,p8x8,2,0.8386707997446446,0,3,1,6,12.160825193039496,1:1,none,1,127,2,hex,51,0,0,vbr,0,high,0.3616718805364829,27,10,44,3,18,1,50,0,1,1,Action_1080p_30fps_20s
1381,0,none,2,0.8386707997446446,0,3,1,6,12.160825193039496,1:1,none,1,127,2,hex,51,1,0,vbr,0,high,0.3616718805364829,27,10,44,3,18,1,50,0,1,1,Action_1080p_30fps_20s
1381,0,none,2,0.8386707997446446,0,3,1,6,12.160825193039496,1:1,none,1,127,2,hex,51,1,0,vbr,0,high,0.3616718805364829,27,10,94,3,18,1,50,0,1,1,Action_1080p_30fps_20s
76,0,"p8x8,b8x8,i8x8,i4x4",1,1.1644302425737592,0,3,1,-3,12.160825193039496,1:1,none,1,127,2,umh,51,1,0,vbr,0,high,0.3616718805364829,27,10,44,3,18,1,50,0,0,1,Action_1080p_30fps_20s
1381,0,none,2,0.8386707997446446,0,3,1,1,12.160825193039496,1:1,temporal,1,127,2,umh,51,1,0,vbr,0,high,0.3616718805364829,27,10,44,3,18,1,50,0,1,1,Action_1080p_30fps_20s
7,0,p8x8,2,0.8386707997446446,0,3,1,1,12.160825193039496,1:1,temporal,1,127,2,hex,51,0,0,vbr,0,high,0.3616718805364829,27,10,44,13,18,1,50,0,1,1,Action_1080p_30fps_20s
853,1,none,2,0.8386707997446446,0,3,0,-4,12.160825193039496,1:1,none,1,53,2,hex,51,1,0,none,0,high,0.1724828560371048,48,10,44,3,18,1,50,0,1,1,Action_1080p_30fps_20s
1381,0,none,2,1.3787404009846014,0,13,1,6,12.160825193039496,1:1,none,1,127,2,hex,51,1,0,vbr,0,high,0.3616718805364829,27,15,239,6,48,2,47,0,0,1,Action_1080p_30fps_20s
697,0,p8x8,2,0.8386707997446446,0,3,1,6,12.160825193039496,1:1,none,0,53,2,hex,51,0,0,none,0,high,0.1724828560371048,48,15,142,5,18,1,50,1,1,1,Action_1080p_30fps_20s
7,0,p8x8,2,0.8386707997446446,0,3,1,6,12.160825193039496,4:4,none,1,127,2,hex,51,0,0,vbr,0,high,0.3616718805364829,27,10,44,3,48,2,7,0,0,1,Action_1080p_30fps_20s
76,0,"p8x8,b8x8,i8x8,i4x4",1,0.8386707997446446,0,15,1,7,12.160825193039496,1:1,none,1,127,2,esa,51,1,0,cbr,0,high,0.3167844126640051,27,10,44,3,18,1,50,0,0,1,Action_1080p_30fps_20s
7,0,p8x8,2,0.8386707997446446,0,3,1,1,12.160825193039496,1:1,temporal,1,127,4,hex,12,0,0,vbr,0,high,0.3616718805364829,27,10,44,3,53,1,50,0,0,1,Action_1080p_30fps_20s
370,0,p8x8,2,0.955156668830312,2,3,0,6,43.66582766566449,-2:2,temporal,0,415,3,tesa,29,0,0,none,1,baseline,0.1057329725397425,20,13,250,3,47,10,54,0,0,0,Still_image_1080p_25fps_15s
370,0,p8x8,2,0.955156668830312,2,3,0,6,44.35555144592824,-2:2,temporal,0,415,3,tesa,29,0,0,none,1,baseline,0.1057329725397425,27,4,92,2,80,0,2,0,0,1,Still_image_1080p_25fps_15s
1350,0,p8x8,2,0.955156668830312,2,3,0,6,44.35555144592824,-2:2,auto,0,415,3,tesa,29,0,0,none,1,baseline,0.1057329725397425,27,4,92,2,80,0,2,0,0,1,Still_image_1080p_25fps_15s
370,0,p8x8,2,0.1816645454671701,2,3,0,6,43.66582766566449,-2:2,temporal,0,415,3,tesa,29,0,0,none,1,baseline,0.1057329725397425,20,13,250,3,47,10,54,0,0,0,Still_image_1080p_25fps_15s
370,0,p8x8,2,0.955156668830312,2,3,0,6,43.66582766566449,-2:2,temporal,0,415,3,tesa,29,0,0,none,0,baseline,0.1057329725397425,20,13,250,3,47,10,54,0,0,0,Still_image_1080p_25fps_15s
1896,1,none,3,0.9545401417867104,0,13,1,-12,11.817946525232552,-6:6,spatial,0,77,3,tesa,29,1,0,none,1,baseline,0.1057329725397425,20,13,250,3,47,10,30,0,0,0,Still_image_1080p_25fps_15s
1371,0,none,0,0.7594583716082344,0,13,1,-5,8.318494066853779,-3:3,spatial,0,77,3,tesa,12,0,0,vbr,1,high,0.6493532546000097,32,19,92,2,80,0,2,0,0,0,Still_image_1080p_25fps_15s
1371,0,none,0,0.9545401417867104,0,13,0,-5,8.318494066853779,-6:6,spatial,0,478,2,tesa,48,0,0,vbr,1,high,0.8535373528489443,50,4,212,2,44,0,21,1,0,0,Still_image_1080p_25fps_15s
1371,1,none,0,0.9545401417867104,0,13,0,6,8.318494066853779,-6:6,spatial,0,77,2,tesa,18,0,0,vbr,1,baseline,0.8535373528489443,45,2,212,1,66,1,27,0,0,2,Still_image_1080p_25fps_15s
1371,0,none,0,0.9545401417867104,0,13,1,-5,8.318494066853779,-3:3,spatial,0,77,2,tesa,12,0,0,vbr,1,high,0.6493532546000097,32,4,92,2,80,0,2,0,0,1,Still_image_1080p_25fps_15s
1371,1,none,0,0.9545401417867104,0,13,0,6,8.318494066853779,-6:6,spatial,0,77,2,tesa,18,0,0,vbr,1,high,0.8535373528489443,45,2,212,1,4,1,27,0,0,2,Still_image_1080p_25fps_15s
1371,0,none,0,0.7594583716082344,0,13,0,-5,8.318494066853779,-6:6,spatial,0,478,2,tesa,48,0,0,vbr,1,high,0.8535373528489443,50,4,212,1,44,11,21,1,0,0,Still_image_1080p_25fps_15s
1371,0,none,0,0.9545401417867104,0,13,0,-5,8.318494066853779,-6:6,spatial,0,77,2,tesa,18,0,0,vbr,1,high,0.8535373528489443,45,2,212,1,44,11,21,2,0,0,Still_image_1080p_25fps_15s
1371,0,none,0,0.7594583716082344,0,13,0,-5,8.318494066853779,-6:6,spatial,0,478,2,tesa,48,0,0,vbr,1,high,0.4103478144366611,35,20,17,15,35,3,33,0,1,0,Still_image_1080p_25fps_15s
1371,0,none,0,0.7594583716082344,0,13,0,-5,8.318494066853779,-6:6,spatial,0,77,2,tesa,18,0,0,vbr,1,high,0.8535373528489443,45,2,212,10,98,1,27,0,0,2,Still_image_1080p_25fps_15s
1371,0,none,0,0.9545401417867104,0,13,0,6,8.318494066853779,-6:6,spatial,0,77,2,hex,18,0,1,vbr,1,baseline,0.8535373528489443,45,8,212,1,66,1,27,0,0,2,Still_image_1080p_25fps_15s
1371,0,none,0,0.9545401417867104,0,13,0,-7,8.318494066853779,-3:3,spatial,0,77,2,dia,12,0,0,vbr,1,high,0.6493532546000097,32,13,250,3,26,10,41,0,0,0,Still_image_1080p_25fps_15s
1371,1,none,1,0.9545401417867104,0,13,0,6,8.318494066853779,-6:6,spatial,0,77,2,tesa,18,0,0,vbr,1,high,0.4642825819901718,45,2,212,1,4,1,27,0,0,2,Still_image_1080p_25fps_15s
1371,0,none,0,0.9545401417867104,0,13,0,-5,36.80543535939872,-6:6,spatial,0,478,2,tesa,48,0,0,vbr,1,high,0.4103478144366611,35,20,17,15,35,3,33,0,1,0,Still_image_1080p_25fps_15s
1371,0,none,0,0.7594583716082344,0,13,0,-5,8.318494066853779,-6:6,spatial,1,478,2,tesa,48,0,0,vbr,1,high,0.5236633659300818,50,4,212,2,44,0,21,1,0,0,Still_image_1080p_25fps_15s
626,1,all,2,1.2206763118591664,0,0,1,8,50.3301403421661,2:2,none,1,459,3,dia,46,1,1,none,1,high,0.2390459400533245,33,18,229,5,5,9,53,0,0,1,Action_1080p_60fps_5s
626,1,p4x4,2,1.2206763118591664,0,0,1,8,50.3301403421661,2:2,none,1,459,3,dia,46,1,1,none,1,high,0.2390459400533245,49,18,229,5,5,9,53,0,0,2,Action_1080p_60fps_5s
626,1,all,3,1.2206763118591664,0,0,1,8,50.3301403421661,2:2,none,1,459,4,dia,46,1,1,none,1,high,0.2390459400533245,33,14,229,5,5,9,53,0,0,2,Action_1080p_60fps_5s
626,1,all,1,1.2206763118591664,0,0,1,8,50.3301403421661,2:2,none,1,459,4,dia,46,1,1,none,1,baseline,0.2390459400533245,33,14,229,7,5,9,53,0,0,1,Action_1080p_60fps_5s
626,1,p4x4,2,1.2206763118591664,0,0,1,-12,50.3301403421661,2:2,none,1,459,3,dia,46,1,1,none,1,high,0.2390459400533245,49,18,229,5,5,9,53,0,0,2,Action_1080p_60fps_5s
626,1,all,1,1.2206763118591664,0,0,1,8,50.3301403421661,-1:1,none,1,459,4,dia,46,1,1,none,1,baseline,0.2390459400533245,33,14,190,7,5,9,20,0,0,2,Action_1080p_60fps_5s
1690,1,all,1,1.2206763118591664,0,0,1,8,6.671316431540841,2:2,none,1,459,4,dia,46,0,1,none,1,baseline,0.2390459400533245,33,14,229,7,5,8,53,0,0,1,Action_1080p_60fps_5s
1690,1,p8x8,2,1.1482100254968974,0,13,0,2,19.540193167953056,2:-2,temporal,1,214,1,hex,59,0,1,cbr,0,high,0.4871422078937776,29,14,229,5,5,9,53,0,0,2,Action_1080p_60fps_5s
626,1,all,3,1.2206763118591664,0,0,1,8,50.3301403421661,2:2,none,1,459,4,dia,46,1,1,none,1,high,0.2390459400533245,33,19,69,4,50,1,23,1,0,0,Action_1080p_60fps_5s
346,0,p4x4,0,1.1482100254968974,0,13,1,2,19.540193167953056,2:-2,temporal,0,10,1,hex,64,0,0,cbr,0,high,0.4871422078937776,38,19,82,10,88,1,23,0,0,0,Action_1080p_60fps_5s
346,0,p4x4,0,1.1482100254968974,0,13,1,2,19.540193167953056,2:-2,temporal,0,214,1,hex,64,0,1,cbr,0,high,0.4871422078937776,29,19,69,4,44,1,23,1,0,0,Action_1080p_60fps_5s
1690,1,none,2,1.1482100254968974,0,13,0,2,19.540193167953056,2:-2,temporal,0,214,1,hex,59,0,1,cbr,0,high,0.4871422078937776,29,19,69,4,44,1,23,1,0,0,Action_1080p_60fps_5s
1578,0,"p8x8,b8x8,i8x8,i4x4",0,1.9388859071863007,1,9,1,2,19.540193167953056,2:-2,temporal,1,214,1,tesa,59,1,1,cbr,0,high,0.4871422078937776,29,19,69,4,44,1,23,1,0,0,Action_1080p_60fps_5s
1690,1,none,2,1.1536539324358672,1,13,1,-10,37.37799214063269,4:-4,auto,0,20,4,esa,63,1,0,vbr,1,high,0.0833025022174705,43,10,149,12,7,0,20,1,1,0,Action_1080p_60fps_5s
1011,0,p4x4,0,0.7841382476494912,0,13,1,7,37.37799214063269,4:-4,auto,0,20,0,esa,63,1,0,vbr,0,high,0.0833025022174705,43,10,149,2,23,2,20,1,1,1,Action_1080p_60fps_5s
1690,1,none,2,1.1536539324358672,0,13,1,7,42.876785685812266,4:-4,auto,0,106,3,tesa,6,1,1,vbr,1,baseline,0.4533312853075793,41,14,209,8,15,2,18,2,0,1,Action_1080p_60fps_5s
469,0,"p8x8,b8x8,i8x8,i4x4",3,1.9388859071863007,0,9,1,-12,27.88001428928656,4:-4,auto,0,20,4,hex,63,1,0,vbr,0,high,0.0833025022174705,43,10,149,12,23,0,20,0,0,0,Action_1080p_60fps_5s
469,0,"p8x8,b8x8,i8x8,i4x4",3,1.9388859071863007,0,9,1,-12,27.88001428928656,4:-4,auto,0,20,4,hex,63,1,0,vbr,0,high,0.0833025022174705,43,10,149,6,96,4,20,0,1,0,Action_1080p_60fps_5s
1011,0,p4x4,0,0.7841382476494912,0,13,1,7,37.37799214063269,4:-4,auto,0,406,0,esa,20,1,0,vbr,0,main,0.0833025022174705,43,10,149,12,23,0,20,1,1,1,Action_1080p_60fps_5s
1690,1,none,2,1.1536539324358672,0,13,1,7,44.37311282353116,4:-4,auto,0,20,4,esa,63,1,1,vbr,1,high,0.0833025022174705,43,10,149,2,23,2,20,0,1,1,Action_1080p_60fps_5s
1690,1,none,2,1.1536539324358672,1,13,1,-10,37.37799214063269,4:-4,auto,0,20,4,esa,63,1,0,vbr,1,high,0.0833025022174705,43,10,149,12,7,0,20,1,1,0,Still_image_480p_30fps_5s
469,0,"p8x8,b8x8,i8x8,i4x4",3,1.9388859071863007,0,9,1,-12,27.88001428928656,4:-4,auto,0,20,4,hex,63,1,0,vbr,0,high,0.0833025022174705,43,10,149,12,23,0,20,0,0,0,Still_image_480p_30fps_5s
1690,1,none,2,1.1536539324358672,0,13,1,7,42.876785685812266,4:-4,auto,0,106,3,tesa,6,1,1,vbr,1,baseline,0.4533312853075793,41,14,209,8,15,2,18,2,0,1,Still_image_480p_30fps_5s
1011,0,p4x4,0,0.7841382476494912,0,13,1,7,37.37799214063269,4:-4,auto,0,20,0,esa,63,1,0,vbr,0,high,0.0833025022174705,43,10,149,2,23,2,20,1,1,1,Still_image_480p_30fps_5s
469,0,"p8x8,b8x8,i8x8,i4x4",3,1.9388859071863007,0,9,1,-12,27.88001428928656,4:-4,auto,0,20,4,hex,63,1,0,vbr,0,high,0.0833025022174705,43,10,149,6,96,4,20,0,1,0,Still_image_480p_30fps_5s
469,0,"p8x8,b8x8,i8x8,i4x4",2,1.9388859071863007,0,9,1,-12,27.88001428928656,4:-4,none,0,20,4,tesa,63,1,0,vbr,0,high,0.0833025022174705,43,10,244,12,23,0,20,0,1,1,Still_image_480p_30fps_5s
1690,1,none,2,1.1536539324358672,0,13,1,7,44.37311282353116,4:-4,auto,0,20,4,esa,63,1,1,vbr,1,high,0.0833025022174705,43,10,149,2,23,2,20,0,1,1,Still_image_480p_30fps_5s
1011,0,p4x4,0,0.7841382476494912,0,13,1,7,37.37799214063269,4:-4,auto,0,406,0,esa,20,1,0,vbr,0,main,0.0833025022174705,43,10,149,12,23,0,20,1,1,1,Still_image_480p_30fps_5s
1690,1,none,2,1.1536539324358672,0,13,0,7,44.37311282353116,4:-4,auto,0,20,4,tesa,63,1,1,vbr,1,high,0.9376695286920168,43,14,149,2,23,2,20,0,1,1,Still_image_480p_30fps_5s
469,0,"p8x8,b8x8,i8x8,i4x4",3,1.9388859071863007,0,9,1,-12,31.92352172655176,4:-4,auto,0,20,4,hex,63,1,0,vbr,0,high,0.0833025022174705,43,10,149,8,96,4,20,0,1,0,Still_image_480p_30fps_5s
1690,1,p4x4,2,1.1536539324358672,0,16,1,7,2.185327087253972,4:-4,auto,0,20,4,esa,63,1,1,vbr,1,high,0.0833025022174705,43,10,149,8,23,2,20,0,1,1,Still_image_480p_30fps_5s
469,0,"p8x8,b8x8,i8x8,i4x4",3,1.1536539324358672,1,13,1,7,44.37311282353116,4:-4,auto,0,20,4,esa,63,1,1,vbr,1,high,0.4612001389560207,23,12,149,2,23,2,20,0,1,1,Still_image_480p_30fps_5s
1690,1,"p8x8,b8x8,i8x8,i4x4",2,1.1536539324358672,0,13,1,7,44.37311282353116,4:-4,auto,0,20,4,esa,63,1,1,vbr,1,high,0.0833025022174705,43,10,94,2,23,2,20,1,1,1,Still_image_480p_30fps_5s
1690,1,none,2,1.1536539324358672,0,13,0,7,37.37799214063269,3:-3,auto,0,406,0,esa,20,1,0,vbr,0,main,0.0833025022174705,43,10,149,12,23,0,20,1,0,1,Still_image_480p_30fps_5s
1011,1,p4x4,0,1.5409764804508184,0,13,1,7,44.37311282353116,4:-4,auto,0,20,4,esa,63,1,1,vbr,1,high,0.0833025022174705,43,10,30,2,23,2,20,0,1,1,Still_image_480p_30fps_5s
469,0,"p8x8,b8x8,i8x8,i4x4",2,1.9388859071863007,0,9,1,-9,27.88001428928656,4:-4,none,0,20,4,tesa,63,1,0,vbr,0,high,0.0833025022174705,43,10,149,12,7,0,39,1,1,0,Still_image_480p_30fps_5s
1690,1,none,2,1.1536539324358672,1,13,0,-10,37.37799214063269,4:-4,auto,0,20,4,umh,53,1,0,vbr,1,high,0.0833025022174705,43,10,244,12,23,0,20,0,1,1,Still_image_480p_30fps_5s
469,0,"p8x8,b8x8,i8x8,i4x4",2,1.9388859071863007,0,9,1,-12,31.92352172655176,4:-4,auto,0,20,4,hex,63,1,0,vbr,0,high,0.0833025022174705,43,10,179,12,7,10,39,1,1,1,Still_image_480p_30fps_5s
469,0,"p8x8,b8x8,i8x8,i4x4",3,1.1536539324358672,1,13,1,7,44.37311282353116,4:-4,spatial,0,20,1,esa,63,1,0,vbr,1,high,0.0833025022174705,43,10,149,8,96,4,20,0,1,0,Still_image_480p_30fps_5s
1690,1,none,2,1.1536539324358672,0,13,0,-10,37.37799214063269,4:-4,auto,1,412,4,umh,53,1,0,cbr,1,high,0.0833025022174705,43,10,244,12,23,0,20,0,1,1,Still_image_480p_30fps_5s
700,1,p4x4,1,0.5800605938198936,1,15,1,-8,8.126069917579773,-4:4,none,1,120,0,dia,20,0,1,cbr,1,high,0.2668424722885874,28,15,69,2,71,0,47,1,1,2,Still_image_480p_25fps_20s
700,1,all,1,0.5800605938198936,1,15,1,-8,9.718578858391789,4:-4,none,1,331,0,dia,64,1,0,vbr,1,main,0.6564114589898017,46,6,30,16,84,0,6,1,0,1,Still_image_480p_25fps_20s
674,1,none,1,1.4105312646406605,1,12,0,-7,32.38138537942932,6:6,temporal,1,339,1,tesa,10,1,0,vbr,1,main,0.6564114589898017,46,6,30,16,94,0,6,0,1,1,Still_image_480p_25fps_20s
544,0,none,0,1.075588501544093,0,11,1,-2,10.854503454180769,5:5,none,0,34,3,umh,21,0,0,vbr,1,main,0.6564114589898017,46,6,30,16,94,0,6,0,1,1,Still_image_480p_25fps_20s
694,0,all,0,1.5429407499260708,0,9,1,5,23.012084867604496,-2:2,auto,0,289,3,umh,21,0,1,vbr,1,main,0.6564114589898017,46,6,30,16,94,0,6,0,0,1,Still_image_480p_25fps_20s
246,0,all,0,0.2203525986951936,0,9,1,5,23.012084867604496,-2:2,auto,0,289,1,umh,21,0,0,vbr,1,main,0.6564114589898017,46,6,30,16,94,0,6,0,0,1,Still_image_480p_25fps_20s
544,0,none,0,1.075588501544093,0,9,1,5,23.012084867604496,2:2,auto,0,162,3,umh,21,0,0,vbr,1,main,0.6564114589898017,46,6,30,16,94,0,6,2,0,1,Still_image_480p_25fps_20s
694,0,all,0,1.5429407499260708,0,9,1,5,40.89612622895336,-2:2,auto,0,289,3,umh,21,0,1,vbr,1,main,0.6564114589898017,46,6,30,16,9,0,6,0,0,1,Still_image_480p_25fps_20s
1721,0,all,0,1.5429407499260708,0,9,1,5,40.89612622895336,-2:2,auto,0,289,3,umh,21,0,1,vbr,1,main,0.6564114589898017,46,6,30,16,94,0,22,0,0,1,Still_image_480p_25fps_20s
544,0,none,0,1.075588501544093,0,9,0,5,23.012084867604496,2:2,auto,0,154,3,dia,21,0,0,vbr,1,main,0.6564114589898017,46,6,30,16,94,0,30,2,0,1,Still_image_480p_25fps_20s
674,1,none,1,1.47977715338429,1,12,0,-7,32.38138537942932,6:6,temporal,1,339,1,tesa,10,1,0,vbr,1,baseline,0.0530570036493729,35,14,119,5,94,0,6,0,0,1,Still_image_480p_25fps_20s
867,1,p8x8,3,1.6480643356688356,1,3,1,2,8.126069917579773,3:-3,none,0,331,0,dia,10,1,0,cbr,0,high,0.916497737652356,28,17,69,2,32,0,22,1,1,1,Still_image_480p_25fps_20s
867,1,p8x8,3,0.5800605938198936,1,15,1,-5,8.126069917579773,3:-3,none,0,331,0,dia,10,1,0,cbr,0,high,0.916497737652356,28,17,69,2,32,0,22,1,1,1,Still_image_480p_25fps_20s
382,1,p4x4,0,0.7625800653779805,2,3,1,9,25.82327767066316,4:4,none,0,331,0,dia,34,0,0,cbr,0,high,0.9562827234845592,28,15,69,2,71,0,47,1,1,1,Still_image_480p_25fps_20s
700,0,all,1,0.5800605938198936,0,15,0,-8,8.126069917579773,4:4,none,0,331,0,dia,34,0,1,cbr,0,high,0.9562827234845592,28,19,69,2,16,0,47,1,1,2,Still_image_480p_25fps_20s
700,1,all,1,0.5800605938198936,1,15,1,-8,8.126069917579773,-4:4,none,1,120,0,tesa,64,1,0,cbr,0,high,0.9562827234845592,28,15,69,2,88,0,47,1,1,2,Still_image_480p_25fps_20s
382,1,p4x4,0,0.5800605938198936,1,15,1,-10,8.126069917579773,3:-3,none,0,331,0,dia,10,1,0,cbr,0,high,0.916497737652356,28,17,69,2,32,0,22,1,1,1,Still_image_480p_25fps_20s
700,1,all,1,0.5800605938198936,1,15,1,-8,8.126069917579773,-4:4,none,0,331,0,dia,64,1,0,cbr,0,high,0.9562827234845592,28,15,69,2,71,0,47,1,1,2,Still_image_480p_25fps_20s
867,1,p8x8,3,1.6480643356688356,1,3,1,9,25.82327767066316,4:4,none,0,331,0,dia,34,1,1,none,0,baseline,0.1114080985467898,31,17,98,16,47,2,12,0,1,2,Still_image_480p_25fps_20s
499,1,none,3,1.6480643356688356,2,3,1,9,25.82327767066316,4:4,none,0,331,0,dia,34,0,1,cbr,1,high,0.9562827234845592,28,15,69,2,71,0,47,1,1,2,Still_image_480p_25fps_20s
2290,1,none,2,0.8848789024034137,1,3,0,4,31.81626114326599,1:-1,auto,0,354,3,dia,49,0,1,cbr,1,baseline,0.1779546679981341,44,1,137,3,54,2,27,2,0,1,Still_image_720p_25fps_5s
2290,0,"p8x8,b8x8,i8x8,i4x4",1,1.506516628113297,1,2,0,2,42.12385146123028,-6:6,auto,0,354,4,hex,49,0,1,none,0,baseline,0.5575039796799706,36,10,96,1,87,1,55,2,0,1,Still_image_720p_25fps_5s
2290,0,"p8x8,b8x8,i8x8,i4x4",1,1.506516628113297,1,2,0,2,42.12385146123028,-6:6,auto,0,354,4,hex,49,0,0,none,0,baseline,0.5575039796799706,36,10,96,1,87,1,55,2,0,1,Still_image_720p_25fps_5s
1120,1,all,3,1.4094583973597534,0,13,1,10,1.2084795105578567,0:0,spatial,0,354,4,dia,49,0,1,none,0,high,0.1779546679981341,48,1,87,11,91,2,35,2,1,0,Still_image_720p_25fps_5s
647,1,all,3,1.977708899248494,0,13,1,10,1.2084795105578567,0:0,spatial,0,354,4,dia,49,0,1,none,0,high,0.1779546679981341,48,1,87,11,91,2,35,2,1,0,Still_image_720p_25fps_5s
1988,1,p4x4,2,0.0273679367923854,1,10,1,-11,26.905861691361515,-3:3,temporal,1,1,3,dia,54,1,1,none,1,baseline,0.5575039796799706,36,10,96,1,87,1,55,2,0,1,Still_image_720p_25fps_5s
1988,1,p4x4,2,0.0273679367923854,1,10,1,-11,26.905861691361515,-3:3,temporal,1,1,3,dia,54,1,1,none,0,high,0.1779546679981341,48,1,137,11,54,2,35,0,0,0,Still_image_720p_25fps_5s
2290,1,all,0,1.8497579212916004,1,2,1,4,1.2084795105578567,0:0,spatial,0,354,4,dia,54,1,1,none,1,baseline,0.5575039796799706,36,10,96,1,87,1,15,2,0,1,Still_image_720p_25fps_5s
1988,1,p4x4,2,0.0273679367923854,1,10,1,-11,26.905861691361515,-3:3,temporal,1,1,3,dia,26,1,1,none,0,high,0.1779546679981341,34,1,137,5,54,0,35,0,0,2,Still_image_720p_25fps_5s
1988,1,p8x8,2,0.0273679367923854,2,10,1,-11,26.905861691361515,-3:3,temporal,1,201,3,dia,54,1,1,none,0,high,0.1779546679981341,48,1,137,11,5,2,35,0,0,0,Still_image_720p_25fps_5s
1988,1,p4x4,2,0.0273679367923854,1,10,1,-11,26.905861691361515,-3:3,spatial,1,248,3,dia,10,1,1,none,0,high,0.1779546679981341,48,7,137,11,54,2,35,2,1,0,Still_image_720p_25fps_5s
1988,1,p4x4,2,0.0273679367923854,1,10,1,-11,26.905861691361515,-3:3,temporal,1,1,3,dia,54,1,1,none,0,high,0.1779546679981341,48,1,137,11,91,6,35,0,1,0,Still_image_720p_25fps_5s
2290,0,"p8x8,b8x8,i8x8,i4x4",0,1.8497579212916004,1,2,1,4,1.2084795105578567,0:0,spatial,0,354,4,dia,49,0,0,none,0,main,0.1779546679981341,39,1,87,11,91,2,35,2,1,0,Still_image_720p_25fps_5s
2290,1,"p8x8,b8x8,i8x8,i4x4",3,1.506516628113297,1,2,0,2,36.22494193202382,1:-1,auto,0,354,4,dia,49,0,1,vbr,0,high,0.9125664852815564,51,3,185,4,87,4,53,0,0,2,Still_image_720p_25fps_5s
2290,1,"p8x8,b8x8,i8x8,i4x4",1,1.506516628113297,1,2,0,2,42.12385146123028,-6:6,auto,0,354,4,dia,49,0,1,none,0,high,0.1779546679981341,48,1,137,11,91,2,35,0,1,0,Still_image_720p_25fps_5s
2290,0,"p8x8,b8x8,i8x8,i4x4",0,0.8848789024034137,1,2,0,4,36.22494193202382,1:-1,auto,0,354,3,dia,49,0,1,cbr,0,high,0.1779546679981341,44,12,137,11,54,2,34,2,0,2,Still_image_720p_25fps_5s
2290,1,"p8x8,b8x8,i8x8,i4x4",2,0.8848789024034137,1,2,0,4,36.22494193202382,1:-1,auto,0,354,3,dia,49,0,1,vbr,0,high,0.1779546679981341,51,1,137,11,54,2,34,2,0,2,Still_image_720p_25fps_5s
2290,0,"p8x8,b8x8,i8x8,i4x4",1,1.506516628113297,1,2,0,2,42.12385146123028,-6:6,auto,0,354,4,dia,49,0,1,none,0,high,0.1779546679981341,48,1,137,11,54,2,35,0,1,0,Still_image_720p_25fps_5s
2290,1,"p8x8,b8x8,i8x8,i4x4",3,1.506516628113297,1,2,0,2,36.22494193202382,1:-1,auto,0,354,4,dia,49,0,1,vbr,0,high,0.1779546679981341,51,1,137,11,54,2,34,0,1,0,Still_image_720p_25fps_5s
2222,1,"p8x8,b8x8,i8x8,i4x4",3,1.506516628113297,1,2,0,4,36.22494193202382,1:-1,auto,0,354,0,dia,49,0,1,vbr,0,high,0.1779546679981341,51,1,137,11,54,2,34,2,0,2,Still_image_720p_25fps_5s
1381,0,none,2,0.8386707997446446,0,5,1,6,12.160825193039496,1:1,none,1,127,2,dia,51,0,1,vbr,0,high,0.3616718805364829,48,15,239,5,55,2,47,2,0,2,Still_image_1080p_30fps_10s
7,0,p8x8,2,0.8386707997446446,0,3,1,5,50.5766849853959,1:1,temporal,0,127,2,hex,51,0,0,vbr,0,high,0.1724828560371048,37,15,239,5,48,2,47,0,0,1,Still_image_1080p_30fps_10s
2162,0,p8x8,2,0.8386707997446446,0,3,1,6,29.48903521464648,1:1,none,1,199,1,hex,49,1,1,none,0,baseline,0.6493532546000097,46,10,10,13,80,0,42,1,1,0,Still_image_1080p_30fps_10s
1381,0,none,2,0.8386707997446446,0,3,1,6,12.160825193039496,1:1,none,1,127,2,hex,51,1,0,vbr,0,high,0.3616718805364829,27,10,44,3,18,1,50,0,1,1,Still_image_1080p_30fps_10s
7,0,p8x8,2,0.8386707997446446,0,3,1,6,12.160825193039496,1:1,none,1,127,2,hex,51,0,0,vbr,0,high,0.3616718805364829,27,10,44,3,18,1,50,0,1,1,Still_image_1080p_30fps_10s
7,0,p8x8,2,0.8386707997446446,0,3,1,6,12.160825193039496,1:1,none,1,127,2,hex,51,0,0,vbr,0,high,0.3616718805364829,48,15,239,5,55,2,47,2,0,1,Still_image_1080p_30fps_10s
7,0,p8x8,2,0.8386707997446446,0,3,1,1,12.160825193039496,1:1,temporal,1,127,2,hex,51,0,0,vbr,0,high,0.3616718805364829,27,10,44,3,18,1,50,0,1,1,Still_image_1080p_30fps_10s
1381,0,none,1,0.6295137611273145,2,0,1,9,29.58495568862226,4:4,spatial,0,51,0,dia,9,0,0,vbr,0,high,0.3616718805364829,27,10,44,3,18,1,50,0,1,1,Still_image_1080p_30fps_10s
1381,0,none,2,0.8386707997446446,0,3,1,6,11.131439745404744,1:1,none,1,199,1,hex,51,1,0,none,0,baseline,0.6493532546000097,46,4,92,2,80,0,42,1,0,0,Still_image_1080p_30fps_10s
76,0,"p8x8,b8x8,i8x8,i4x4",1,0.8386707997446446,0,3,1,6,12.160825193039496,1:1,none,1,127,2,umh,51,1,0,vbr,0,high,0.3616718805364829,27,10,44,3,18,1,50,0,1,1,Still_image_1080p_30fps_10s
1381,0,none,2,0.8386707997446446,0,3,1,6,29.48903521464648,1:1,none,1,199,1,hex,51,1,1,none,0,baseline,0.6493532546000097,46,10,10,2,80,0,42,1,0,0,Still_image_1080p_30fps_10s
853,0,p8x8,2,0.8386707997446446,0,3,1,6,12.160825193039496,1:1,none,0,53,2,hex,51,0,0,none,0,high,0.1724828560371048,48,15,239,5,48,2,47,0,0,1,Still_image_1080p_30fps_10s
7,1,p8x8,2,0.8386707997446446,0,3,1,5,12.160825193039496,1:1,temporal,1,127,2,hex,51,0,0,vbr,0,high,0.3616718805364829,27,10,44,3,18,1,50,0,1,2,Still_image_1080p_30fps_10s
7,1,p8x8,2,0.8386707997446446,0,3,1,5,12.160825193039496,-3:3,none,1,127,2,hex,51,0,0,vbr,0,high,0.1724828560371048,37,15,239,5,48,2,47,0,0,0,Still_image_1080p_30fps_10s
853,1,p8x8,2,0.8386707997446446,0,3,1,6,18.647935922045104,1:1,auto,0,39,2,hex,51,0,0,none,0,high,0.3616718805364829,27,10,44,3,18,1,50,0,1,2,Still_image_1080p_30fps_10s
1381,0,none,2,0.8386707997446446,0,3,1,6,12.160825193039496,-5:5,none,1,127,2,hex,51,1,0,vbr,0,high,0.3616718805364829,27,10,44,4,40,3,50,1,1,1,Still_image_1080p_30fps_10s
7,0,p8x8,2,0.8386707997446446,0,3,1,6,12.160825193039496,1:1,none,1,127,2,hex,51,0,0,vbr,1,main,0.3644518743760119,39,12,132,3,32,0,13,1,0,1,Still_image_1080p_30fps_10s
7,0,p8x8,2,0.7732282964679049,0,3,1,6,12.160825193039496,1:1,none,1,127,2,hex,51,1,0,vbr,0,high,0.3616718805364829,27,10,44,3,18,1,50,0,0,1,Still_image_1080p_30fps_10s
1381,0,none,1,0.8386707997446446,2,3,1,6,12.160825193039496,1:1,none,1,127,2,hex,51,0,0,vbr,0,high,0.3616718805364829,27,10,44,3,18,1,50,0,1,1,Still_image_1080p_30fps_10s
1381,0,none,2,0.8386707997446446,0,3,1,6,11.131439745404744,1:1,none,1,53,2,hex,51,0,0,vbr,0,high,0.7443620181062184,37,16,239,5,48,2,47,0,0,1,Still_image_1080p_30fps_10s
625,1,p4x4,2,0.9870357695477202,2,10,0,0,28.568413039947632,-3:3,spatial,0,53,2,tesa,28,1,1,none,0,high,0.9614790448041663,36,16,25,3,86,2,24,0,1,2,Action_480p_60fps_20s
625,1,p4x4,2,0.9870357695477202,0,10,0,0,27.72758455764944,-3:3,auto,0,332,3,dia,28,1,1,none,1,high,0.8033585026620205,36,16,25,3,86,2,27,2,1,1,Action_480p_60fps_20s
1699,1,p4x4,2,0.9870357695477202,2,10,0,0,28.568413039947632,-3:3,spatial,0,53,2,tesa,28,0,1,none,1,high,0.2536837837952118,36,16,25,3,86,2,24,0,1,2,Action_480p_60fps_20s
1329,1,none,0,0.9870357695477202,2,10,0,0,28.568413039947632,-3:3,spatial,0,53,2,tesa,12,1,1,none,0,high,0.9614790448041663,36,9,25,3,86,2,24,0,1,2,Action_480p_60fps_20s
625,1,p4x4,2,0.9870357695477202,2,10,0,7,28.568413039947632,-3:3,spatial,0,154,2,tesa,36,1,1,none,0,high,0.9614790448041663,36,16,25,3,86,2,24,0,1,2,Action_480p_60fps_20s
1699,1,p4x4,2,0.9870357695477202,2,10,0,0,28.568413039947632,-4:4,spatial,0,53,2,tesa,28,1,0,none,1,high,0.8033585026620205,36,16,25,3,86,2,27,2,1,1,Action_480p_60fps_20s
625,1,p4x4,2,0.9870357695477202,0,10,0,0,27.72758455764944,1:-1,auto,0,332,2,dia,28,1,1,cbr,1,high,0.2536837837952118,36,16,25,3,86,2,24,0,1,2,Action_480p_60fps_20s
625,1,p4x4,2,0.9870357695477202,0,10,0,0,27.72758455764944,1:-1,auto,0,332,2,tesa,28,1,0,none,1,high,0.8033585026620205,36,16,25,3,86,2,53,2,1,1,Action_480p_60fps_20s
625,1,p4x4,2,0.9870357695477202,0,10,0,0,27.72758455764944,1:-1,auto,0,332,2,dia,28,1,1,cbr,1,high,0.2536837837952118,36,7,25,3,86,2,24,0,1,2,Action_480p_60fps_20s
1699,1,p4x4,2,1.5410656472611937,2,10,0,0,28.568413039947632,-3:3,spatial,0,410,2,tesa,28,0,1,none,1,high,0.2536837837952118,36,16,25,3,86,2,24,0,1,2,Action_480p_60fps_20s
625,1,p4x4,2,0.9870357695477202,0,10,0,7,28.568413039947632,-3:3,spatial,0,366,2,tesa,36,1,1,none,0,high,0.9614790448041663,36,16,25,3,86,2,27,0,1,1,Action_480p_60fps_20s
1699,1,p4x4,2,0.9870357695477202,2,10,0,0,28.568413039947632,-3:3,spatial,0,53,2,tesa,28,1,1,none,0,high,0.9614790448041663,36,16,25,3,86,2,24,0,1,2,Action_480p_60fps_20s
625,1,p4x4,2,0.9870357695477202,1,10,0,0,28.568413039947632,-3:3,spatial,0,53,2,tesa,28,0,1,none,1,high,0.2536837837952118,36,6,25,3,86,2,24,0,1,2,Action_480p_60fps_20s
625,1,p4x4,1,0.9870357695477202,0,10,0,0,26.329027254180687,1:-1,auto,0,332,2,dia,25,1,1,cbr,1,high,0.2536837837952118,36,7,25,3,86,2,24,0,0,2,Action_480p_60fps_20s
1699,1,p4x4,2,0.9870357695477202,0,10,0,0,27.72758455764944,1:-1,temporal,0,332,2,dia,28,1,1,none,1,main,0.2536837837952118,36,7,25,3,86,2,24,0,1,2,Action_480p_60fps_20s
625,1,p4x4,2,0.9870357695477202,2,10,0,0,28.568413039947632,-3:3,spatial,0,53,2,tesa,28,0,1,none,1,high,0.2536837837952118,36,16,25,3,86,2,24,0,1,2,Action_480p_60fps_20s
1699,1,p4x4,3,1.5410656472611937,2,10,0,0,28.568413039947632,2:-2,spatial,0,410,1,tesa,28,1,1,none,1,high,0.9614790448041663,36,9,25,3,86,2,24,0,1,2,Action_480p_60fps_20s
625,1,p4x4,2,0.9870357695477202,0,10,0,0,23.711072342007714,1:-1,auto,0,332,2,dia,28,1,1,cbr,1,high,0.2536837837952118,36,16,25,15,86,2,24,0,1,2,Action_480p_60fps_20s
625,1,p8x8,2,0.858969928340521,2,10,1,4,28.64779982514085,-3:3,temporal,1,199,0,dia,28,1,1,none,1,baseline,0.1174092957131501,20,18,25,3,86,1,26,2,0,1,Action_480p_60fps_20s
625,1,p4x4,2,0.858969928340521,2,10,1,4,28.64779982514085,-3:3,temporal,0,199,0,dia,28,1,1,none,1,baseline,0.1174092957131501,20,18,25,3,86,1,26,2,1,2,Action_480p_60fps_20s
1025,0,"p8x8,b8x8,i8x8,i4x4",2,1.6822079922260096,1,4,1,-10,34.02832446586254,5:-5,auto,1,116,0,dia,7,0,0,vbr,0,baseline,0.741091758901064,49,1,157,1,40,10,63,1,0,0,Still_image_720p_30fps_20s
1025,0,"p8x8,b8x8,i8x8,i4x4",2,1.6822079922260096,1,4,1,-5,34.02832446586254,5:-5,auto,1,116,0,dia,7,0,0,vbr,0,baseline,0.741091758901064,49,1,157,1,40,0,63,1,1,0,Still_image_720p_30fps_20s
680,0,"p8x8,b8x8,i8x8,i4x4",2,1.6822079922260096,1,4,1,-10,34.02832446586254,5:-5,auto,1,89,0,dia,28,0,0,none,1,high,0.0833025022174705,43,10,149,4,23,0,20,1,1,1,Still_image_720p_30fps_20s
1011,0,p4x4,2,1.6822079922260096,1,4,1,-5,34.02832446586254,5:-5,auto,1,116,3,dia,7,0,0,vbr,0,baseline,0.741091758901064,49,1,157,1,40,5,63,1,1,0,Still_image_720p_30fps_20s
1690,1,none,2,1.1536539324358672,0,13,1,7,37.37799214063269,4:-4,auto,0,20,4,esa,63,1,0,vbr,1,high,0.0833025022174705,43,10,149,12,23,0,20,1,1,1,Still_image_720p_30fps_20s
469,0,"p8x8,b8x8,i8x8,i4x4",3,1.9388859071863007,0,9,1,-12,27.88001428928656,4:-4,auto,0,20,4,hex,63,1,0,vbr,0,high,0.0833025022174705,43,10,149,12,23,0,20,1,1,1,Still_image_720p_30fps_20s
1690,1,none,2,1.1536539324358672,1,13,1,-10,37.37799214063269,4:-4,auto,0,20,4,esa,63,1,0,vbr,1,high,0.0833025022174705,43,10,149,12,7,0,20,1,1,0,Still_image_720p_30fps_20s
1011,0,p4x4,0,0.7841382476494912,0,13,1,7,37.37799214063269,4:-4,auto,0,20,0,esa,63,1,0,vbr,0,high,0.0833025022174705,43,10,149,2,23,2,20,1,1,1,Still_image_720p_30fps_20s
1690,1,none,2,1.1536539324358672,0,13,1,7,42.876785685812266,4:-4,auto,0,106,3,tesa,6,1,1,vbr,1,baseline,0.4533312853075793,41,14,209,8,15,2,18,2,0,1,Still_image_720p_30fps_20s
469,0,"p8x8,b8x8,i8x8,i4x4",3,1.9388859071863007,0,9,1,-12,27.88001428928656,4:-4,auto,0,20,4,hex,63,1,0,vbr,0,high,0.0833025022174705,43,10,149,12,23,0,20,0,0,0,Still_image_720p_30fps_20s
469,0,"p8x8,b8x8,i8x8,i4x4",3,1.9388859071863007,0,9,1,-12,27.88001428928656,4:-4,auto,0,20,4,hex,63,1,0,vbr,0,high,0.0833025022174705,43,10,149,6,96,4,20,0,1,0,Still_image_720p_30fps_20s
1011,0,p4x4,0,0.7841382476494912,0,13,1,7,37.37799214063269,4:-4,auto,0,406,0,esa,20,1,0,vbr,0,main,0.0833025022174705,43,10,149,12,23,0,20,1,1,1,Still_image_720p_30fps_20s
1690,1,none,2,1.1536539324358672,0,13,1,7,44.37311282353116,4:-4,auto,0,20,4,esa,63,1,1,vbr,1,high,0.0833025022174705,43,10,149,2,23,2,20,0,1,1,Still_image_720p_30fps_20s
469,0,"p8x8,b8x8,i8x8,i4x4",2,1.9388859071863007,0,9,1,-12,27.88001428928656,4:-4,none,0,20,4,tesa,63,1,0,vbr,0,high,0.0833025022174705,43,10,244,12,23,0,20,0,1,1,Still_image_720p_30fps_20s
1427,0,all,1,1.00244278330427,1,4,0,-10,37.37799214063269,4:-4,auto,0,20,4,esa,63,0,0,vbr,1,high,0.0833025022174705,32,10,149,12,9,0,20,1,1,0,Still_image_720p_30fps_20s
1690,1,none,2,1.1536539324358672,0,13,1,7,42.876785685812266,4:-4,auto,0,200,3,tesa,6,1,1,vbr,1,baseline,0.4533312853075793,41,14,209,8,15,2,18,0,0,1,Still_image_720p_30fps_20s
1690,1,none,2,1.1536539324358672,2,13,1,7,42.876785685812266,4:-4,auto,0,40,3,tesa,31,1,0,vbr,1,baseline,0.4533312853075793,41,14,209,8,15,2,18,2,1,1,Still_image_720p_30fps_20s
1690,1,none,1,1.1536539324358672,1,13,1,-10,37.37799214063269,4:-4,auto,1,20,4,esa,15,1,0,vbr,0,high,0.2645395244022364,43,10,149,12,23,0,13,1,1,1,Still_image_720p_30fps_20s
469,0,"p8x8,b8x8,i8x8,i4x4",3,1.9388859071863007,0,9,1,-12,27.88001428928656,4:-4,auto,0,20,4,hex,63,1,0,cbr,1,main,0.0833025022174705,43,10,149,12,7,0,32,1,1,0,Still_image_720p_30fps_20s
1025,0,p8x8,2,1.1536539324358672,0,13,1,7,37.37799214063269,4:-4,auto,0,20,4,esa,63,1,0,vbr,1,high,0.0833025022174705,43,10,149,4,23,0,20,1,1,1,Still_image_720p_30fps_20s
76,0,p8x8,0,0.6295137611273145,2,0,1,9,29.58495568862226,-5:5,temporal,0,60,4,dia,54,0,0,cbr,0,main,0.2016113936481918,48,4,92,8,80,11,61,1,0,0,Action_720p_30fps_5s
76,0,p8x8,0,0.6295137611273145,2,0,1,9,29.58495568862226,-5:5,temporal,0,60,4,dia,54,0,0,cbr,0,main,0.2016113936481918,40,4,92,8,80,11,61,1,0,0,Action_720p_30fps_5s
76,0,p8x8,0,0.6295137611273145,2,0,1,9,29.58495568862226,-5:5,spatial,0,60,4,dia,54,0,1,none,0,baseline,0.6493532546000097,48,4,92,2,30,5,8,1,1,1,Action_720p_30fps_5s
76,0,p8x8,1,0.4102060294727098,2,0,1,-6,29.58495568862226,4:4,spatial,0,51,0,dia,54,0,1,none,0,baseline,0.6493532546000097,48,4,92,2,80,7,2,0,0,0,Action_720p_30fps_5s
336,1,none,1,0.6295137611273145,2,0,0,9,29.58495568862226,4:4,none,0,51,2,dia,48,0,1,none,0,baseline,0.6493532546000097,48,4,92,9,80,2,2,0,0,0,Action_720p_30fps_5s
76,0,p8x8,1,0.6295137611273145,2,0,1,9,29.58495568862226,-5:5,spatial,0,60,0,dia,54,0,1,none,1,high,0.6493532546000097,48,4,92,2,80,7,21,0,1,1,Action_720p_30fps_5s
76,0,p8x8,1,0.6295137611273145,2,0,1,9,29.58495568862226,4:4,spatial,0,51,0,dia,48,0,1,none,0,main,0.3644518743760119,39,12,132,3,30,0,8,0,1,1,Action_720p_30fps_5s
336,1,none,1,0.0912060476289293,1,6,0,-5,20.679328057338463,4:-4,none,0,51,0,dia,56,0,1,none,0,baseline,0.6493532546000097,48,4,92,2,80,2,2,0,0,0,Action_720p_30fps_5s
336,0,none,1,1.9940820913685129,1,6,1,9,29.58495568862226,4:4,auto,0,51,0,umh,54,0,1,none,0,baseline,0.6493532546000097,48,4,92,2,80,0,2,0,1,0,Action_720p_30fps_5s
76,0,p8x8,1,0.6295137611273145,2,0,1,9,29.58495568862226,4:4,spatial,0,51,0,dia,48,0,1,none,0,baseline,0.6493532546000097,48,4,92,2,80,2,2,0,0,0,Action_720p_30fps_5s
76,0,p8x8,1,0.6295137611273145,2,0,1,9,29.58495568862226,-5:5,spatial,0,60,0,dia,54,0,1,none,0,baseline,0.6493532546000097,48,4,92,2,80,7,18,2,1,1,Action_720p_30fps_5s
76,0,p8x8,1,0.6295137611273145,2,0,1,9,29.58495568862226,4:4,spatial,0,51,0,dia,54,0,1,none,0,baseline,0.6493532546000097,48,4,92,2,80,0,2,0,0,0,Action_720p_30fps_5s
76,0,p8x8,1,0.6295137611273145,2,0,1,9,29.58495568862226,4:4,spatial,0,51,0,dia,54,0,1,none,0,baseline,0.6493532546000097,48,4,92,2,80,0,2,0,0,0,Action_720p_30fps_5s
107,0,p8x8,0,0.6295137611273145,2,0,1,9,29.58495568862226,4:4,spatial,0,51,0,dia,54,0,1,none,0,baseline,0.6493532546000097,48,4,92,2,80,0,2,0,0,0,Action_720p_30fps_5s
76,0,p8x8,3,0.6295137611273145,2,3,1,0,29.58495568862226,-5:5,spatial,0,60,0,dia,54,0,1,none,0,baseline,0.6493532546000097,48,4,92,2,30,5,8,1,1,1,Action_720p_30fps_5s
76,0,p8x8,1,0.6295137611273145,2,0,0,-1,20.0071944139867,4:4,spatial,0,51,0,dia,48,0,1,none,1,high,0.6493532546000097,48,4,92,2,80,0,2,0,0,0,Action_720p_30fps_5s
76,0,p8x8,1,1.5597718349216168,2,0,1,9,29.58495568862226,4:4,spatial,0,51,0,dia,54,0,1,vbr,0,baseline,0.6493532546000097,48,4,92,2,80,2,2,0,0,0,Action_720p_30fps_5s
76,0,p8x8,1,0.6295137611273145,2,0,1,9,29.58495568862226,-5:5,spatial,0,60,1,dia,54,0,0,cbr,0,baseline,0.7789071627208174,48,4,92,2,80,7,61,1,0,0,Action_720p_30fps_5s
76,0,p8x8,1,0.6295137611273145,2,0,1,3,29.58495568862226,4:4,spatial,0,51,0,dia,54,0,1,none,0,baseline,0.6493532546000097,48,4,92,2,80,0,2,0,0,1,Action_720p_30fps_5s
76,0,p8x8,1,0.6295137611273145,2,0,1,9,29.58495568862226,-5:5,spatial,0,60,2,dia,54,0,1,none,1,high,0.6493532546000097,48,4,92,2,80,7,2,0,0,1,Action_720p_30fps_5s
1371,1,none,1,0.6295137611273145,2,16,0,9,29.58495568862226,6:6,spatial,0,51,0,hex,54,0,0,none,0,baseline,0.6493532546000097,48,20,50,14,14,2,19,1,0,0,Action_1080p_30fps_5s
76,1,p8x8,1,0.6295137611273145,0,0,1,9,29.58495568862226,6:6,spatial,0,77,2,hex,18,0,0,vbr,1,high,0.8535373528489443,45,10,212,1,44,11,21,2,0,0,Action_1080p_30fps_5s
2215,1,p4x4,2,0.6295137611273145,0,0,1,9,29.58495568862226,6:6,spatial,0,77,2,hex,53,0,1,vbr,1,high,0.8535373528489443,45,10,212,1,44,7,21,2,0,0,Action_1080p_30fps_5s
1492,1,none,0,0.9545401417867104,0,13,0,6,23.925183124101647,-6:6,spatial,0,77,2,tesa,18,0,1,vbr,1,baseline,0.8535373528489443,45,2,212,1,66,1,27,0,1,2,Action_1080p_30fps_5s
475,1,p8x8,1,1.3860993677643614,0,7,1,10,11.817946525232552,2:2,auto,1,95,0,dia,21,0,1,cbr,1,high,0.6493532546000097,48,4,92,2,80,0,2,0,0,1,Action_1080p_30fps_5s
1371,0,none,0,0.7594583716082344,0,13,1,-5,8.318494066853779,-3:3,spatial,0,77,3,tesa,12,0,0,vbr,1,high,0.6493532546000097,32,19,92,2,80,0,2,0,0,0,Action_1080p_30fps_5s
1371,0,none,0,0.9545401417867104,0,13,0,-5,8.318494066853779,-6:6,spatial,0,478,2,tesa,48,0,0,vbr,1,high,0.8535373528489443,50,4,212,2,44,0,21,1,0,0,Action_1080p_30fps_5s
1371,1,none,0,0.9545401417867104,0,13,0,6,8.318494066853779,-6:6,spatial,0,77,2,tesa,18,0,0,vbr,1,baseline,0.8535373528489443,45,2,212,1,66,1,27,0,0,2,Action_1080p_30fps_5s
1371,0,none,0,0.9545401417867104,0,13,1,-5,8.318494066853779,-3:3,spatial,0,77,2,tesa,12,0,0,vbr,1,high,0.6493532546000097,32,4,92,2,80,0,2,0,0,1,Action_1080p_30fps_5s
1371,1,none,0,0.9545401417867104,0,13,0,6,8.318494066853779,-6:6,spatial,0,77,2,tesa,18,0,0,vbr,1,high,0.8535373528489443,45,2,212,1,4,1,27,0,0,2,Action_1080p_30fps_5s
1371,0,none,0,0.7594583716082344,0,13,0,-5,8.318494066853779,-6:6,spatial,0,478,2,tesa,48,0,0,vbr,1,high,0.8535373528489443,50,4,212,1,44,11,21,1,0,0,Action_1080p_30fps_5s
1371,0,none,0,0.9545401417867104,0,13,0,-5,8.318494066853779,-6:6,spatial,0,77,2,tesa,18,0,0,vbr,1,high,0.8535373528489443,45,2,212,1,44,11,21,2,0,0,Action_1080p_30fps_5s
475,0,none,0,0.9545401417867104,0,13,0,6,8.318494066853779,-6:6,temporal,0,77,2,tesa,18,0,0,vbr,1,baseline,0.8535373528489443,45,2,212,1,66,1,27,0,1,0,Action_1080p_30fps_5s
1371,0,none,2,0.9545401417867104,0,13,1,-5,8.318494066853779,-3:3,spatial,0,77,2,tesa,12,0,0,vbr,1,high,0.6493532546000097,32,4,92,2,80,0,2,0,0,1,Action_1080p_30fps_5s
1371,0,none,0,0.7594583716082344,0,13,0,6,8.318494066853779,-6:6,spatial,0,77,2,tesa,18,0,0,vbr,1,high,0.8535373528489443,45,2,212,1,4,1,27,0,0,2,Action_1080p_30fps_5s
475,0,none,0,0.9545401417867104,0,13,0,6,8.318494066853779,-6:6,temporal,0,77,2,tesa,18,0,0,vbr,1,baseline,0.8535373528489443,45,2,212,1,66,2,27,0,0,0,Action_1080p_30fps_5s
1371,1,none,0,0.9545401417867104,0,13,0,-5,8.318494066853779,-6:6,spatial,0,478,2,tesa,48,0,0,vbr,1,high,0.8535373528489443,50,4,212,2,44,0,45,1,0,0,Action_1080p_30fps_5s
1371,0,none,2,0.9545401417867104,0,13,1,-5,8.318494066853779,3:3,spatial,0,77,2,tesa,12,0,0,vbr,1,high,0.6493532546000097,32,4,92,2,80,0,2,0,0,1,Action_1080p_30fps_5s
1371,0,none,0,0.7594583716082344,0,13,0,-5,8.318494066853779,-6:6,spatial,0,478,0,tesa,48,0,0,vbr,1,high,0.8535373528489443,50,4,212,16,44,0,31,1,0,0,Action_1080p_30fps_5s
1371,0,none,2,0.9545401417867104,0,13,0,-5,8.318494066853779,-3:3,spatial,0,77,2,tesa,45,0,0,cbr,1,high,0.6493532546000097,44,4,116,2,80,0,2,0,0,2,Action_1080p_30fps_5s
25,1,none,2,0.9332932968624006,0,13,1,-9,34.39312855686856,3:-3,none,0,51,0,dia,54,0,0,cbr,0,baseline,0.6493532546000097,48,17,72,2,48,9,14,0,0,2,Action_480p_30fps_15s
25,1,none,0,0.9332932968624006,0,13,1,-9,34.39312855686856,3:-3,none,1,51,0,dia,54,0,1,none,0,baseline,0.6493532546000097,48,17,227,13,48,9,14,0,0,2,Action_480p_30fps_15s
76,0,p8x8,1,0.6295137611273145,1,3,1,9,38.290495247372135,6:6,spatial,1,457,0,umh,47,0,0,none,0,main,0.4806541140111094,46,20,201,6,61,1,36,0,0,1,Action_480p_30fps_15s
25,0,p4x4,2,0.9332932968624006,0,13,1,9,38.290495247372135,6:6,spatial,1,457,0,umh,47,0,0,none,0,main,0.6854490942310714,46,20,201,6,61,1,36,0,0,1,Action_480p_30fps_15s
25,1,none,2,0.7732282964679049,1,13,1,-9,34.39312855686856,3:-3,none,0,51,0,dia,54,0,1,none,0,high,0.6493532546000097,48,17,6,2,77,2,3,2,0,2,Action_480p_30fps_15s
25,1,none,2,0.9332932968624006,0,13,1,-9,34.39312855686856,3:-3,none,0,51,0,dia,54,0,1,cbr,0,baseline,0.6493532546000097,48,17,6,2,80,0,2,0,1,1,Action_480p_30fps_15s
25,1,none,2,0.9332932968624006,0,13,1,-9,34.39312855686856,3:-3,none,0,51,0,dia,54,0,1,cbr,0,baseline,0.6493532546000097,48,17,72,2,71,0,2,0,1,1,Action_480p_30fps_15s
25,1,none,2,1.4280740192306902,1,13,1,-9,34.39312855686856,3:-3,none,0,51,0,dia,54,0,1,cbr,0,baseline,0.6493532546000097,48,17,6,2,80,0,2,1,1,1,Action_480p_30fps_15s
25,1,none,2,0.9332932968624006,0,13,1,-9,34.39312855686856,3:-3,none,0,51,0,dia,54,0,1,cbr,0,baseline,0.6493532546000097,48,17,72,2,96,3,2,0,1,1,Action_480p_30fps_15s
25,1,none,2,1.4280740192306902,1,13,1,-9,34.39312855686856,3:-3,none,0,51,0,dia,54,0,1,cbr,0,baseline,0.6493532546000097,48,17,6,2,80,0,24,0,1,1,Action_480p_30fps_15s
25,1,none,2,0.9332932968624006,2,13,1,-9,34.39312855686856,3:-3,none,0,51,0,dia,54,0,1,cbr,0,baseline,0.6493532546000097,48,17,6,2,80,0,2,0,1,1,Action_480p_30fps_15s
25,1,p4x4,2,1.4280740192306902,2,13,1,-7,34.39312855686856,3:-3,none,0,51,0,dia,54,0,1,cbr,0,baseline,0.6493532546000097,48,17,6,2,80,0,2,1,1,2,Action_480p_30fps_15s
25,1,none,2,0.7732282964679049,1,13,1,-9,34.39312855686856,3:-3,none,0,51,0,dia,54,0,1,cbr,0,high,0.6493532546000097,48,17,6,2,80,0,2,0,1,1,Action_480p_30fps_15s
1118,1,"p8x8,b8x8,i8x8,i4x4",1,0.9308959757744592,1,6,0,10,24.845320280721005,2:-2,auto,1,272,1,tesa,9,0,1,cbr,0,baseline,0.6493532546000097,48,17,72,2,92,0,2,0,1,0,Action_480p_30fps_15s
1118,1,"p8x8,b8x8,i8x8,i4x4",0,1.236053973363605,0,5,0,10,24.845320280721005,2:-2,none,0,272,1,tesa,9,0,1,vbr,0,main,0.3099669091305331,37,7,49,6,35,0,14,1,0,1,Action_480p_30fps_15s
877,0,none,1,0.7109932528244155,0,5,0,10,24.845320280721005,2:-2,auto,0,272,1,tesa,9,1,1,cbr,1,high,0.209041155276022,37,0,25,13,48,9,14,0,0,2,Action_480p_30fps_15s
877,0,none,1,0.7109932528244155,0,6,0,10,24.845320280721005,2:-2,auto,0,272,1,tesa,9,0,1,none,0,main,0.4296472510238589,29,1,95,12,77,2,21,2,0,2,Action_480p_30fps_15s
1485,1,p8x8,0,1.7535275951055005,0,2,1,1,24.845320280721005,2:-2,auto,0,272,1,tesa,9,1,1,none,0,main,0.3601891392933345,37,7,49,6,35,0,14,1,0,1,Action_480p_30fps_15s
1882,0,none,1,0.7109932528244155,0,5,0,10,35.55545997220386,2:-2,auto,0,272,1,tesa,9,0,1,cbr,1,high,0.209041155276022,37,0,25,13,48,9,14,0,0,2,Action_480p_30fps_15s
1485,0,p8x8,0,1.7535275951055005,0,2,1,1,24.845320280721005,2:-2,auto,0,272,1,tesa,8,1,1,none,0,main,0.3601891392933345,37,7,184,2,52,1,14,1,0,1,Action_480p_30fps_15s
1011,0,p4x4,0,0.7841382476494912,0,13,1,7,37.37799214063269,4:-4,auto,0,20,0,esa,63,1,0,vbr,0,high,0.0833025022174705,43,10,149,2,23,2,20,1,1,1,Still_image_1080p_60fps_5s
1690,1,none,2,1.1536539324358672,0,13,1,7,42.876785685812266,4:-4,auto,0,106,3,tesa,6,1,1,vbr,1,baseline,0.4533312853075793,41,14,209,8,15,2,18,2,0,1,Still_image_1080p_60fps_5s
469,0,"p8x8,b8x8,i8x8,i4x4",3,1.9388859071863007,0,9,1,-12,27.88001428928656,4:-4,auto,0,20,4,hex,63,1,0,vbr,0,high,0.0833025022174705,43,10,149,12,23,0,20,0,0,0,Still_image_1080p_60fps_5s
1690,1,none,2,1.1536539324358672,1,13,1,-10,37.37799214063269,4:-4,auto,0,20,4,esa,63,1,0,vbr,1,high,0.0833025022174705,43,10,149,12,7,0,20,1,1,0,Still_image_1080p_60fps_5s
1011,0,p4x4,0,0.7841382476494912,0,13,1,7,37.37799214063269,4:-4,auto,0,406,0,esa,20,1,0,vbr,0,main,0.0833025022174705,43,10,149,12,23,0,20,1,1,1,Still_image_1080p_60fps_5s
1690,1,none,2,1.1536539324358672,0,13,1,7,44.37311282353116,4:-4,auto,0,20,4,esa,63,1,1,vbr,1,high,0.0833025022174705,43,10,149,2,23,2,20,0,1,1,Still_image_1080p_60fps_5s
469,0,"p8x8,b8x8,i8x8,i4x4",2,1.9388859071863007,0,9,1,-12,27.88001428928656,4:-4,none,0,20,4,tesa,63,1,0,vbr,0,high,0.0833025022174705,43,10,244,12,23,0,20,0,1,1,Still_image_1080p_60fps_5s
469,0,"p8x8,b8x8,i8x8,i4x4",3,1.9388859071863007,0,9,1,-12,27.88001428928656,4:-4,auto,0,20,4,hex,63,1,0,vbr,0,high,0.0833025022174705,43,10,149,6,96,4,20,0,1,0,Still_image_1080p_60fps_5s
469,0,"p8x8,b8x8,i8x8,i4x4",3,1.0348164034065757,0,9,1,7,37.37799214063269,4:-4,auto,0,20,0,esa,63,1,0,vbr,0,main,0.0833025022174705,43,10,149,2,23,2,20,1,1,1,Still_image_1080p_60fps_5s
1690,1,none,2,1.1536539324358672,1,13,1,-10,37.37799214063269,4:-4,auto,0,20,4,esa,44,1,0,none,1,high,0.0833025022174705,43,10,149,2,23,2,20,0,1,1,Still_image_1080p_60fps_5s
1690,1,none,2,1.1536539324358672,0,6,1,7,44.37311282353116,2:2,auto,0,20,4,esa,63,1,0,vbr,1,high,0.0833025022174705,43,10,149,12,7,0,20,1,1,0,Still_image_1080p_60fps_5s
1690,1,none,2,1.1536539324358672,0,13,1,7,44.37311282353116,4:-4,auto,0,20,0,esa,63,1,1,none,1,baseline,0.3350911669636198,38,0,165,3,21,1,24,2,0,1,Still_image_1080p_60fps_5s
805,0,all,1,1.0852088752883258,1,15,1,-10,37.37799214063269,4:-4,auto,0,406,0,esa,20,1,0,vbr,0,main,0.0833025022174705,43,10,149,12,23,0,20,1,1,1,Still_image_1080p_60fps_5s
1690,1,none,2,1.1536539324358672,0,13,1,7,44.37311282353116,4:-4,auto,0,348,4,hex,63,1,0,vbr,0,high,0.0833025022174705,43,10,149,6,96,4,20,0,1,0,Still_image_1080p_60fps_5s
469,0,"p8x8,b8x8,i8x8,i4x4",3,1.9388859071863007,0,9,1,-12,27.88001428928656,4:-4,auto,0,20,4,esa,63,1,1,vbr,0,high,0.0833025022174705,43,10,149,2,23,2,20,1,1,1,Still_image_1080p_60fps_5s
1690,1,all,2,1.1536539324358672,0,13,1,7,44.37311282353116,4:-4,auto,0,15,4,hex,63,1,0,cbr,0,high,0.0833025022174705,20,10,149,6,96,4,20,0,1,0,Still_image_1080p_60fps_5s
469,0,"p8x8,b8x8,i8x8,i4x4",2,1.9388859071863007,1,9,1,-12,27.88001428928656,4:-4,none,0,20,4,tesa,63,1,0,vbr,1,high,0.0833025022174705,43,10,244,12,23,0,20,0,1,1,Still_image_1080p_60fps_5s
1011,0,p4x4,0,0.7841382476494912,0,0,1,7,37.37799214063269,4:-4,auto,0,20,0,esa,63,1,0,vbr,0,high,0.0833025022174705,43,10,149,12,23,0,0,0,0,0,Still_image_1080p_60fps_5s
469,0,"p8x8,b8x8,i8x8,i4x4",2,0.9179563671303438,0,9,1,-12,27.88001428928656,4:-4,auto,0,20,4,tesa,63,1,0,vbr,0,high,0.4398725808028534,43,10,149,2,23,2,20,1,1,1,Still_image_1080p_60fps_5s
1690,1,none,3,1.1536539324358672,1,2,1,-10,37.37799214063269,4:-4,auto,0,135,4,esa,44,1,0,none,1,high,0.0833025022174705,43,10,167,2,23,2,20,0,1,1,Still_image_1080p_60fps_5s
25,1,none,2,1.4280740192306902,1,13,1,-9,34.39312855686856,3:-3,none,0,51,3,dia,54,0,1,none,0,baseline,0.6493532546000097,48,17,72,15,71,0,2,0,0,1,Still_image_720p_60fps_10s
76,1,p8x8,3,0.7732282964679049,1,14,1,-9,50.30758596159722,3:-3,none,0,51,0,dia,54,0,1,none,0,high,0.6493532546000097,48,17,6,2,48,9,14,0,0,2,Still_image_720p_60fps_10s
1485,0,p8x8,0,1.7535275951055005,0,15,1,1,24.845320280721005,3:-3,none,1,51,0,dia,47,0,1,none,0,baseline,0.6493532546000097,48,17,227,13,48,9,14,0,0,1,Still_image_720p_60fps_10s
25,0,none,2,1.921503505925924,1,13,1,-9,34.39312855686856,3:-3,none,0,51,3,dia,54,0,1,vbr,0,baseline,0.6493532546000097,48,17,72,1,19,0,2,0,0,1,Still_image_720p_60fps_10s
25,1,none,0,0.9332932968624006,0,13,1,-9,34.39312855686856,3:-3,none,1,51,0,dia,54,0,1,none,0,baseline,0.6493532546000097,48,17,227,13,48,9,14,0,0,2,Still_image_720p_60fps_10s
25,1,none,3,0.9332932968624006,0,13,1,-9,34.39312855686856,3:-3,none,1,51,0,dia,54,0,1,none,0,baseline,0.6493532546000097,48,17,227,11,87,9,14,0,0,2,Still_image_720p_60fps_10s
25,1,none,2,0.9332932968624006,0,13,1,-9,34.39312855686856,3:-3,none,0,51,0,dia,54,0,1,cbr,0,baseline,0.6493532546000097,48,17,72,2,71,0,2,0,1,1,Still_image_720p_60fps_10s
25,1,none,2,1.4280740192306902,1,13,1,-9,34.39312855686856,3:-3,none,0,51,0,dia,54,0,1,cbr,0,baseline,0.6493532546000097,48,17,6,2,80,0,2,1,1,1,Still_image_720p_60fps_10s
25,1,none,2,0.9332932968624006,0,13,1,-9,34.39312855686856,3:-3,none,0,51,0,dia,54,0,1,cbr,0,baseline,0.6493532546000097,48,17,6,2,80,0,2,0,1,1,Still_image_720p_60fps_10s
25,1,none,2,0.9332932968624006,0,13,1,-9,34.39312855686856,3:-3,none,0,51,0,dia,54,0,1,cbr,0,baseline,0.6493532546000097,48,17,72,2,96,3,2,0,1,1,Still_image_720p_60fps_10s
25,1,none,2,1.4280740192306902,1,13,1,-9,34.39312855686856,3:-3,none,0,51,0,dia,54,0,1,cbr,0,baseline,0.6493532546000097,48,17,6,2,80,0,24,0,1,1,Still_image_720p_60fps_10s
25,1,none,2,1.4280740192306902,1,13,1,-9,34.39312855686856,3:-3,none,0,51,0,dia,54,0,1,cbr,0,baseline,0.6493532546000097,48,17,6,2,80,0,2,1,1,0,Still_image_720p_60fps_10s
941,1,none,3,0.9332932968624006,0,9,1,-9,34.39312855686856,-5:5,none,0,51,0,esa,54,0,1,cbr,0,baseline,0.6493532546000097,48,18,6,2,80,0,2,0,1,1,Still_image_720p_60fps_10s
25,1,p4x4,2,1.4280740192306902,1,13,1,-9,34.39312855686856,-2:2,none,0,51,0,umh,54,0,1,cbr,0,baseline,0.6493532546000097,48,17,6,9,80,0,24,0,1,1,Still_image_720p_60fps_10s
25,1,none,2,1.4280740192306902,1,13,1,-9,14.9676994885103,1:1,none,0,51,0,dia,54,1,1,cbr,0,baseline,0.6493532546000097,48,17,6,2,80,4,2,0,1,1,Still_image_720p_60fps_10s
25,1,none,2,1.4280740192306902,1,13,1,-3,14.9676994885103,1:1,spatial,0,51,0,umh,54,0,1,cbr,0,baseline,0.6493532546000097,48,17,6,9,80,0,15,0,1,1,Still_image_720p_60fps_10s
25,0,none,2,0.9332932968624006,0,5,1,-9,34.39312855686856,3:-3,none,0,51,0,umh,54,0,1,cbr,0,baseline,0.6493532546000097,48,17,6,9,80,0,24,0,1,1,Still_image_720p_60fps_10s
25,1,none,2,0.9332932968624006,0,13,1,-9,34.39312855686856,-5:5,none,0,51,0,esa,54,0,1,cbr,0,baseline,0.1588167012879194,48,18,6,2,80,0,2,0,1,1,Still_image_720p_60fps_10s
25,1,none,2,1.4280740192306902,1,13,1,-9,34.39312855686856,3:-3,none,0,51,3,dia,54,0,1,cbr,0,baseline,0.6493532546000097,48,17,72,2,96,3,33,0,1,1,Still_image_720p_60fps_10s
941,1,none,3,0.9332932968624006,0,9,1,-10,34.39312855686856,-5:5,none,0,51,0,esa,54,0,1,cbr,0,baseline,0.6493532546000097,48,18,6,2,80,0,2,0,1,1,Still_image_720p_60fps_10s
737,1,none,2,1.446056235059237,0,12,1,-4,34.975950955313785,-5:5,spatial,1,266,4,tesa,47,1,0,vbr,1,high,0.5113352790318704,48,14,176,5,26,1,21,0,1,1,Standard_1080p_30fps_20s
737,1,none,2,1.446056235059237,0,12,1,-4,34.975950955313785,-1:1,spatial,1,40,4,tesa,47,1,0,vbr,1,high,0.5113352790318704,48,14,176,5,26,1,21,0,1,0,Standard_1080p_30fps_20s
737,1,none,2,1.446056235059237,0,14,1,-1,3.973377611017614,-5:5,auto,1,266,4,tesa,47,1,0,vbr,1,high,0.5113352790318704,48,14,176,5,26,1,21,0,1,1,Standard_1080p_30fps_20s
2290,1,none,2,1.446056235059237,0,12,1,-4,34.975950955313785,-5:5,spatial,1,266,4,tesa,47,1,0,vbr,1,high,0.5113352790318704,48,14,176,5,26,1,21,0,1,1,Standard_1080p_30fps_20s
737,1,none,2,1.446056235059237,0,12,1,-4,34.975950955313785,-1:1,spatial,1,40,4,tesa,47,1,0,vbr,1,high,0.5113352790318704,48,10,176,5,26,1,21,0,1,0,Standard_1080p_30fps_20s
737,1,none,2,1.446056235059237,0,12,1,-4,34.975950955313785,-5:5,spatial,1,266,4,tesa,64,0,1,none,1,baseline,0.3790216049458798,49,16,201,15,36,11,29,1,1,2,Standard_1080p_30fps_20s
737,1,none,2,1.446056235059237,0,12,1,-9,34.975950955313785,-5:5,spatial,1,483,4,tesa,64,0,1,none,1,baseline,0.3790216049458798,49,16,201,15,36,11,29,1,1,2,Standard_1080p_30fps_20s
2290,1,"p8x8,b8x8,i8x8,i4x4",3,1.506516628113297,1,2,0,2,36.22494193202382,1:-1,auto,0,354,4,dia,49,0,1,vbr,0,high,0.9125664852815564,51,3,185,4,87,4,53,0,0,2,Standard_1080p_30fps_20s
2290,1,"p8x8,b8x8,i8x8,i4x4",1,1.506516628113297,1,2,0,2,42.12385146123028,-6:6,auto,0,354,4,dia,49,0,1,none,0,high,0.1779546679981341,48,1,137,11,91,2,35,0,1,0,Standard_1080p_30fps_20s
2290,0,"p8x8,b8x8,i8x8,i4x4",0,0.8848789024034137,1,2,0,4,36.22494193202382,1:-1,auto,0,354,3,dia,49,0,1,cbr,0,high,0.1779546679981341,44,12,137,11,54,2,34,2,0,2,Standard_1080p_30fps_20s
2290,1,"p8x8,b8x8,i8x8,i4x4",2,0.8848789024034137,1,2,0,4,36.22494193202382,1:-1,auto,0,354,3,dia,49,0,1,vbr,0,high,0.1779546679981341,51,1,137,11,54,2,34,2,0,2,Standard_1080p_30fps_20s
2290,0,"p8x8,b8x8,i8x8,i4x4",1,1.506516628113297,1,2,0,2,42.12385146123028,-6:6,auto,0,354,4,dia,49,0,1,none,0,high,0.1779546679981341,48,1,137,11,54,2,35,0,1,0,Standard_1080p_30fps_20s
2290,1,"p8x8,b8x8,i8x8,i4x4",3,1.506516628113297,1,2,0,2,36.22494193202382,1:-1,auto,0,354,4,dia,49,0,1,vbr,0,high,0.1779546679981341,51,1,137,11,54,2,34,0,1,0,Standard_1080p_30fps_20s
2222,1,"p8x8,b8x8,i8x8,i4x4",3,1.506516628113297,1,2,0,4,36.22494193202382,1:-1,auto,0,354,0,dia,49,0,1,vbr,0,high,0.1779546679981341,51,1,137,11,54,2,34,2,0,2,Standard_1080p_30fps_20s
2290,1,"p8x8,b8x8,i8x8,i4x4",2,0.8848789024034137,1,2,0,2,36.22494193202382,1:-1,auto,1,354,4,dia,49,0,1,vbr,0,high,0.1779546679981341,51,1,137,11,54,2,34,0,1,0,Standard_1080p_30fps_20s
2290,1,"p8x8,b8x8,i8x8,i4x4",2,0.8848789024034137,1,3,0,4,36.22494193202382,1:-1,auto,0,354,4,dia,49,0,1,cbr,0,high,0.1779546679981341,44,1,137,3,54,2,34,2,0,1,Standard_1080p_30fps_20s
2290,1,"p8x8,b8x8,i8x8,i4x4",2,0.8848789024034137,1,2,0,2,14.530767961284493,4:4,spatial,0,354,4,dia,49,0,1,vbr,0,high,0.9125664852815564,51,3,185,4,87,4,53,0,0,2,Standard_1080p_30fps_20s
2290,1,"p8x8,b8x8,i8x8,i4x4",3,1.506516628113297,1,2,0,2,36.22494193202382,1:-1,auto,1,354,4,dia,49,0,1,vbr,0,high,0.1779546679981341,51,0,137,11,54,2,34,0,1,0,Standard_1080p_30fps_20s
2290,0,"p8x8,b8x8,i8x8,i4x4",2,0.8848789024034137,1,2,0,4,36.22494193202382,1:-1,auto,0,354,3,dia,8,0,1,vbr,0,high,0.1485772169430593,51,1,137,11,54,2,34,2,0,2,Standard_1080p_30fps_20s
2290,0,"p8x8,b8x8,i8x8,i4x4",1,0.5074465443329401,1,2,0,2,42.12385146123028,-6:6,auto,1,354,4,dia,49,0,1,none,0,main,0.1779546679981341,48,1,137,11,54,2,35,0,1,0,Standard_1080p_30fps_20s
25,1,none,0,0.9332932968624006,0,13,1,-9,34.39312855686856,3:-3,none,1,51,0,dia,54,0,1,none,0,baseline,0.6493532546000097,48,17,227,13,48,9,14,0,0,2,Big_1080p_25fps_20s
25,1,none,3,0.9332932968624006,0,13,1,-9,34.39312855686856,3:-3,none,1,51,0,dia,54,0,1,none,0,baseline,0.6493532546000097,48,17,227,11,87,9,14,0,0,2,Big_1080p_25fps_20s
25,1,none,0,0.9332932968624006,0,13,1,-9,22.189436569989216,3:-3,none,1,51,0,dia,54,0,1,none,0,baseline,0.2986877758286086,48,17,227,13,48,9,14,0,0,2,Big_1080p_25fps_20s
1690,1,none,2,1.1536539324358672,0,13,1,7,24.845320280721005,3:-3,none,1,51,0,dia,47,0,1,none,0,baseline,0.6493532546000097,48,17,225,13,48,9,14,0,0,2,Big_1080p_25fps_20s
146,1,none,1,0.9332932968624006,0,13,1,-9,32.437819405677345,3:-3,none,1,51,0,dia,54,0,1,none,0,baseline,0.6493532546000097,48,17,227,13,48,9,14,0,0,2,Big_1080p_25fps_20s
25,1,none,2,1.4280740192306902,1,13,1,-9,34.39312855686856,3:-3,none,0,51,3,dia,54,0,1,none,0,baseline,0.6493532546000097,48,17,72,15,71,0,2,0,0,1,Big_1080p_25fps_20s
25,1,none,2,1.4280740192306902,1,5,1,-9,34.39312855686856,3:-3,none,0,51,3,dia,54,0,1,none,0,baseline,0.6493532546000097,48,11,72,15,71,0,2,0,0,1,Big_1080p_25fps_20s
1485,0,p8x8,0,1.7535275951055005,0,15,1,1,24.845320280721005,3:-3,none,1,51,0,dia,47,0,1,none,0,baseline,0.6493532546000097,48,17,227,13,48,9,14,0,0,1,Big_1080p_25fps_20s
25,0,none,2,1.921503505925924,1,13,1,-9,34.39312855686856,3:-3,none,0,51,3,dia,54,0,1,vbr,0,baseline,0.6493532546000097,48,17,72,1,19,0,2,0,0,1,Big_1080p_25fps_20s
76,1,p8x8,3,0.7732282964679049,1,14,1,-9,50.30758596159722,3:-3,none,0,51,0,dia,54,0,1,none,0,high,0.6493532546000097,48,17,6,2,48,9,14,0,0,2,Big_1080p_25fps_20s
25,1,none,3,0.9332932968624006,2,13,1,-9,34.39312855686856,3:-3,none,1,51,0,dia,54,0,1,vbr,0,baseline,0.6493532546000097,48,17,227,2,87,9,14,0,0,2,Big_1080p_25fps_20s
25,0,none,3,1.765282485233605,0,13,1,-9,34.39312855686856,3:-3,none,1,51,0,dia,54,0,1,vbr,0,baseline,0.2374952707397156,48,15,66,6,87,9,14,0,0,2,Big_1080p_25fps_20s
25,1,none,0,0.9332932968624006,0,13,1,-9,22.189436569989216,3:-3,none,1,51,3,dia,54,0,1,none,0,baseline,0.2986877758286086,48,11,72,2,71,0,2,0,0,0,Big_1080p_25fps_20s
25,1,none,2,1.4280740192306902,1,13,1,-9,34.39312855686856,3:-3,none,0,51,0,dia,54,0,1,cbr,0,baseline,0.6493532546000097,48,17,6,2,80,0,2,1,1,1,Big_1080p_25fps_20s
25,1,none,2,0.9332932968624006,0,13,1,-9,34.39312855686856,3:-3,none,0,51,0,dia,54,0,1,cbr,0,baseline,0.6493532546000097,48,17,72,2,71,0,2,0,1,1,Big_1080p_25fps_20s
25,1,none,2,0.9332932968624006,0,13,1,-9,34.39312855686856,3:-3,none,0,51,0,dia,54,0,1,cbr,0,baseline,0.6493532546000097,48,17,72,2,96,3,2,0,1,1,Big_1080p_25fps_20s
25,1,none,2,0.9332932968624006,0,13,1,-9,34.39312855686856,3:-3,none,0,51,0,dia,54,0,1,cbr,0,baseline,0.6493532546000097,48,17,6,2,80,0,2,0,1,1,Big_1080p_25fps_20s
146,1,none,1,0.9332932968624006,0,13,1,-9,34.39312855686856,3:-3,none,0,46,0,dia,54,0,1,cbr,0,baseline,0.6493532546000097,48,17,3,2,80,0,2,0,1,1,Big_1080p_25fps_20s
25,1,none,2,1.4280740192306902,1,11,1,-9,18.821466778041525,3:-3,auto,1,51,0,dia,54,0,1,none,0,baseline,0.6493532546000097,48,17,227,13,48,9,14,0,0,0,Big_1080p_25fps_20s
469,0,"p8x8,b8x8,i8x8,i4x4",3,1.9388859071863007,0,9,1,-12,27.88001428928656,4:-4,auto,0,20,4,hex,63,1,0,vbr,0,high,0.0833025022174705,43,10,149,12,23,0,20,0,0,0,Big_1080p_25fps_20s
1690,1,none,2,1.1536539324358672,0,13,1,7,37.37799214063269,4:-4,auto,0,20,4,esa,63,1,0,vbr,1,high,0.0833025022174705,43,10,149,12,23,0,20,1,1,1,Big_720p_60fps_10s
469,0,"p8x8,b8x8,i8x8,i4x4",3,1.9388859071863007,0,9,1,-12,27.88001428928656,4:-4,auto,0,20,4,hex,63,1,0,vbr,0,high,0.0833025022174705,43,10,149,12,23,0,20,1,1,1,Big_720p_60fps_10s
1690,1,none,2,1.1536539324358672,1,13,1,-10,37.37799214063269,4:-4,auto,0,20,4,esa,63,1,0,vbr,1,high,0.0833025022174705,43,10,149,12,7,0,20,1,1,0,Big_720p_60fps_10s
1011,0,p4x4,0,0.7841382476494912,0,13,1,7,37.37799214063269,4:-4,auto,0,20,0,esa,63,1,0,vbr,0,high,0.0833025022174705,43,10,149,2,23,2,20,1,1,1,Big_720p_60fps_10s
1690,1,none,2,1.1536539324358672,0,13,1,7,42.876785685812266,4:-4,auto,0,106,3,tesa,6,1,1,vbr,1,baseline,0.4533312853075793,41,14,209,8,15,2,18,2,0,1,Big_720p_60fps_10s
469,0,"p8x8,b8x8,i8x8,i4x4",3,1.9388859071863007,0,9,1,-12,27.88001428928656,4:-4,auto,0,20,4,hex,63,1,0,vbr,0,high,0.0833025022174705,43,10,149,12,23,0,20,0,0,0,Big_720p_60fps_10s
469,0,"p8x8,b8x8,i8x8,i4x4",3,1.9388859071863007,0,9,1,-12,27.88001428928656,4:-4,auto,0,20,4,hex,63,1,0,vbr,0,high,0.0833025022174705,43,10,149,6,96,4,20,0,1,0,Big_720p_60fps_10s
1011,0,p4x4,0,0.7841382476494912,0,13,1,7,37.37799214063269,4:-4,auto,0,406,0,esa,20,1,0,vbr,0,main,0.0833025022174705,43,10,149,12,23,0,20,1,1,1,Big_720p_60fps_10s
1690,1,none,2,1.1536539324358672,0,13,1,7,44.37311282353116,4:-4,auto,0,20,4,esa,63,1,1,vbr,1,high,0.0833025022174705,43,10,149,2,23,2,20,0,1,1,Big_720p_60fps_10s
469,0,"p8x8,b8x8,i8x8,i4x4",2,1.9388859071863007,0,9,1,-12,27.88001428928656,4:-4,none,0,20,4,tesa,63,1,0,vbr,0,high,0.0833025022174705,43,10,244,12,23,0,20,0,1,1,Big_720p_60fps_10s
1690,1,none,2,1.9327709507137685,0,13,1,7,37.37799214063269,4:-4,none,0,20,0,esa,63,1,0,none,0,high,0.0833025022174705,43,10,149,1,78,2,20,1,1,1,Big_720p_60fps_10s
1011,0,p4x4,0,0.7841382476494912,0,13,1,7,37.37799214063269,4:-4,auto,0,20,4,esa,63,1,0,vbr,1,high,0.0833025022174705,43,19,149,2,23,0,20,1,1,1,Big_720p_60fps_10s
469,0,"p8x8,b8x8,i8x8,i4x4",3,1.9388859071863007,0,9,1,-12,27.88001428928656,4:-4,auto,0,20,4,esa,63,1,0,vbr,0,high,0.0833025022174705,25,10,149,2,23,2,20,0,1,1,Big_720p_60fps_10s
1690,1,none,2,1.1536539324358672,2,13,0,7,44.37311282353116,4:-4,auto,0,20,4,esa,20,1,1,vbr,1,high,0.0833025022174705,43,10,149,6,23,0,20,0,0,0,Big_720p_60fps_10s
1011,0,p4x4,0,0.7841382476494912,0,13,1,7,37.37799214063269,4:-4,auto,0,20,0,esa,63,1,0,vbr,0,high,0.0833025022174705,32,10,149,2,23,2,47,1,0,1,Big_720p_60fps_10s
469,0,"p8x8,b8x8,i8x8,i4x4",3,1.9388859071863007,0,9,1,-12,27.88001428928656,4:-4,auto,1,20,4,hex,63,1,0,vbr,0,high,0.0833025022174705,43,10,149,12,23,0,20,0,0,0,Big_720p_60fps_10s
469,0,"p8x8,b8x8,i8x8,i4x4",3,1.9388859071863007,0,9,1,-12,27.88001428928656,4:-4,auto,0,20,4,hex,63,0,0,vbr,0,high,0.0833025022174705,43,10,149,12,23,0,10,1,1,1,Big_720p_60fps_10s
469,1,none,3,1.9388859071863007,0,9,1,-12,27.88001428928656,4:-4,auto,1,402,4,hex,63,1,0,vbr,0,high,0.4334680464373011,33,10,149,6,96,4,20,0,1,1,Big_720p_60fps_10s
1011,0,p4x4,2,0.7841382476494912,0,13,1,7,37.37799214063269,4:-4,auto,0,406,3,esa,20,1,0,vbr,1,main,0.0833025022174705,43,10,149,12,23,0,20,1,1,0,Big_720p_60fps_10s
469,0,"p8x8,b8x8,i8x8,i4x4",2,1.9388859071863007,0,9,1,-12,27.88001428928656,4:-4,none,0,20,4,tesa,63,1,0,cbr,0,high,0.0833025022174705,43,10,244,12,23,0,20,0,1,1,Big_720p_60fps_10s
2192,1,p4x4,3,0.6295137611273145,0,0,1,5,37.28746632608682,4:4,spatial,1,51,4,hex,13,0,1,none,1,high,0.2374952707397156,48,4,92,2,81,11,24,0,1,2,Action_720p_60fps_20s
2192,1,p4x4,3,0.6295137611273145,2,8,1,-8,34.94113631934421,-4:4,temporal,0,234,3,hex,54,1,0,none,0,baseline,0.7214316074693485,25,16,141,7,7,0,0,1,1,2,Action_720p_60fps_20s
2192,1,p4x4,3,0.6295137611273145,2,0,1,5,34.94113631934421,-4:4,temporal,0,234,3,hex,54,1,0,none,0,baseline,0.7214316074693485,25,16,141,7,7,0,0,1,1,2,Action_720p_60fps_20s
2192,1,p4x4,3,0.6295137611273145,2,8,1,-8,34.94113631934421,-4:4,temporal,0,234,0,hex,54,1,0,none,0,baseline,0.7214316074693485,25,13,141,7,7,0,0,2,1,1,Action_720p_60fps_20s
2355,1,p4x4,3,0.6295137611273145,1,0,0,5,37.28746632608682,4:4,spatial,1,51,4,hex,33,0,1,none,1,high,0.2374952707397156,48,4,92,2,81,1,24,0,1,2,Action_720p_60fps_20s
2355,1,p4x4,3,0.6295137611273145,1,0,0,5,37.28746632608682,4:4,spatial,1,373,4,hex,13,0,1,none,1,high,0.2374952707397156,48,4,92,2,64,11,24,0,1,2,Action_720p_60fps_20s
2192,1,p4x4,3,0.6295137611273145,2,0,1,5,49.376471962682494,4:4,spatial,1,259,4,dia,54,0,1,none,1,baseline,0.6493532546000097,48,4,92,2,40,1,24,2,1,2,Action_720p_60fps_20s
2192,1,p4x4,3,0.6295137611273145,2,0,1,5,49.376471962682494,4:4,spatial,1,259,4,dia,54,0,1,none,1,baseline,0.9910777197505182,48,1,92,2,40,1,24,2,1,2,Action_720p_60fps_20s
2192,1,p4x4,3,0.6295137611273145,2,0,1,5,49.376471962682494,4:4,spatial,1,259,4,dia,54,0,1,none,1,high,0.5266935083813419,48,4,92,2,40,1,24,2,1,2,Action_720p_60fps_20s
1371,1,none,1,0.6295137611273145,2,16,0,9,29.58495568862226,6:6,spatial,0,51,0,hex,54,0,0,none,0,baseline,0.6493532546000097,48,20,50,14,14,2,19,1,0,0,Action_720p_60fps_20s
2192,1,p4x4,2,0.6295137611273145,0,0,0,5,49.376471962682494,4:4,spatial,1,51,0,dia,54,0,0,cbr,1,baseline,0.5499795828533962,24,16,38,2,87,5,55,1,0,0,Action_720p_60fps_20s
2355,1,p4x4,3,0.6295137611273145,1,0,0,5,49.376471962682494,4:4,auto,1,28,0,dia,54,0,0,cbr,1,baseline,0.5499795828533962,24,16,38,2,87,5,55,1,1,0,Action_720p_60fps_20s
2355,1,p4x4,3,0.6295137611273145,1,0,0,5,49.376471962682494,6:-6,temporal,1,28,0,dia,54,0,0,cbr,1,baseline,0.5499795828533962,24,16,38,2,87,5,55,1,1,0,Action_720p_60fps_20s
2192,1,p4x4,2,1.563553340661942,0,0,0,5,49.376471962682494,4:4,spatial,1,51,0,dia,54,0,0,cbr,1,baseline,0.5499795828533962,24,16,38,2,100,5,55,0,0,0,Action_720p_60fps_20s
570,1,p4x4,3,0.6295137611273145,1,0,0,5,49.376471962682494,4:4,auto,1,28,0,dia,54,0,0,cbr,1,baseline,0.1221040970454479,24,16,38,2,87,8,55,1,1,0,Action_720p_60fps_20s
2355,1,p4x4,3,0.6295137611273145,2,0,0,4,49.376471962682494,4:4,auto,1,28,0,dia,54,0,0,cbr,1,baseline,0.5499795828533962,24,16,38,2,53,5,55,1,1,0,Action_720p_60fps_20s
2192,1,p4x4,2,0.6295137611273145,0,0,0,5,49.376471962682494,4:4,auto,1,28,0,dia,54,0,0,cbr,1,baseline,0.1221040970454479,24,16,38,2,87,4,55,1,1,0,Action_720p_60fps_20s
2215,1,p4x4,2,0.6295137611273145,0,0,1,9,29.58495568862226,6:6,spatial,0,77,2,hex,53,0,1,vbr,1,high,0.8535373528489443,45,10,212,1,44,7,21,2,0,0,Action_720p_60fps_20s
76,1,p8x8,1,0.6295137611273145,0,0,1,9,29.58495568862226,6:6,spatial,0,77,2,hex,18,0,0,vbr,1,high,0.8535373528489443,45,10,212,1,44,11,21,2,0,0,Action_720p_60fps_20s
2192,1,p4x4,1,0.6295137611273145,0,0,1,9,29.58495568862226,6:6,spatial,0,77,2,dia,18,0,0,vbr,1,high,0.8535373528489443,45,10,212,1,44,11,21,2,0,0,Action_720p_60fps_20s
1025,0,"p8x8,b8x8,i8x8,i4x4",2,1.6822079922260096,1,4,1,-5,34.02832446586254,5:-5,auto,1,116,0,dia,7,0,0,vbr,0,baseline,0.741091758901064,49,1,157,1,40,0,63,1,1,0,Still_image_1080p_30fps_20s
1025,0,"p8x8,b8x8,i8x8,i4x4",2,1.6822079922260096,1,4,1,-10,34.02832446586254,5:-5,auto,1,116,0,dia,7,0,0,vbr,0,baseline,0.741091758901064,49,1,157,1,40,10,63,1,0,0,Still_image_1080p_30fps_20s
1025,0,"p8x8,b8x8,i8x8,i4x4",2,1.6822079922260096,1,4,1,-10,34.02832446586254,5:-5,auto,1,116,0,dia,7,1,0,vbr,0,baseline,0.4719224388364953,49,1,157,1,40,0,63,1,1,0,Still_image_1080p_30fps_20s
1996,1,none,1,0.2167644059576779,1,15,1,-1,35.63424828804262,1:-1,temporal,1,128,3,dia,5,0,1,none,1,main,0.334900129455401,24,2,141,9,6,6,36,1,1,1,Still_image_1080p_30fps_20s
1996,1,none,1,0.2167644059576779,1,15,1,-1,35.63424828804262,1:-1,temporal,1,128,3,dia,5,0,1,vbr,1,main,0.334900129455401,24,2,92,2,80,0,50,1,1,1,Still_image_1080p_30fps_20s
1996,1,none,1,0.2167644059576779,1,15,1,-1,35.63424828804262,1:-1,auto,1,128,2,dia,5,0,1,vbr,0,baseline,0.334900129455401,24,2,92,2,80,0,50,1,1,2,Still_image_1080p_30fps_20s
1178,1,none,1,0.2167644059576779,1,15,1,-1,35.63424828804262,1:-1,auto,1,128,3,dia,5,0,0,none,1,main,0.334900129455401,24,16,141,9,6,6,36,1,1,0,Still_image_1080p_30fps_20s
827,1,"p8x8,b8x8,i8x8,i4x4",1,1.8588656197845896,1,6,0,-10,34.02832446586254,1:-1,auto,1,128,3,dia,17,0,1,none,1,main,0.334900129455401,22,2,141,9,6,6,36,1,1,1,Still_image_1080p_30fps_20s
1996,1,none,1,0.2167644059576779,1,15,1,-1,35.63424828804262,1:-1,auto,1,128,0,dia,5,0,1,vbr,0,baseline,0.334900129455401,24,2,92,2,80,0,50,1,0,2,Still_image_1080p_30fps_20s
1996,1,none,0,0.2167644059576779,2,4,1,-1,35.63424828804262,1:-1,auto,1,1,2,dia,63,0,1,vbr,0,baseline,0.1148135053369912,49,17,157,1,40,10,9,1,0,0,Still_image_1080p_30fps_20s
1996,1,none,1,0.2167644059576779,1,15,1,-1,35.63424828804262,1:-1,auto,1,128,0,dia,9,0,1,vbr,0,baseline,0.334900129455401,24,2,92,2,80,0,62,1,0,2,Still_image_1080p_30fps_20s
1996,1,none,1,0.2167644059576779,1,15,1,-1,35.63424828804262,1:-1,auto,1,128,2,umh,5,0,1,vbr,1,baseline,0.334900129455401,24,2,92,2,80,0,50,1,1,0,Still_image_1080p_30fps_20s
1491,1,none,1,0.2167644059576779,1,15,1,2,35.63424828804262,1:-1,auto,1,128,0,dia,5,0,1,vbr,1,baseline,0.334900129455401,22,2,141,9,6,6,36,1,1,0,Still_image_1080p_30fps_20s
1996,1,none,1,0.2167644059576779,1,15,1,-1,35.63424828804262,1:-1,auto,1,128,2,dia,5,0,0,none,0,baseline,0.334900129455401,24,2,92,5,43,1,64,1,0,2,Still_image_1080p_30fps_20s
1684,1,p8x8,2,0.1576417238898509,1,14,1,-10,30.05254871618225,4:-4,temporal,0,453,2,umh,27,0,1,cbr,0,baseline,0.741091758901064,47,3,24,9,6,6,36,1,1,1,Still_image_1080p_30fps_20s
322,0,"p8x8,b8x8,i8x8,i4x4",0,1.7588268590330418,1,5,0,-1,46.47469825634507,1:-1,temporal,0,128,3,umh,27,0,1,none,0,high,0.7588987792104773,47,12,34,2,43,1,64,2,0,2,Still_image_1080p_30fps_20s
981,1,p8x8,2,0.1576417238898509,1,14,1,-10,30.05254871618225,4:-4,temporal,0,453,2,umh,27,0,1,none,0,high,0.6372828559364112,47,12,34,5,43,1,64,1,0,2,Still_image_1080p_30fps_20s
1684,1,p8x8,2,0.1576417238898509,0,14,1,-10,30.05254871618225,4:-4,temporal,0,453,2,umh,27,0,1,cbr,0,baseline,0.741091758901064,47,3,24,9,6,6,36,1,1,1,Still_image_1080p_30fps_20s
981,1,p8x8,2,0.1576417238898509,1,14,0,-10,11.588360212476758,4:-4,temporal,0,453,2,hex,27,0,1,none,0,high,0.6372828559364112,47,12,34,5,43,1,64,1,1,1,Still_image_1080p_30fps_20s
981,1,p8x8,2,0.1576417238898509,1,14,1,-10,30.05254871618225,4:-4,temporal,0,453,2,umh,27,0,1,cbr,1,high,0.1015319771242964,47,12,34,3,80,0,50,1,1,2,Still_image_1080p_30fps_20s
2355,1,p4x4,3,0.6295137611273145,1,0,0,5,37.28746632608682,4:4,spatial,1,373,4,hex,13,0,1,none,1,high,0.2374952707397156,48,4,92,2,64,11,24,0,1,2,Action_1080p_60fps_10s
2355,1,p4x4,3,0.6295137611273145,1,0,0,5,37.28746632608682,4:4,spatial,1,51,4,hex,33,0,1,none,1,high,0.2374952707397156,48,4,92,2,81,1,24,0,1,2,Action_1080p_60fps_10s
2192,1,p4x4,1,0.6295137611273145,2,0,0,5,49.376471962682494,4:4,spatial,0,259,4,dia,54,0,1,none,1,high,0.5266935083813419,48,4,92,2,40,1,24,2,1,2,Action_1080p_60fps_10s
1445,1,p4x4,3,0.6295137611273145,1,0,0,5,37.28746632608682,4:4,spatial,1,51,4,hex,33,0,1,none,1,high,0.2374952707397156,48,4,92,2,81,1,14,0,1,2,Action_1080p_60fps_10s
2355,1,p4x4,3,0.6295137611273145,1,0,0,5,37.28746632608682,4:4,spatial,1,373,4,hex,33,0,1,none,1,high,0.0191143923947614,48,4,92,2,81,1,24,0,1,2,Action_1080p_60fps_10s
2192,1,p4x4,1,0.6295137611273145,2,0,0,5,49.376471962682494,4:4,spatial,0,259,3,dia,54,0,1,none,1,high,0.5266935083813419,48,4,92,2,81,0,14,0,1,2,Action_1080p_60fps_10s
1445,1,p4x4,3,0.6295137611273145,0,0,0,5,37.28746632608682,4:4,spatial,1,51,4,esa,33,0,1,none,1,high,0.2374952707397156,48,4,21,2,81,11,24,0,1,2,Action_1080p_60fps_10s
2355,1,p4x4,3,0.6295137611273145,1,0,0,5,37.28746632608682,4:4,spatial,1,373,4,hex,13,0,1,none,1,high,0.2374952707397156,48,4,92,2,64,1,14,0,1,2,Action_1080p_60fps_10s
1895,1,p4x4,0,0.6295137611273145,1,0,0,5,37.28746632608682,4:4,spatial,1,373,4,hex,32,1,1,none,1,high,0.6775741695589723,48,4,92,2,13,1,24,2,1,2,Action_1080p_60fps_10s
2192,1,p4x4,3,0.6295137611273145,0,0,1,5,37.28746632608682,4:4,spatial,1,51,4,hex,13,0,1,none,1,high,0.2374952707397156,48,4,92,2,81,11,24,0,1,2,Action_1080p_60fps_10s
1495,1,p4x4,3,0.6295137611273145,2,0,1,5,49.376471962682494,4:4,spatial,0,259,4,dia,54,0,1,none,1,high,0.5266935083813419,48,4,92,2,40,1,24,2,1,2,Action_1080p_60fps_10s
2192,1,p4x4,3,0.6295137611273145,2,8,1,-8,34.94113631934421,-4:4,temporal,0,234,0,hex,54,1,0,none,0,baseline,0.7214316074693485,25,13,141,7,7,0,0,2,1,1,Action_1080p_60fps_10s
2192,1,p4x4,3,0.6295137611273145,2,0,1,5,34.94113631934421,-4:4,temporal,0,234,3,hex,54,1,0,none,0,baseline,0.7214316074693485,25,16,141,7,7,0,0,1,1,2,Action_1080p_60fps_10s
2192,1,p4x4,3,0.6295137611273145,2,8,1,-8,34.94113631934421,-4:4,temporal,0,234,3,hex,54,1,0,none,0,baseline,0.7214316074693485,25,16,141,7,7,0,0,1,1,2,Action_1080p_60fps_10s
2192,1,p4x4,3,0.6295137611273145,2,0,1,5,34.94113631934421,-4:4,temporal,0,234,3,hex,46,1,0,none,0,baseline,0.7214316074693485,25,16,141,7,7,0,0,1,1,2,Action_1080p_60fps_10s
2192,1,p4x4,3,0.6295137611273145,2,0,1,5,49.376471962682494,4:4,spatial,1,259,4,dia,54,0,1,none,1,baseline,0.9910777197505182,48,1,92,2,40,1,24,2,1,2,Action_1080p_60fps_10s
2192,1,p4x4,3,0.6295137611273145,2,0,1,5,49.376471962682494,4:4,spatial,1,259,4,dia,54,0,1,none,1,high,0.5266935083813419,48,4,92,2,40,1,24,2,1,2,Action_1080p_60fps_10s
2192,1,p4x4,3,0.6295137611273145,2,0,1,5,49.376471962682494,4:4,spatial,1,259,4,dia,54,0,1,none,1,baseline,0.6493532546000097,48,4,92,2,40,1,24,2,1,2,Action_1080p_60fps_10s
2192,1,p4x4,3,1.0672403674589797,2,0,1,5,49.376471962682494,4:4,spatial,1,185,4,dia,54,0,1,none,1,high,0.5266935083813419,48,4,92,2,40,1,24,2,1,2,Action_1080p_60fps_10s
2192,1,p4x4,2,0.6295137611273145,2,0,0,5,49.376471962682494,4:4,spatial,1,259,4,dia,54,0,1,none,1,high,0.5266935083813419,48,4,92,2,40,1,24,2,1,2,Action_1080p_60fps_10s
2192,1,p4x4,3,0.6295137611273145,0,0,1,5,37.28746632608682,4:4,spatial,1,51,4,hex,13,0,1,none,1,high,0.2374952707397156,48,4,92,2,81,11,24,0,1,2,Standard_480p_25fps_15s
2192,1,"p8x8,b8x8,i8x8,i4x4",3,0.6295137611273145,0,0,1,5,37.28746632608682,4:4,auto,1,227,4,umh,13,0,1,none,1,high,0.2374952707397156,48,4,5,7,2,0,53,1,1,2,Standard_480p_25fps_15s
2192,1,p4x4,3,1.4234664276334543,0,0,1,5,47.22326760443185,4:4,spatial,1,259,4,dia,54,0,1,none,1,high,0.5266935083813419,48,4,92,2,40,1,24,0,1,2,Standard_480p_25fps_15s
2192,1,p4x4,3,0.6295137611273145,2,0,1,5,49.376471962682494,4:4,spatial,1,259,4,dia,54,0,1,none,1,high,0.5266935083813419,48,4,92,2,40,1,24,2,1,2,Standard_480p_25fps_15s
2192,1,p4x4,3,0.6295137611273145,2,0,1,5,49.376471962682494,4:4,spatial,1,259,4,dia,54,0,1,none,1,baseline,0.9910777197505182,48,1,92,2,40,1,24,2,1,2,Standard_480p_25fps_15s
2192,1,p4x4,3,0.6295137611273145,2,0,1,5,34.94113631934421,-4:4,temporal,0,234,3,hex,54,1,0,none,0,baseline,0.7214316074693485,25,16,141,7,7,0,0,1,1,2,Standard_480p_25fps_15s
2192,1,p4x4,3,0.6295137611273145,2,8,1,-8,34.94113631934421,-4:4,temporal,0,234,3,hex,54,1,0,none,0,baseline,0.7214316074693485,25,16,141,7,7,0,0,1,1,2,Standard_480p_25fps_15s
2192,1,p4x4,3,0.6295137611273145,2,0,1,5,49.376471962682494,4:4,spatial,1,259,4,dia,54,0,1,none,1,baseline,0.6493532546000097,48,4,92,2,40,1,24,2,1,2,Standard_480p_25fps_15s
2192,1,p4x4,3,0.6295137611273145,2,8,1,-8,34.94113631934421,-4:4,temporal,0,234,0,hex,54,1,0,none,0,baseline,0.7214316074693485,25,13,141,7,7,0,0,2,1,1,Standard_480p_25fps_15s
2192,1,p4x4,3,0.6295137611273145,2,0,1,-12,49.376471962682494,4:4,spatial,1,259,4,dia,54,0,1,none,1,baseline,0.6493532546000097,48,4,92,2,40,1,24,2,1,2,Standard_480p_25fps_15s
2192,1,p4x4,3,0.6295137611273145,2,0,1,5,47.22326760443185,4:4,spatial,1,259,4,dia,54,0,1,none,1,high,0.5266935083813419,48,4,92,2,40,1,24,2,1,2,Standard_480p_25fps_15s
2192,1,p4x4,3,0.6295137611273145,2,0,1,5,24.436096809049484,-4:4,temporal,0,234,3,hex,54,1,0,none,0,baseline,0.7214316074693485,25,16,5,7,2,0,0,1,1,2,Standard_480p_25fps_15s
2192,1,p4x4,2,0.6295137611273145,2,4,1,-12,49.376471962682494,4:4,spatial,1,259,4,dia,54,0,1,vbr,1,baseline,0.6493532546000097,48,4,92,2,40,1,24,2,1,2,Standard_480p_25fps_15s
2246,1,p4x4,3,0.6295137611273145,2,0,1,5,49.376471962682494,4:4,spatial,1,259,4,dia,54,0,1,none,1,high,0.5266935083813419,39,4,92,2,40,8,24,2,1,2,Standard_480p_25fps_15s
2192,1,p4x4,3,0.6295137611273145,2,0,1,5,28.74417029968711,4:4,spatial,1,259,4,dia,54,0,1,none,1,high,0.5266935083813419,48,4,92,2,40,1,0,2,1,1,Standard_480p_25fps_15s
2192,1,p4x4,3,0.6295137611273145,2,4,1,-12,49.376471962682494,4:4,spatial,1,259,4,dia,54,0,1,vbr,1,baseline,0.5266935083813419,48,4,92,2,40,1,24,2,1,0,Standard_480p_25fps_15s
2192,0,p4x4,3,0.6295137611273145,2,4,1,-12,49.376471962682494,4:4,spatial,1,259,4,dia,54,1,1,vbr,1,baseline,0.6493532546000097,48,4,92,2,40,1,24,2,1,2,Standard_480p_25fps_15s
2192,1,all,3,0.6295137611273145,1,8,1,-8,34.94113631934421,-4:4,temporal,0,234,3,hex,54,1,0,none,0,baseline,0.7214316074693485,25,16,141,7,7,0,9,1,1,2,Standard_480p_25fps_15s
2192,1,p8x8,2,0.6295137611273145,2,4,1,-12,49.376471962682494,4:4,spatial,1,259,4,dia,54,0,1,none,1,baseline,0.9910777197505182,48,1,92,2,40,1,7,2,1,2,Standard_480p_25fps_15s
2192,1,p4x4,3,0.6295137611273145,2,0,1,5,34.94113631934421,-4:4,temporal,0,317,3,hex,48,1,0,none,0,baseline,0.9465287483474056,25,16,141,12,7,0,0,1,1,0,Standard_480p_25fps_15s
260,1,p4x4,1,1.831088268337472,2,13,0,6,27.161539979237823,6:6,spatial,1,346,4,dia,38,0,1,none,0,baseline,0.8574329461146062,39,1,187,1,49,9,15,1,0,2,Action_480p_25fps_10s
260,1,p4x4,1,1.831088268337472,2,13,0,6,27.161539979237823,2:2,spatial,1,346,4,dia,38,0,0,none,0,baseline,0.8574329461146062,47,19,80,2,0,7,44,2,0,0,Action_480p_25fps_10s
260,1,p4x4,1,1.831088268337472,2,13,0,6,27.161539979237823,2:2,spatial,1,346,4,dia,38,0,0,none,0,main,0.8574329461146062,47,19,149,5,69,2,20,0,0,1,Action_480p_25fps_10s
435,1,p4x4,1,1.6895316086257244,0,11,1,8,45.53118017738864,0:0,temporal,0,311,0,umh,52,1,1,vbr,1,baseline,0.2420653603365288,42,19,80,13,0,7,15,1,0,2,Action_480p_25fps_10s
435,1,p4x4,1,1.6895316086257244,0,11,1,8,45.53118017738864,0:0,temporal,1,311,0,umh,52,1,1,vbr,1,baseline,0.2420653603365288,42,19,80,2,0,7,55,0,0,0,Action_480p_25fps_10s
435,1,p4x4,1,1.6895316086257244,1,11,1,8,45.53118017738864,0:0,temporal,1,311,0,umh,52,1,1,cbr,1,baseline,0.2420653603365288,42,19,80,2,0,7,55,0,0,0,Action_480p_25fps_10s
1690,1,none,2,1.1536539324358672,0,13,1,7,48.75732026276623,-6:6,auto,0,106,3,tesa,6,1,1,vbr,1,baseline,0.2420653603365288,22,19,80,2,0,7,55,0,0,2,Action_480p_25fps_10s
260,1,none,2,1.1536539324358672,1,13,1,7,37.37799214063269,4:-4,auto,0,406,0,umh,20,1,1,vbr,1,baseline,0.0833025022174705,28,10,149,12,23,0,20,0,0,1,Action_480p_25fps_10s
1011,1,none,0,0.7841382476494912,0,13,1,7,37.37799214063269,4:-4,temporal,1,34,0,esa,63,1,1,vbr,1,high,0.2420653603365288,22,19,80,2,0,7,55,0,0,0,Action_480p_25fps_10s
435,1,p4x4,1,1.6895316086257244,1,11,1,8,45.53118017738864,0:0,temporal,1,311,0,umh,52,1,1,cbr,1,baseline,0.2420653603365288,42,19,80,2,0,7,55,0,0,2,Action_480p_25fps_10s
1690,1,none,2,1.6895316086257244,0,11,1,8,48.90300151732654,0:0,temporal,1,311,0,umh,52,1,1,vbr,1,baseline,0.2420653603365288,42,19,80,2,0,7,55,0,0,0,Action_480p_25fps_10s
1011,1,none,0,0.7841382476494912,0,13,1,7,37.37799214063269,4:-4,temporal,1,34,0,umh,52,1,1,vbr,1,baseline,0.2420653603365288,42,19,80,2,0,7,55,0,0,0,Action_480p_25fps_10s
1323,1,none,2,1.1536539324358672,2,13,1,7,37.37799214063269,4:-4,auto,0,20,4,tesa,54,1,1,vbr,1,baseline,0.2420653603365288,22,19,80,2,0,7,55,0,0,2,Action_480p_25fps_10s
1690,1,none,2,1.1536539324358672,0,13,1,7,37.37799214063269,4:-4,auto,0,20,4,esa,63,1,0,vbr,1,high,0.0833025022174705,43,10,149,12,23,0,20,1,1,1,Action_480p_25fps_10s
469,0,"p8x8,b8x8,i8x8,i4x4",3,1.9388859071863007,0,9,1,-12,27.88001428928656,4:-4,auto,0,20,4,hex,63,1,0,vbr,0,high,0.0833025022174705,43,10,149,12,23,0,20,1,1,1,Action_480p_25fps_10s
1690,1,none,2,1.1536539324358672,1,13,1,-10,37.37799214063269,4:-4,auto,0,20,4,esa,63,1,0,vbr,1,high,0.0833025022174705,43,10,149,12,7,0,20,1,1,0,Action_480p_25fps_10s
1011,0,p4x4,0,0.7841382476494912,0,13,1,7,37.37799214063269,4:-4,auto,0,20,0,esa,63,1,0,vbr,0,high,0.0833025022174705,43,10,149,2,23,2,20,1,1,1,Action_480p_25fps_10s
1690,1,none,2,1.1536539324358672,0,13,1,7,42.876785685812266,4:-4,auto,0,106,3,tesa,6,1,1,vbr,1,baseline,0.4533312853075793,41,14,209,8,15,2,18,2,0,1,Action_480p_25fps_10s
469,0,"p8x8,b8x8,i8x8,i4x4",3,1.9388859071863007,0,9,1,-12,27.88001428928656,4:-4,auto,0,20,4,hex,63,1,0,vbr,0,high,0.0833025022174705,43,10,149,12,23,0,20,0,0,0,Action_480p_25fps_10s
469,0,"p8x8,b8x8,i8x8,i4x4",3,1.9388859071863007,0,9,1,-12,27.88001428928656,4:-4,auto,0,20,4,hex,63,1,0,vbr,0,high,0.0833025022174705,43,10,149,6,96,4,20,0,1,0,Action_480p_25fps_10s
522,1,none,1,0.331644857081022,2,0,1,8,17.639968692513452,1:-1,temporal,0,137,3,esa,54,0,1,vbr,0,main,0.6493532546000097,48,4,92,2,5,0,0,2,1,1,Still_image_480p_30fps_20s
522,1,none,1,0.331644857081022,2,0,1,8,17.639968692513452,1:-1,temporal,0,137,3,esa,54,0,1,vbr,0,main,0.1393121920157349,48,4,92,2,5,0,0,2,0,1,Still_image_480p_30fps_20s
522,0,none,1,0.331644857081022,2,0,1,8,17.639968692513452,1:-1,temporal,0,137,3,esa,54,0,1,vbr,0,main,0.6493532546000097,48,4,92,2,5,0,0,2,1,1,Still_image_480p_30fps_20s
1523,0,none,1,1.57622426614172,0,4,1,4,19.540193167953056,5:5,auto,1,349,4,tesa,17,0,0,vbr,0,main,0.2824977969851646,46,13,75,2,15,4,57,2,1,1,Still_image_480p_30fps_20s
537,0,none,1,0.6415675109299254,2,6,0,-1,19.540193167953056,5:5,temporal,1,182,4,tesa,7,0,0,vbr,0,main,0.2824977969851646,46,13,75,2,15,4,57,2,1,1,Still_image_480p_30fps_20s
1110,0,none,1,1.57622426614172,0,4,1,4,19.540193167953056,5:5,auto,1,440,4,tesa,7,1,0,cbr,0,main,0.9148497995135092,20,10,209,14,33,0,23,1,1,2,Still_image_480p_30fps_20s
1523,0,none,1,1.57622426614172,0,4,1,4,19.540193167953056,5:5,auto,1,229,4,tesa,17,0,0,vbr,0,main,0.2824977969851646,46,13,75,2,15,4,57,2,1,0,Still_image_480p_30fps_20s
1523,0,none,1,1.57622426614172,0,4,1,-4,19.540193167953056,5:5,auto,1,366,4,tesa,17,0,0,vbr,0,main,0.2824977969851646,46,13,197,2,15,4,57,2,1,2,Still_image_480p_30fps_20s
1110,0,none,1,1.57622426614172,0,4,1,4,19.540193167953056,5:5,auto,1,440,4,tesa,7,1,1,vbr,0,main,0.2824977969851646,46,13,75,2,15,4,57,2,1,0,Still_image_480p_30fps_20s
1523,0,none,3,1.57622426614172,0,4,1,4,19.540193167953056,1:-1,auto,1,229,4,esa,35,0,0,vbr,0,baseline,0.2824977969851646,46,13,75,2,15,4,57,1,1,1,Still_image_480p_30fps_20s
1523,0,none,1,1.57622426614172,1,4,1,4,19.540193167953056,-5:5,auto,0,349,4,tesa,17,1,0,vbr,0,high,0.2824977969851646,46,14,75,2,15,4,57,2,1,0,Still_image_480p_30fps_20s
537,0,none,1,0.6415675109299254,2,6,0,4,41.796802929025056,5:5,auto,1,349,4,tesa,17,0,0,vbr,0,main,0.2824977969851646,46,13,75,1,15,4,57,2,1,1,Still_image_480p_30fps_20s
1523,0,none,1,1.57622426614172,0,4,1,-1,19.540193167953056,5:5,temporal,0,182,4,tesa,7,0,0,vbr,0,main,0.6350366121291191,46,13,75,2,15,4,57,2,1,2,Still_image_480p_30fps_20s
1110,0,none,1,1.57622426614172,0,4,1,4,32.08698358795615,5:5,none,1,440,4,tesa,7,1,0,cbr,0,main,0.2824977969851646,38,13,75,2,15,4,57,2,1,0,Still_image_480p_30fps_20s
1523,0,none,1,1.3844947790546815,0,4,1,4,19.540193167953056,-1:1,auto,1,229,4,tesa,17,1,0,vbr,0,main,0.9148497995135092,20,10,209,14,33,0,23,1,1,2,Still_image_480p_30fps_20s
1523,0,none,1,1.57622426614172,0,4,1,-4,34.57320913088142,5:-5,auto,1,366,4,tesa,17,0,1,vbr,0,main,0.5130196250298857,46,13,190,5,76,4,57,2,1,1,Still_image_480p_30fps_20s
1523,1,none,1,1.57622426614172,0,4,1,-1,19.540193167953056,5:5,temporal,0,182,4,umh,38,1,0,vbr,0,main,0.2824977969851646,46,13,75,2,15,4,57,2,1,1,Still_image_480p_30fps_20s
1523,1,none,1,1.57622426614172,0,4,1,4,19.540193167953056,5:5,auto,0,349,4,tesa,7,0,0,vbr,0,main,0.6350366121291191,39,13,75,2,15,4,5,2,1,2,Still_image_480p_30fps_20s
1523,0,none,3,0.0517809269619148,0,4,1,4,19.540193167953056,1:-1,auto,0,229,4,esa,35,0,0,vbr,1,main,0.1393121920157349,48,4,92,2,5,8,0,2,0,1,Still_image_480p_30fps_20s
1523,0,none,1,1.3844947790546815,0,8,1,4,19.540193167953056,-1:1,auto,1,229,2,tesa,17,1,0,vbr,0,main,0.9148497995135092,38,10,209,14,15,4,57,2,1,0,Still_image_480p_30fps_20s
1370,1,p4x4,0,1.1605122648671369,2,14,1,11,12.48460094319834,5:5,auto,1,51,0,dia,54,0,1,vbr,0,baseline,0.6493532546000097,48,4,92,5,80,0,51,0,0,0,Action_720p_25fps_15s
1992,1,p4x4,0,1.1605122648671369,2,14,1,11,11.363472242034335,5:5,auto,1,394,0,dia,50,0,1,none,0,baseline,0.6493532546000097,48,4,92,5,80,0,51,0,0,0,Action_720p_25fps_15s
1992,1,p4x4,0,1.1605122648671369,2,14,1,11,11.363472242034335,5:5,auto,1,51,0,dia,50,0,1,none,0,baseline,0.6493532546000097,48,4,92,5,80,0,51,0,0,0,Action_720p_25fps_15s
1992,1,p4x4,0,1.1605122648671369,2,14,1,11,12.48460094319834,5:5,auto,1,51,0,dia,54,0,1,none,0,baseline,0.6493532546000097,48,4,92,5,80,0,51,0,0,0,Action_720p_25fps_15s
1992,1,p4x4,0,1.1605122648671369,2,14,1,11,47.06801152717578,5:5,auto,1,51,0,dia,54,0,1,none,0,baseline,0.6493532546000097,48,10,92,5,80,0,51,0,0,0,Action_720p_25fps_15s
1992,1,p4x4,0,1.1605122648671369,2,14,1,11,12.48460094319834,5:5,auto,1,51,0,dia,54,0,1,vbr,0,baseline,0.6493532546000097,48,4,92,5,80,0,51,0,0,0,Action_720p_25fps_15s
1370,0,p4x4,0,1.1605122648671369,2,14,1,11,12.48460094319834,5:5,auto,1,189,0,dia,54,0,1,none,0,high,0.6493532546000097,48,10,92,5,80,0,51,0,0,0,Action_720p_25fps_15s
1370,0,p4x4,0,1.1605122648671369,2,8,1,11,15.77351011554549,5:5,auto,1,189,0,dia,54,0,1,vbr,0,baseline,0.6493532546000097,48,4,92,5,65,0,51,0,0,0,Action_720p_25fps_15s
1652,0,p4x4,1,0.6295137611273145,2,0,1,9,41.386831942442015,1:-1,spatial,1,51,3,dia,9,0,1,vbr,0,high,0.177767268239342,49,2,222,11,96,3,21,2,1,0,Action_720p_25fps_15s
1978,1,none,2,1.1605122648671369,0,2,1,11,12.48460094319834,4:-4,auto,0,396,0,esa,59,0,0,vbr,1,high,0.6903125854136487,40,16,30,8,64,0,10,2,1,2,Action_720p_25fps_15s
1978,1,none,2,1.1605122648671369,0,2,1,11,12.48460094319834,4:-4,auto,0,396,2,esa,59,0,0,vbr,0,high,0.6903125854136487,40,16,30,8,64,0,10,2,1,2,Action_720p_25fps_15s
1992,1,p4x4,3,1.1605122648671369,2,5,0,11,27.85922826208077,5:5,auto,1,51,0,dia,50,0,1,none,0,baseline,0.6493532546000097,48,4,92,5,80,0,51,0,0,0,Action_720p_25fps_15s
1992,1,p4x4,3,1.1605122648671369,1,5,0,11,27.85922826208077,5:5,auto,1,51,0,dia,50,0,1,none,0,baseline,0.6493532546000097,48,4,92,5,80,0,51,0,0,2,Action_720p_25fps_15s
1992,1,p4x4,3,1.1605122648671369,2,5,0,11,27.85922826208077,-1:1,auto,1,51,0,dia,50,0,1,none,0,baseline,0.6493532546000097,48,4,92,5,80,0,51,0,0,0,Action_720p_25fps_15s
1370,1,p4x4,0,1.1605122648671369,2,14,1,11,12.48460094319834,5:5,auto,1,189,0,dia,54,0,1,vbr,0,baseline,0.6493532546000097,48,4,218,13,9,0,17,2,0,2,Action_720p_25fps_15s
1370,1,p4x4,0,1.1605122648671369,2,14,1,11,12.48460094319834,5:5,auto,1,51,0,dia,54,0,1,vbr,0,baseline,0.6493532546000097,48,4,218,4,9,0,36,2,0,2,Action_720p_25fps_15s
1652,1,p4x4,1,0.6295137611273145,2,0,1,1,41.386831942442015,5:5,auto,1,316,0,dia,50,1,0,none,0,high,0.6493532546000097,48,4,92,5,80,0,51,0,1,0,Action_720p_25fps_15s
1992,1,p4x4,0,1.1605122648671369,2,14,1,11,47.06801152717578,5:5,auto,1,316,0,dia,50,1,0,none,0,high,0.6493532546000097,48,4,92,5,80,0,51,0,1,0,Action_720p_25fps_15s
522,1,none,1,0.331644857081022,2,0,1,8,17.639968692513452,1:-1,temporal,0,137,3,esa,54,0,1,vbr,0,main,0.6493532546000097,48,4,92,2,5,0,0,2,1,1,Action_720p_25fps_15s
76,0,p8x8,1,0.6295137611273145,1,0,1,9,29.58495568862226,4:4,spatial,0,51,0,dia,62,0,0,cbr,0,high,0.6903125854136487,40,16,30,8,64,0,10,1,1,2,Action_720p_25fps_15s
382,1,p4x4,3,0.5800605938198936,1,15,1,-10,24.3834904476182,-6:6,none,0,331,0,umh,30,1,0,cbr,0,high,0.916497737652356,35,17,69,2,76,0,6,0,0,1,Action_480p_30fps_5s
700,1,p4x4,1,0.5800605938198936,1,15,1,-8,8.126069917579773,-4:4,none,1,120,0,dia,20,0,1,cbr,1,high,0.2668424722885874,28,15,69,2,71,0,47,1,1,2,Action_480p_30fps_5s
246,0,all,0,0.7219386041292395,1,15,1,-8,8.78941778071487,6:-6,none,1,120,0,dia,20,0,1,cbr,1,high,0.2668424722885874,28,15,69,2,71,0,47,1,1,2,Action_480p_30fps_5s
694,0,all,0,1.5429407499260708,0,9,1,6,10.757037026358091,-2:2,auto,1,289,0,dia,20,0,1,cbr,1,high,0.2668424722885874,28,15,69,2,71,0,47,1,1,2,Action_480p_30fps_5s
700,1,p4x4,1,0.5800605938198936,1,15,1,-8,8.126069917579773,-4:4,none,1,120,0,dia,20,0,1,cbr,1,high,0.2668424722885874,28,15,227,2,71,0,6,1,0,1,Action_480p_30fps_5s
1629,1,p4x4,1,1.1415127654747272,1,15,1,-8,8.126069917579773,-4:4,none,1,120,0,dia,20,1,0,cbr,1,high,0.2668424722885874,28,15,227,2,71,0,58,1,0,1,Action_480p_30fps_5s
544,0,none,0,1.075588501544093,0,11,1,-2,10.854503454180769,5:5,none,0,34,3,umh,21,0,0,vbr,1,main,0.6564114589898017,46,6,30,16,94,0,6,0,1,1,Action_480p_30fps_5s
246,0,all,0,0.2203525986951936,0,9,1,5,23.012084867604496,-2:2,auto,0,289,1,umh,21,0,0,vbr,1,main,0.6564114589898017,46,6,30,16,94,0,6,0,0,1,Action_480p_30fps_5s
694,0,all,0,1.5429407499260708,0,9,1,5,23.012084867604496,-2:2,auto,0,289,3,umh,21,0,1,vbr,1,main,0.6564114589898017,46,6,30,16,94,0,6,0,0,1,Action_480p_30fps_5s
544,0,none,0,1.075588501544093,0,9,1,5,23.012084867604496,2:2,auto,0,162,3,umh,21,0,0,vbr,1,main,0.6564114589898017,46,6,30,16,94,0,6,2,0,1,Action_480p_30fps_5s
1721,0,all,0,1.5429407499260708,0,9,1,5,40.89612622895336,-2:2,auto,0,289,3,umh,21,0,1,vbr,1,main,0.6564114589898017,46,6,30,16,94,0,22,0,0,1,Action_480p_30fps_5s
694,0,all,0,1.5429407499260708,0,9,1,5,40.89612622895336,-2:2,auto,0,289,3,umh,21,0,1,vbr,1,main,0.6564114589898017,46,6,30,16,9,0,6,0,0,1,Action_480p_30fps_5s
246,0,all,0,0.2203525986951936,0,9,1,5,23.012084867604496,-2:2,auto,0,289,1,umh,21,0,0,vbr,1,main,0.9710981943852072,34,6,30,16,94,0,6,0,0,1,Action_480p_30fps_5s
246,0,all,0,0.2203525986951936,0,9,1,5,23.012084867604496,-2:2,auto,0,289,1,umh,21,0,0,vbr,0,high,0.6564114589898017,46,6,30,16,52,0,6,0,0,0,Action_480p_30fps_5s
1721,0,p8x8,0,1.5429407499260708,0,9,1,5,44.41332062905747,-2:2,auto,0,289,3,dia,21,0,1,vbr,1,main,0.6564114589898017,46,6,30,16,94,0,22,0,0,1,Action_480p_30fps_5s
1721,0,all,0,1.5429407499260708,0,9,1,5,40.89612622895336,-2:2,auto,0,289,3,umh,21,0,1,vbr,1,main,0.6564114589898017,46,6,172,5,94,0,6,0,0,1,Action_480p_30fps_5s
694,0,all,0,1.5429407499260708,0,9,1,5,40.89612622895336,-2:2,auto,0,197,3,umh,21,0,1,vbr,1,main,0.6564114589898017,46,6,30,16,94,0,6,0,0,1,Action_480p_30fps_5s
867,1,p8x8,3,1.6480643356688356,1,3,1,2,8.126069917579773,3:-3,none,0,331,0,dia,10,1,0,cbr,0,high,0.916497737652356,28,17,69,2,32,0,22,1,1,1,Action_480p_30fps_5s
700,0,all,1,0.5800605938198936,0,15,0,-8,8.126069917579773,4:4,none,0,331,0,dia,34,0,1,cbr,0,high,0.9562827234845592,28,19,69,2,16,0,47,1,1,2,Action_480p_30fps_5s
382,1,p4x4,0,0.7625800653779805,2,3,1,9,25.82327767066316,4:4,none,0,331,0,dia,34,0,0,cbr,0,high,0.9562827234845592,28,15,69,2,71,0,47,1,1,1,Action_480p_30fps_5s
737,1,none,2,1.446056235059237,0,12,1,-4,34.975950955313785,-1:1,spatial,1,40,4,tesa,47,1,0,vbr,1,high,0.5113352790318704,48,14,176,5,26,1,21,0,1,0,Standard_720p_25fps_15s
737,1,none,2,1.446056235059237,0,14,1,-1,3.973377611017614,-5:5,auto,1,266,4,tesa,47,1,0,vbr,1,high,0.5113352790318704,48,14,176,5,26,1,21,0,1,1,Standard_720p_25fps_15s
2290,1,none,2,1.446056235059237,0,12,1,-4,34.975950955313785,-5:5,spatial,1,266,4,tesa,47,1,0,vbr,1,high,0.5113352790318704,48,14,176,5,26,1,21,0,1,1,Standard_720p_25fps_15s
737,1,none,2,1.446056235059237,0,12,1,-4,34.975950955313785,-1:1,spatial,1,40,4,tesa,47,1,0,vbr,1,high,0.5113352790318704,48,10,176,5,26,1,21,0,1,0,Standard_720p_25fps_15s
737,1,none,2,1.446056235059237,0,12,1,-4,34.975950955313785,-5:5,spatial,1,266,4,tesa,47,1,0,vbr,1,high,0.5113352790318704,48,14,176,5,26,1,21,0,1,1,Standard_720p_25fps_15s
737,1,all,2,1.446056235059237,0,12,1,-4,34.975950955313785,-5:5,spatial,0,266,4,tesa,47,1,0,vbr,1,main,0.0322787327694953,48,14,176,5,26,1,21,0,1,1,Standard_720p_25fps_15s
2290,1,none,2,1.446056235059237,0,12,1,-4,34.975950955313785,-5:5,spatial,1,266,4,tesa,47,1,0,vbr,1,main,0.0322787327694953,48,14,6,5,26,1,21,0,1,1,Standard_720p_25fps_15s
737,1,none,2,1.446056235059237,0,12,1,-4,34.975950955313785,-5:5,spatial,1,266,4,tesa,47,1,0,vbr,1,high,0.5113352790318704,48,16,176,5,26,1,21,0,1,1,Standard_720p_25fps_15s
737,1,none,2,1.446056235059237,0,12,1,-4,34.975950955313785,5:5,spatial,1,302,4,tesa,47,1,0,vbr,1,high,0.5113352790318704,48,14,176,8,26,1,21,0,1,1,Standard_720p_25fps_15s
737,1,none,2,1.446056235059237,0,12,1,-4,34.975950955313785,-1:1,spatial,1,40,4,tesa,47,1,0,vbr,1,main,0.0322787327694953,36,14,176,8,80,1,21,0,1,1,Standard_720p_25fps_15s
1489,1,none,2,1.446056235059237,0,12,1,-9,34.975950955313785,5:-5,spatial,0,483,4,tesa,64,0,0,vbr,1,high,0.5113352790318704,48,14,176,5,26,1,21,0,1,0,Standard_720p_25fps_15s
737,1,none,2,1.446056235059237,0,12,1,-4,34.975950955313785,-1:1,spatial,0,40,4,esa,47,1,0,vbr,0,high,0.622909539183963,48,10,176,5,26,1,38,0,1,0,Standard_720p_25fps_15s
737,1,all,2,1.446056235059237,0,12,1,-4,34.975950955313785,-5:5,auto,1,266,4,tesa,47,1,0,vbr,1,high,0.5113352790318704,51,14,182,5,26,2,21,0,1,1,Standard_720p_25fps_15s
737,1,none,2,1.446056235059237,0,12,1,-4,34.975950955313785,-1:1,spatial,0,40,4,tesa,47,1,0,vbr,1,high,0.5113352790318704,48,14,176,5,26,1,21,0,1,1,Standard_720p_25fps_15s
737,1,none,2,1.446056235059237,0,14,1,-1,3.973377611017614,-5:5,auto,1,266,4,tesa,47,1,0,vbr,1,high,0.5113352790318704,48,14,176,5,26,11,21,0,1,1,Standard_720p_25fps_15s
968,1,none,2,1.446056235059237,0,12,1,-4,34.975950955313785,-1:1,spatial,1,40,4,tesa,47,1,0,vbr,1,main,0.5113352790318704,48,14,176,5,26,1,5,0,1,1,Standard_720p_25fps_15s
2290,0,"p8x8,b8x8,i8x8,i4x4",0,0.8848789024034137,1,2,0,4,36.22494193202382,1:-1,auto,0,354,3,dia,49,0,1,cbr,0,high,0.1779546679981341,44,12,137,11,54,2,34,2,0,2,Standard_720p_25fps_15s
2290,1,"p8x8,b8x8,i8x8,i4x4",3,1.506516628113297,1,2,0,2,36.22494193202382,1:-1,auto,0,354,4,dia,49,0,1,vbr,0,high,0.9125664852815564,51,3,185,4,87,4,53,0,0,2,Standard_720p_25fps_15s
2290,1,"p8x8,b8x8,i8x8,i4x4",1,1.506516628113297,1,2,0,2,42.12385146123028,-6:6,auto,0,354,4,dia,49,0,1,none,0,high,0.1779546679981341,48,1,137,11,91,2,35,0,1,0,Standard_720p_25fps_15s
2290,0,"p8x8,b8x8,i8x8,i4x4",3,1.506516628113297,1,2,0,2,36.22494193202382,1:-1,auto,0,354,4,dia,49,0,1,cbr,1,baseline,0.3790216049458798,49,16,201,15,8,11,29,1,1,2,Standard_720p_25fps_15s
469,0,"p8x8,b8x8,i8x8,i4x4",3,1.9388859071863007,0,9,1,-12,27.88001428928656,4:-4,auto,0,20,4,hex,63,1,0,vbr,0,high,0.0833025022174705,43,10,149,12,23,0,20,0,0,0,Standard_720p_25fps_5s
1690,1,none,2,1.1536539324358672,0,13,1,7,42.876785685812266,4:-4,auto,0,106,3,tesa,6,1,1,vbr,1,baseline,0.4533312853075793,41,14,209,8,15,2,18,2,0,1,Standard_720p_25fps_5s
1011,0,p4x4,0,0.7841382476494912,0,13,1,7,37.37799214063269,4:-4,auto,0,20,0,esa,63,1,0,vbr,0,high,0.0833025022174705,43,10,149,2,23,2,20,1,1,1,Standard_720p_25fps_5s
1690,1,none,2,1.1536539324358672,1,13,1,-10,37.37799214063269,4:-4,auto,0,20,4,esa,63,1,0,vbr,1,high,0.0833025022174705,43,10,149,12,7,0,20,1,1,0,Standard_720p_25fps_5s
1690,1,none,2,1.1536539324358672,0,13,1,7,37.37799214063269,4:-4,auto,0,20,4,esa,63,1,0,vbr,1,high,0.0833025022174705,43,10,149,12,23,0,20,1,1,1,Standard_720p_25fps_5s
469,0,"p8x8,b8x8,i8x8,i4x4",3,1.9388859071863007,0,9,1,-12,27.88001428928656,4:-4,auto,0,20,4,hex,63,1,0,vbr,0,high,0.0833025022174705,43,10,149,12,23,0,20,1,1,1,Standard_720p_25fps_5s
1011,0,p4x4,0,0.7841382476494912,0,13,1,7,37.37799214063269,4:-4,auto,0,406,0,esa,20,1,0,vbr,0,main,0.0833025022174705,43,10,149,12,23,0,20,1,1,1,Standard_720p_25fps_5s
469,0,"p8x8,b8x8,i8x8,i4x4",3,1.9388859071863007,0,9,1,-12,27.88001428928656,4:-4,auto,0,20,4,hex,63,1,0,vbr,0,high,0.0833025022174705,43,10,149,6,96,4,20,0,1,0,Standard_720p_25fps_5s
1690,1,none,2,1.1536539324358672,0,13,1,7,44.37311282353116,4:-4,auto,0,20,4,esa,63,1,1,vbr,1,high,0.0833025022174705,43,10,149,2,23,2,20,0,1,1,Standard_720p_25fps_5s
469,0,"p8x8,b8x8,i8x8,i4x4",2,1.9388859071863007,0,9,1,-12,27.88001428928656,4:-4,none,0,20,4,tesa,63,1,0,vbr,0,high,0.0833025022174705,43,10,244,12,23,0,20,0,1,1,Standard_720p_25fps_5s
469,1,none,2,1.1536539324358672,0,13,1,7,37.37799214063269,4:-4,spatial,0,260,4,umh,17,1,0,vbr,0,high,0.0833025022174705,43,10,149,12,23,0,20,1,1,1,Standard_720p_25fps_5s
1690,0,"p8x8,b8x8,i8x8,i4x4",2,1.9388859071863007,0,9,1,-12,8.355408567258191,4:-4,none,0,20,4,tesa,63,1,0,vbr,0,high,0.0833025022174705,43,10,244,12,23,3,33,0,1,1,Standard_720p_25fps_5s
1281,0,p4x4,1,0.9787342352036792,0,14,1,-10,37.37799214063269,4:-4,auto,0,20,4,esa,63,1,0,vbr,1,baseline,0.0833025022174705,43,10,149,12,7,0,20,0,1,0,Standard_720p_25fps_5s
1690,1,none,2,1.1536539324358672,1,13,1,-10,37.37799214063269,4:-4,auto,1,20,4,tesa,63,1,0,vbr,0,high,0.0833025022174705,43,10,244,12,23,0,15,0,1,2,Standard_720p_25fps_5s
469,0,"p8x8,b8x8,i8x8,i4x4",2,1.9388859071863007,0,9,1,-12,27.88001428928656,4:-4,none,0,20,4,tesa,53,1,0,vbr,1,high,0.0833025022174705,43,10,149,12,14,0,20,1,1,0,Standard_720p_25fps_5s
469,1,p8x8,3,1.9388859071863007,0,9,1,-12,27.88001428928656,4:-4,auto,0,20,3,tesa,63,1,0,vbr,0,high,0.0833025022174705,43,10,149,12,23,0,20,1,1,1,Standard_720p_25fps_5s
1011,1,p4x4,0,0.7841382476494912,0,8,1,7,37.37799214063269,4:-4,auto,0,297,0,esa,20,1,0,vbr,0,high,0.0833025022174705,43,10,149,12,23,0,20,0,0,0,Standard_720p_25fps_5s
1690,1,none,2,1.1536539324358672,1,13,1,-10,37.37799214063269,0:0,auto,0,20,4,esa,63,0,0,vbr,1,high,0.0833025022174705,43,10,149,12,7,0,20,1,1,1,Standard_720p_25fps_5s
469,0,"p8x8,b8x8,i8x8,i4x4",3,1.9388859071863007,0,4,1,-12,27.88001428928656,4:-4,auto,0,436,4,hex,63,1,0,vbr,0,high,0.0833025022174705,43,10,149,12,23,0,20,0,0,0,Standard_720p_25fps_5s
469,0,"p8x8,b8x8,i8x8,i4x4",2,1.1536539324358672,1,13,1,10,37.37799214063269,4:-4,auto,0,20,4,umh,16,0,0,vbr,1,high,0.0833025022174705,43,10,149,12,7,0,20,1,1,0,Standard_720p_25fps_5s
1690,1,none,2,1.1536539324358672,1,13,1,-10,37.37799214063269,4:-4,auto,0,20,4,esa,63,1,0,vbr,1,high,0.0833025022174705,43,10,149,12,7,0,20,1,1,0,Still_image_1080p_30fps_5s
1690,1,none,2,1.1536539324358672,0,13,1,7,37.37799214063269,4:-4,auto,0,20,4,esa,63,1,0,vbr,1,high,0.0833025022174705,43,10,149,12,23,0,20,1,1,1,Still_image_1080p_30fps_5s
469,0,"p8x8,b8x8,i8x8,i4x4",3,1.9388859071863007,0,9,1,-12,27.88001428928656,4:-4,auto,0,20,4,hex,63,1,0,vbr,0,high,0.0833025022174705,43,10,149,12,23,0,20,1,1,1,Still_image_1080p_30fps_5s
469,0,"p8x8,b8x8,i8x8,i4x4",3,1.9388859071863007,0,9,1,-12,27.88001428928656,4:-4,auto,0,20,4,hex,63,1,0,vbr,0,high,0.0833025022174705,43,10,149,6,96,4,20,0,1,0,Still_image_1080p_30fps_5s
1011,0,p4x4,0,0.7841382476494912,0,13,1,7,37.37799214063269,4:-4,auto,0,406,0,esa,20,1,0,vbr,0,main,0.0833025022174705,43,10,149,12,23,0,20,1,1,1,Still_image_1080p_30fps_5s
1690,1,none,2,1.1536539324358672,0,13,1,7,44.37311282353116,4:-4,auto,0,20,4,esa,63,1,1,vbr,1,high,0.0833025022174705,43,10,149,2,23,2,20,0,1,1,Still_image_1080p_30fps_5s
469,0,"p8x8,b8x8,i8x8,i4x4",2,1.9388859071863007,0,9,1,-12,27.88001428928656,4:-4,none,0,20,4,tesa,63,1,0,vbr,0,high,0.0833025022174705,43,10,244,12,23,0,20,0,1,1,Still_image_1080p_30fps_5s
1690,1,none,2,1.1536539324358672,0,13,1,7,42.876785685812266,4:-4,auto,0,106,3,tesa,6,1,1,vbr,1,baseline,0.4533312853075793,41,14,209,8,15,2,18,2,0,1,Still_image_1080p_30fps_5s
1011,0,p4x4,0,0.7841382476494912,0,13,1,7,37.37799214063269,4:-4,auto,0,20,0,esa,63,1,0,vbr,0,high,0.0833025022174705,43,10,149,2,23,2,20,1,1,1,Still_image_1080p_30fps_5s
469,0,"p8x8,b8x8,i8x8,i4x4",3,1.9388859071863007,0,9,1,-12,27.88001428928656,4:-4,auto,0,20,4,hex,63,1,0,vbr,0,high,0.0833025022174705,43,10,149,12,23,0,20,0,0,0,Still_image_1080p_30fps_5s
1690,1,none,2,1.1536539324358672,0,13,0,7,44.37311282353116,4:-4,auto,0,20,4,esa,63,1,1,vbr,1,high,0.0833025022174705,43,10,149,2,23,5,20,1,1,1,Still_image_1080p_30fps_5s
1267,0,p4x4,0,0.7841382476494912,0,13,1,7,37.37799214063269,4:-4,temporal,0,20,0,esa,63,1,0,vbr,0,high,0.0833025022174705,43,10,149,2,23,2,20,2,1,0,Still_image_1080p_30fps_5s
1690,1,none,2,1.1536539324358672,1,13,1,-10,37.37799214063269,4:-4,auto,0,20,4,esa,63,1,0,vbr,1,high,0.0833025022174705,43,10,149,12,7,0,20,1,1,1,Still_image_1080p_30fps_5s
1690,1,none,2,1.1536539324358672,0,13,1,7,42.876785685812266,4:-4,auto,0,106,3,tesa,6,1,1,none,0,high,0.0833025022174705,43,10,149,6,96,4,20,0,1,0,Still_image_1080p_30fps_5s
1690,1,none,2,1.1536539324358672,0,0,1,7,37.37799214063269,4:-4,auto,1,20,4,esa,63,1,0,vbr,1,high,0.0833025022174705,43,10,87,6,23,0,31,1,1,1,Still_image_1080p_30fps_5s
1690,1,none,2,1.1536539324358672,0,0,1,7,42.876785685812266,4:-4,auto,0,106,3,esa,63,1,0,vbr,1,high,0.0833025022174705,35,10,149,12,23,5,20,2,1,1,Still_image_1080p_30fps_5s
1690,1,none,2,1.1536539324358672,0,13,1,7,37.37799214063269,4:-4,auto,0,20,2,tesa,6,1,1,cbr,1,baseline,0.4533312853075793,41,14,245,8,15,2,18,2,1,1,Still_image_1080p_30fps_5s
556,1,none,2,1.1536539324358672,0,11,1,4,44.37311282353116,4:-4,auto,0,20,4,hex,63,1,0,vbr,0,high,0.0833025022174705,43,10,56,12,23,0,20,1,1,1,Still_image_1080p_30fps_5s
469,0,"p8x8,b8x8,i8x8,i4x4",3,1.9388859071863007,0,9,1,-12,27.88001428928656,4:-4,auto,0,20,4,esa,63,0,1,vbr,1,high,0.0833025022174705,43,12,149,2,23,2,20,0,1,1,Still_image_1080p_30fps_5s
1394,1,none,2,1.1536539324358672,0,13,0,7,37.37799214063269,4:-4,auto,0,20,4,tesa,63,1,0,vbr,0,baseline,0.9031510381502236,43,10,244,12,23,0,20,0,1,2,Still_image_1080p_30fps_5s
816,1,p4x4,0,0.9870357695477202,2,10,1,0,28.64779982514085,-3:3,auto,0,434,0,umh,49,0,1,none,1,main,0.5241074708625206,41,17,49,2,96,5,54,1,1,2,Big_480p_25fps_15s
625,1,p4x4,2,0.9870357695477202,2,10,0,0,28.568413039947632,-3:3,spatial,0,53,2,tesa,28,1,1,none,0,high,0.9614790448041663,36,16,25,3,86,2,24,0,1,2,Big_480p_25fps_15s
625,1,p4x4,2,0.9870357695477202,2,10,0,11,28.568413039947632,-3:3,spatial,0,53,2,tesa,28,1,1,none,0,high,0.9614790448041663,36,16,25,3,86,2,24,0,1,1,Big_480p_25fps_15s
625,1,p4x4,2,1.196366656875766,1,10,0,0,28.568413039947632,-3:3,temporal,0,53,2,tesa,28,1,1,none,0,high,0.9614790448041663,36,16,25,3,86,2,24,0,1,2,Big_480p_25fps_15s
184,1,all,0,0.3508121195638485,0,5,0,4,29.65588236435622,-3:3,spatial,0,53,2,esa,28,1,1,none,0,high,0.9614790448041663,36,16,25,3,86,2,24,0,1,2,Big_480p_25fps_15s
891,1,all,2,0.9870357695477202,2,10,0,0,28.568413039947632,-5:5,spatial,0,53,2,tesa,28,1,1,none,1,high,0.451002417417973,36,16,25,3,86,2,24,0,1,2,Big_480p_25fps_15s
625,1,p4x4,2,0.9870357695477202,2,10,0,0,27.72758455764944,-3:3,auto,0,332,3,dia,28,1,1,none,0,baseline,0.8033585026620205,36,16,25,3,86,2,27,0,1,1,Big_480p_25fps_15s
2356,1,all,1,0.5839624825528852,1,16,0,0,28.64779982514085,-3:3,auto,1,199,1,dia,28,1,1,none,0,baseline,0.1174092957131501,36,18,25,3,86,2,26,0,1,2,Big_480p_25fps_15s
625,1,p4x4,2,0.858969928340521,2,10,0,0,28.64779982514085,-3:3,temporal,0,199,0,dia,28,1,1,none,0,main,0.2536837837952118,36,16,25,3,86,2,24,0,1,2,Big_480p_25fps_15s
625,1,p4x4,2,0.9870357695477202,2,10,0,0,45.061290920138205,-3:3,auto,0,199,3,dia,28,1,1,none,0,baseline,0.2626474958660849,36,16,25,3,86,2,45,0,1,1,Big_480p_25fps_15s
2356,1,all,1,0.5839624825528852,1,10,0,0,28.64779982514085,-3:3,auto,0,199,0,dia,28,1,1,none,0,high,0.2536837837952118,36,16,25,3,86,2,24,0,1,2,Big_480p_25fps_15s
625,1,p4x4,2,0.9870357695477202,2,10,0,0,28.64779982514085,-3:3,auto,0,199,0,dia,28,1,1,none,0,baseline,0.2536837837952118,36,16,25,3,86,2,24,0,1,2,Big_480p_25fps_15s
184,1,all,0,0.3508121195638485,0,13,0,4,16.59911574045779,6:-6,temporal,0,434,0,umh,49,0,1,none,0,baseline,0.5241074708625206,48,14,145,6,26,2,64,1,0,0,Big_480p_25fps_15s
123,0,all,1,0.1122087939848967,0,16,0,4,29.725491768020035,6:-6,temporal,0,434,0,dia,35,1,1,none,0,baseline,0.5241074708625206,41,17,51,2,96,5,54,1,1,2,Big_480p_25fps_15s
891,1,all,0,0.3508121195638485,2,13,1,4,29.725491768020035,6:-6,temporal,1,434,0,dia,35,1,1,none,1,baseline,0.5241074708625206,41,17,51,2,96,5,54,1,1,2,Big_480p_25fps_15s
184,0,all,0,0.3508121195638485,0,13,0,4,29.725491768020035,6:-6,temporal,1,434,0,umh,49,0,1,none,1,high,0.5241074708625206,41,17,49,2,96,5,54,1,1,2,Big_480p_25fps_15s
184,1,p4x4,0,0.3508121195638485,2,13,0,4,29.725491768020035,6:-6,temporal,0,434,0,dia,35,1,1,none,0,baseline,0.5241074708625206,41,17,111,6,62,0,22,2,0,1,Big_480p_25fps_15s
748,0,"p8x8,b8x8,i8x8,i4x4",0,0.6021743404892261,2,3,1,7,32.175098460459246,-2:2,temporal,0,258,2,dia,35,1,1,none,1,baseline,0.5241074708625206,41,17,49,2,96,5,54,1,1,2,Big_480p_25fps_15s
184,1,"p8x8,b8x8,i8x8,i4x4",0,0.3508121195638485,2,13,0,4,29.725491768020035,6:-6,temporal,0,434,0,dia,35,1,1,none,0,baseline,0.5241074708625206,41,17,51,2,96,5,54,1,1,2,Big_480p_25fps_15s
184,1,all,0,1.148801451513502,2,13,0,4,29.725491768020035,6:-6,temporal,0,434,4,dia,35,0,1,none,0,baseline,0.5241074708625206,41,17,51,2,96,5,54,1,1,2,Big_480p_25fps_15s
1025,0,"p8x8,b8x8,i8x8,i4x4",2,1.6822079922260096,1,4,1,-5,34.02832446586254,5:-5,auto,1,116,0,dia,7,0,0,vbr,0,baseline,0.741091758901064,49,1,157,1,40,0,63,1,1,0,Action_720p_25fps_5s
1025,0,"p8x8,b8x8,i8x8,i4x4",2,1.6822079922260096,1,4,1,-10,34.02832446586254,5:-5,auto,1,116,0,dia,7,0,0,vbr,0,baseline,0.741091758901064,49,1,157,1,40,10,63,1,0,0,Action_720p_25fps_5s
1025,0,"p8x8,b8x8,i8x8,i4x4",2,1.6822079922260096,1,4,1,-10,34.02832446586254,5:-5,auto,1,116,0,dia,7,1,0,vbr,0,baseline,0.4719224388364953,49,1,157,1,40,0,63,1,1,0,Action_720p_25fps_5s
1025,0,p4x4,2,1.6822079922260096,1,4,1,-5,34.02832446586254,5:-5,auto,1,116,3,dia,7,0,0,vbr,0,baseline,0.741091758901064,49,1,157,1,55,0,63,1,1,2,Action_720p_25fps_5s
891,1,all,2,0.9870357695477202,2,10,0,0,28.568413039947632,-5:5,spatial,0,53,2,tesa,28,1,1,none,1,high,0.451002417417973,36,16,25,3,86,2,24,0,1,2,Action_720p_25fps_5s
625,1,p4x4,2,1.196366656875766,1,10,0,0,28.568413039947632,-3:3,temporal,0,53,2,tesa,28,1,1,none,0,high,0.9614790448041663,36,16,25,3,86,2,24,0,1,2,Action_720p_25fps_5s
625,1,p4x4,2,0.9870357695477202,2,10,0,11,28.568413039947632,-3:3,spatial,0,53,2,tesa,28,1,1,none,0,high,0.9614790448041663,36,16,25,3,86,2,24,0,1,1,Action_720p_25fps_5s
625,1,p4x4,2,0.9870357695477202,2,10,0,0,28.568413039947632,-3:3,spatial,0,53,2,tesa,28,1,1,none,0,high,0.9614790448041663,36,16,25,3,86,2,24,0,1,2,Action_720p_25fps_5s
184,1,all,0,0.3508121195638485,0,5,0,4,29.65588236435622,-3:3,spatial,0,53,2,esa,28,1,1,none,0,high,0.9614790448041663,36,16,25,3,86,2,24,0,1,2,Action_720p_25fps_5s
625,1,p4x4,0,0.9870357695477202,2,10,1,0,28.568413039947632,-3:3,spatial,0,53,2,tesa,28,1,1,none,0,high,0.9614790448041663,36,16,25,3,86,2,21,0,1,1,Action_720p_25fps_5s
625,1,p4x4,2,0.9870357695477202,2,10,0,0,28.568413039947632,-3:3,spatial,0,53,2,tesa,28,1,1,none,0,high,0.9614790448041663,36,11,25,3,86,2,24,0,1,2,Action_720p_25fps_5s
184,0,all,0,0.3508121195638485,0,5,0,4,29.65588236435622,-3:3,spatial,0,340,2,esa,28,1,1,none,1,high,0.7165240055698299,36,16,25,3,86,2,21,0,1,0,Action_720p_25fps_5s
1996,1,none,1,0.2167644059576779,1,15,1,-1,35.63424828804262,1:-1,temporal,1,128,3,dia,5,0,1,none,1,main,0.334900129455401,24,2,141,9,6,6,36,1,1,1,Action_720p_25fps_5s
1996,1,none,1,0.2167644059576779,1,15,1,-1,35.63424828804262,1:-1,temporal,1,128,3,dia,5,0,1,vbr,1,main,0.334900129455401,24,2,92,2,80,0,50,1,1,1,Action_720p_25fps_5s
1178,1,none,1,0.2167644059576779,1,15,1,-1,35.63424828804262,1:-1,auto,1,128,3,dia,5,0,0,none,1,main,0.334900129455401,24,16,141,9,6,6,36,1,1,0,Action_720p_25fps_5s
1996,1,none,1,0.2167644059576779,1,15,1,-1,35.63424828804262,1:-1,auto,1,128,2,dia,5,0,1,vbr,0,baseline,0.334900129455401,24,2,92,2,80,0,50,1,1,2,Action_720p_25fps_5s
1996,1,none,1,0.2167644059576779,1,15,1,-1,35.63424828804262,1:-1,auto,1,128,0,dia,5,0,1,vbr,0,baseline,0.334900129455401,24,2,92,2,80,0,50,1,0,2,Action_720p_25fps_5s
827,1,"p8x8,b8x8,i8x8,i4x4",1,1.8588656197845896,1,6,0,-10,34.02832446586254,1:-1,auto,1,128,3,dia,17,0,1,none,1,main,0.334900129455401,22,2,141,9,6,6,36,1,1,1,Action_720p_25fps_5s
1996,1,none,0,0.2167644059576779,2,4,1,-1,35.63424828804262,1:-1,auto,1,1,2,dia,63,0,1,vbr,0,baseline,0.1148135053369912,49,17,157,1,40,10,9,1,0,0,Action_720p_25fps_5s
827,1,"p8x8,b8x8,i8x8,i4x4",1,1.8588656197845896,1,6,0,-10,34.02832446586254,1:-1,auto,1,128,3,dia,17,0,1,none,1,main,0.334900129455401,22,2,141,1,58,0,63,2,0,0,Action_720p_25fps_5s
469,0,"p8x8,b8x8,i8x8,i4x4",3,1.9388859071863007,0,9,1,-12,27.88001428928656,4:-4,auto,0,20,4,hex,63,1,0,vbr,0,high,0.0833025022174705,43,10,149,6,96,4,20,0,1,0,Big_480p_25fps_5s
469,0,"p8x8,b8x8,i8x8,i4x4",3,1.9388859071863007,0,9,1,-12,27.88001428928656,4:-4,auto,0,20,4,hex,63,1,0,vbr,0,high,0.0833025022174705,43,10,149,12,23,0,20,0,0,0,Big_480p_25fps_5s
1011,0,p4x4,0,0.7841382476494912,0,13,1,7,37.37799214063269,4:-4,auto,0,20,0,esa,63,1,0,vbr,0,high,0.0833025022174705,43,10,149,2,23,2,20,1,1,1,Big_480p_25fps_5s
1690,1,none,2,1.1536539324358672,0,13,1,7,42.876785685812266,4:-4,auto,0,106,3,tesa,6,1,1,vbr,1,baseline,0.4533312853075793,41,14,209,8,15,2,18,2,0,1,Big_480p_25fps_5s
1690,1,none,2,1.1536539324358672,1,13,1,-10,37.37799214063269,4:-4,auto,0,20,4,esa,63,1,0,vbr,1,high,0.0833025022174705,43,10,149,12,7,0,20,1,1,0,Big_480p_25fps_5s
469,0,"p8x8,b8x8,i8x8,i4x4",3,1.9388859071863007,0,9,1,-12,27.88001428928656,4:-4,auto,0,20,4,hex,63,1,0,vbr,0,high,0.0833025022174705,43,10,149,12,23,0,20,1,1,1,Big_480p_25fps_5s
1690,1,none,2,1.1536539324358672,0,13,1,7,37.37799214063269,4:-4,auto,0,20,4,esa,63,1,0,vbr,1,high,0.0833025022174705,43,10,149,12,23,0,20,1,1,1,Big_480p_25fps_5s
1690,1,none,2,1.1536539324358672,0,13,1,7,44.37311282353116,4:-4,auto,0,20,4,esa,63,1,1,vbr,1,high,0.0833025022174705,43,10,149,2,23,2,20,0,1,1,Big_480p_25fps_5s
469,0,"p8x8,b8x8,i8x8,i4x4",2,1.9388859071863007,0,9,1,-12,27.88001428928656,4:-4,none,0,20,4,tesa,63,1,0,vbr,0,high,0.0833025022174705,43,10,244,12,23,0,20,0,1,1,Big_480p_25fps_5s
1011,0,p4x4,0,0.7841382476494912,0,13,1,7,37.37799214063269,4:-4,auto,0,406,0,esa,20,1,0,vbr,0,main,0.0833025022174705,43,10,149,12,23,0,20,1,1,1,Big_480p_25fps_5s
1690,1,p8x8,2,1.1536539324358672,1,13,1,8,37.37799214063269,4:-4,auto,0,20,2,esa,63,0,0,cbr,1,high,0.0833025022174705,43,10,236,8,23,0,20,0,1,1,Big_480p_25fps_5s
469,0,p8x8,2,1.9388859071863007,0,9,1,-12,17.019172844760117,4:-4,none,0,20,4,tesa,63,1,0,vbr,0,high,0.0833025022174705,43,10,244,12,7,0,20,1,0,0,Big_480p_25fps_5s
469,0,p8x8,2,1.9388859071863007,1,9,1,-12,27.88001428928656,4:-4,auto,0,20,4,hex,63,1,0,vbr,0,high,0.0833025022174705,43,10,149,12,23,0,14,0,0,0,Big_480p_25fps_5s
469,0,"p8x8,b8x8,i8x8,i4x4",3,1.9388859071863007,0,9,1,-12,27.88001428928656,4:-4,auto,0,20,4,hex,63,1,0,vbr,1,high,0.0833025022174705,43,10,132,6,96,4,20,0,1,0,Big_480p_25fps_5s
1690,1,none,2,1.1536539324358672,0,13,1,7,44.37311282353116,4:-4,auto,0,20,4,esa,63,1,1,cbr,1,baseline,0.0144497484505856,43,10,149,2,23,5,20,0,1,1,Big_480p_25fps_5s
469,0,"p8x8,b8x8,i8x8,i4x4",3,1.9388859071863007,0,8,1,-12,27.88001428928656,4:-4,auto,0,20,4,hex,63,1,0,vbr,0,high,0.0833025022174705,43,10,149,12,23,0,20,0,0,1,Big_480p_25fps_5s
469,1,"p8x8,b8x8,i8x8,i4x4",2,1.9388859071863007,0,7,1,8,27.88001428928656,4:-4,auto,0,20,4,hex,63,1,0,vbr,0,high,0.0833025022174705,43,10,149,6,96,4,0,0,1,0,Big_480p_25fps_5s
1011,0,p4x4,0,0.7841382476494912,0,13,1,7,37.37799214063269,4:-4,auto,0,406,0,esa,63,1,0,vbr,0,high,0.5761954704760283,43,10,149,12,23,0,20,0,0,0,Big_480p_25fps_5s
1690,1,none,3,1.1536539324358672,0,13,1,-9,44.37311282353116,4:-4,auto,1,20,4,esa,63,1,1,vbr,1,high,0.0833025022174705,43,10,149,2,87,9,14,0,1,2,Big_480p_25fps_5s
1690,1,none,2,1.1536539324358672,0,13,1,-10,37.37799214063269,4:-4,auto,0,97,4,esa,63,1,0,vbr,1,high,0.0833025022174705,43,10,149,12,7,0,20,1,1,0,Big_480p_25fps_5s
2290,1,"p8x8,b8x8,i8x8,i4x4",2,0.8848789024034137,1,13,1,4,36.22494193202382,1:-1,auto,1,26,3,tesa,29,0,0,none,1,baseline,0.1057329725397425,27,4,92,2,80,0,2,0,0,1,Action_720p_60fps_10s
370,0,p8x8,2,0.955156668830312,2,3,0,6,43.66582766566449,-2:2,temporal,0,415,3,tesa,29,0,0,none,0,baseline,0.1057329725397425,20,13,250,3,47,10,54,0,0,0,Action_720p_60fps_10s
370,0,p8x8,2,0.1816645454671701,2,3,0,6,43.66582766566449,-2:2,temporal,0,415,3,tesa,29,0,0,none,1,baseline,0.1057329725397425,20,13,250,3,47,10,54,0,0,0,Action_720p_60fps_10s
1350,0,p8x8,2,0.955156668830312,2,3,0,6,44.35555144592824,-2:2,auto,0,415,3,tesa,29,0,0,none,1,baseline,0.1057329725397425,27,4,92,2,80,0,2,0,0,1,Action_720p_60fps_10s
370,0,p8x8,2,0.955156668830312,2,3,0,6,44.35555144592824,-2:2,temporal,0,415,3,tesa,29,0,0,none,1,baseline,0.1057329725397425,27,4,92,2,80,0,2,0,0,1,Action_720p_60fps_10s
370,0,p8x8,2,0.955156668830312,2,3,0,6,43.66582766566449,-2:2,temporal,0,415,3,tesa,29,0,0,none,1,baseline,0.1057329725397425,20,13,250,3,47,10,54,0,0,0,Action_720p_60fps_10s
370,0,p8x8,2,0.1816645454671701,2,3,0,6,43.66582766566449,-2:2,temporal,0,415,3,tesa,29,0,0,none,1,baseline,0.1057329725397425,27,4,92,2,80,0,59,0,0,1,Action_720p_60fps_10s
370,0,p8x8,2,0.955156668830312,2,3,0,6,44.35555144592824,-2:2,temporal,0,415,3,tesa,29,0,0,none,1,baseline,0.1057329725397425,20,13,250,3,47,10,54,0,0,0,Action_720p_60fps_10s
370,0,p8x8,2,0.1816645454671701,2,15,0,6,44.35555144592824,5:-5,auto,0,415,3,tesa,29,0,0,none,1,baseline,0.1057329725397425,27,4,92,2,80,0,2,0,0,1,Action_720p_60fps_10s
1350,0,p8x8,2,0.955156668830312,2,10,0,6,43.66582766566449,-2:2,temporal,0,415,3,tesa,29,0,0,none,1,baseline,0.1057329725397425,20,13,118,3,47,10,54,0,0,0,Action_720p_60fps_10s
370,0,p8x8,2,0.1816645454671701,2,3,0,6,43.66582766566449,-2:2,temporal,0,415,3,tesa,5,0,0,none,1,baseline,0.1057329725397425,42,20,92,2,80,0,59,0,0,1,Action_720p_60fps_10s
370,0,p8x8,2,0.1816645454671701,2,3,0,6,43.66582766566449,-2:2,temporal,1,415,3,esa,29,0,0,none,1,baseline,0.1057329725397425,27,4,92,2,80,0,2,0,0,1,Action_720p_60fps_10s
1350,0,p8x8,2,0.955156668830312,2,10,0,6,43.66582766566449,-2:2,temporal,0,415,3,tesa,29,0,0,none,1,baseline,0.1057329725397425,20,13,118,3,98,10,54,0,0,0,Action_720p_60fps_10s
370,0,p8x8,2,1.5717149470693002,2,3,0,6,43.66582766566449,-2:2,temporal,0,415,3,tesa,29,0,0,none,1,main,0.1057329725397425,20,13,250,3,47,10,54,0,1,0,Action_720p_60fps_10s
370,0,p8x8,2,0.6307794642930993,2,13,0,6,43.66582766566449,-2:2,temporal,0,415,3,tesa,29,0,0,none,1,baseline,0.1057329725397425,27,4,92,3,47,10,54,0,0,0,Action_720p_60fps_10s
370,0,p8x8,2,0.955156668830312,2,3,0,6,44.35555144592824,-2:2,temporal,0,96,3,tesa,29,0,0,none,1,baseline,0.1057329725397425,20,13,250,2,80,0,59,0,0,1,Action_720p_60fps_10s
1350,0,p8x8,2,0.955156668830312,2,3,0,6,43.66582766566449,-2:2,auto,0,415,3,tesa,16,0,0,none,1,baseline,0.1057329725397425,27,4,92,2,80,11,59,0,0,1,Action_720p_60fps_10s
370,0,p8x8,2,1.5717149470693002,2,3,1,6,43.66582766566449,-2:2,temporal,0,415,3,tesa,29,0,0,none,1,main,0.1057329725397425,20,13,250,8,47,10,54,0,1,0,Action_720p_60fps_10s
1350,0,p8x8,2,0.955156668830312,2,3,0,6,44.35555144592824,-2:2,temporal,0,415,3,tesa,63,0,0,none,1,baseline,0.1057329725397425,49,20,92,2,80,0,59,0,0,1,Action_720p_60fps_10s
370,0,p8x8,2,0.955156668830312,2,3,0,6,43.66582766566449,-2:2,temporal,0,26,3,tesa,29,0,0,cbr,0,main,0.1057329725397425,27,4,92,2,80,0,2,0,0,1,Action_720p_60fps_10s
1692,1,p4x4,0,0.1752806789959263,1,8,0,-10,49.02460540915592,-4:4,temporal,0,221,4,hex,42,0,0,none,1,main,0.7638959016050976,26,4,185,4,15,4,53,0,0,2,Standard_480p_60fps_10s
2095,1,p4x4,0,0.1752806789959263,1,8,0,-10,49.02460540915592,-4:4,temporal,0,241,4,hex,42,0,0,none,1,main,0.7638959016050976,35,4,185,4,15,3,53,0,0,2,Standard_480p_60fps_10s
1637,0,p4x4,2,1.2619415973179955,1,8,0,-10,49.02460540915592,-4:4,temporal,0,221,4,hex,42,0,0,none,1,main,0.8843341433892122,33,14,136,7,100,9,53,0,1,1,Standard_480p_60fps_10s
1690,1,all,1,1.2206763118591664,0,0,1,8,6.671316431540841,2:2,none,1,459,4,dia,46,0,1,none,1,baseline,0.2390459400533245,33,14,229,7,5,8,53,0,0,1,Standard_480p_60fps_10s
626,1,p4x4,2,1.2206763118591664,0,0,1,-12,50.3301403421661,2:2,none,1,459,3,dia,46,1,1,none,1,high,0.2390459400533245,49,18,229,5,5,9,53,0,0,2,Standard_480p_60fps_10s
626,1,all,1,1.2206763118591664,0,0,1,8,50.3301403421661,2:2,none,1,459,4,dia,46,1,1,none,1,baseline,0.2390459400533245,33,14,229,7,5,9,53,0,0,1,Standard_480p_60fps_10s
626,1,all,3,1.2206763118591664,0,0,1,8,50.3301403421661,2:2,none,1,459,4,dia,46,1,1,none,1,high,0.2390459400533245,33,14,229,5,5,9,53,0,0,2,Standard_480p_60fps_10s
626,1,p4x4,2,1.2206763118591664,0,0,1,8,50.3301403421661,2:2,none,1,459,3,dia,46,1,1,none,1,high,0.2390459400533245,49,18,229,5,5,9,53,0,0,2,Standard_480p_60fps_10s
626,1,all,2,1.2206763118591664,0,0,1,8,50.3301403421661,2:2,none,1,459,3,dia,46,1,1,none,1,high,0.2390459400533245,33,18,229,5,5,9,53,0,0,1,Standard_480p_60fps_10s
626,1,all,1,1.2206763118591664,0,0,1,8,50.3301403421661,-1:1,none,1,459,4,dia,46,1,1,none,1,baseline,0.2390459400533245,33,14,190,7,5,9,20,0,0,2,Standard_480p_60fps_10s
1165,1,none,1,0.7784860825527258,0,3,0,-10,49.02460540915592,-4:4,temporal,1,221,4,hex,42,0,0,none,1,baseline,0.7638959016050976,26,4,185,4,15,4,53,0,0,2,Standard_480p_60fps_10s
626,1,p4x4,1,1.2206763118591664,0,0,1,8,50.3301403421661,2:2,none,1,459,4,dia,40,1,1,none,1,high,0.2390459400533245,49,18,229,5,5,9,53,0,0,2,Standard_480p_60fps_10s
117,1,all,1,1.2206763118591664,0,0,1,8,6.671316431540841,2:2,none,1,459,4,dia,46,0,1,vbr,1,baseline,0.2390459400533245,33,14,229,7,5,8,53,0,0,1,Standard_480p_60fps_10s
626,1,none,2,1.2206763118591664,0,0,0,-3,17.350326819752244,2:2,none,1,459,4,dia,46,1,1,none,1,high,0.2390459400533245,33,18,229,5,18,9,53,0,0,1,Standard_480p_60fps_10s
2290,1,"p8x8,b8x8,i8x8,i4x4",1,1.2206763118591664,0,8,1,8,25.877659767285067,2:2,none,1,55,4,esa,46,1,1,none,1,baseline,0.8843341433892122,33,14,136,7,100,9,53,0,0,1,Standard_480p_60fps_10s
1165,1,none,1,0.7784860825527258,0,3,0,-10,50.3301403421661,2:2,spatial,1,459,3,dia,46,0,1,none,1,high,0.2390459400533245,49,18,229,5,5,9,52,0,0,2,Standard_480p_60fps_10s
2290,1,"p8x8,b8x8,i8x8,i4x4",1,0.0273679367923854,0,10,1,-12,48.98979055395992,6:6,none,1,477,2,umh,46,0,1,none,1,baseline,0.2390459400533245,33,14,190,7,5,2,20,0,0,2,Standard_480p_60fps_10s
727,1,"p8x8,b8x8,i8x8,i4x4",1,1.0029606651469845,0,10,1,-12,32.94144844997256,6:6,none,1,477,2,hex,49,0,1,vbr,1,high,0.2390459400533245,49,18,229,5,5,5,53,0,0,2,Standard_480p_60fps_10s
1165,1,none,1,0.7784860825527258,0,3,0,-10,49.02460540915592,0:0,temporal,1,221,4,hex,42,0,0,none,1,baseline,0.7638959016050976,26,4,185,4,5,8,53,0,0,1,Standard_480p_60fps_10s
626,1,p4x4,3,1.640837434919031,0,0,1,8,31.53640878592952,2:2,none,1,459,3,dia,46,1,1,none,1,high,0.2390459400533245,33,14,229,5,5,9,53,0,0,2,Standard_480p_60fps_10s
625,1,p4x4,2,0.9870357695477202,2,10,0,0,28.568413039947632,-3:3,spatial,0,53,2,tesa,28,1,1,none,0,high,0.9614790448041663,36,16,25,3,86,2,24,0,1,2,Standard_720p_60fps_20s
625,1,p4x4,2,0.9870357695477202,1,10,0,0,28.64779982514085,-3:3,auto,0,199,4,dia,28,1,1,none,1,baseline,0.2536837837952118,36,16,25,3,86,2,24,1,1,0,Standard_720p_60fps_20s
625,1,p4x4,1,0.9870357695477202,1,10,0,0,28.64779982514085,-3:3,auto,0,199,4,dia,28,1,1,none,0,baseline,0.8033585026620205,51,16,25,3,86,2,27,0,1,1,Standard_720p_60fps_20s
1381,0,none,2,0.8386707997446446,0,5,1,6,12.160825193039496,1:1,none,1,127,2,dia,51,0,1,vbr,0,high,0.3616718805364829,48,15,239,5,55,2,47,2,0,2,Standard_720p_60fps_20s
1381,0,none,2,0.8386707997446446,0,5,1,6,12.160825193039496,1:1,none,1,127,2,dia,42,0,1,vbr,0,high,0.3616718805364829,48,15,239,5,55,2,0,2,0,2,Standard_720p_60fps_20s
7,0,p8x8,2,0.8386707997446446,0,3,1,5,50.5766849853959,1:1,temporal,0,127,2,hex,51,0,0,vbr,0,high,0.1724828560371048,37,15,239,5,48,2,47,0,0,1,Standard_720p_60fps_20s
625,1,p4x4,2,0.9870357695477202,2,10,0,0,27.72758455764944,-3:3,auto,0,332,3,dia,28,1,1,none,0,baseline,0.8033585026620205,36,16,25,3,86,2,27,0,1,1,Standard_720p_60fps_20s
2356,1,all,1,0.5839624825528852,1,16,0,0,28.64779982514085,-3:3,auto,1,199,1,dia,28,1,1,none,0,baseline,0.1174092957131501,36,18,25,3,86,2,26,0,1,2,Standard_720p_60fps_20s
625,1,p4x4,2,0.858969928340521,2,10,0,0,28.64779982514085,-3:3,temporal,0,199,0,dia,28,1,1,none,0,main,0.2536837837952118,36,16,25,3,86,2,24,0,1,2,Standard_720p_60fps_20s
625,1,p4x4,2,0.9870357695477202,2,10,0,0,45.061290920138205,-3:3,auto,0,199,3,dia,28,1,1,none,0,baseline,0.2626474958660849,36,16,25,3,86,2,45,0,1,1,Standard_720p_60fps_20s
2356,1,all,1,0.5839624825528852,1,10,0,0,28.64779982514085,-3:3,auto,0,199,0,dia,28,1,1,none,0,high,0.2536837837952118,36,16,25,3,86,2,24,0,1,2,Standard_720p_60fps_20s
625,1,p4x4,2,0.9870357695477202,2,10,0,0,28.64779982514085,-3:3,auto,0,199,0,dia,28,1,1,none,0,baseline,0.2536837837952118,36,16,25,3,86,2,24,0,1,2,Standard_720p_60fps_20s
2356,1,all,2,0.858969928340521,2,10,0,0,28.64779982514085,-3:3,temporal,0,199,0,dia,28,1,1,none,0,main,0.2536837837952118,36,16,25,3,86,2,24,0,1,2,Standard_720p_60fps_20s
2356,1,all,1,0.5839624825528852,1,10,0,0,28.64779982514085,-3:3,auto,0,199,0,dia,28,1,1,none,0,baseline,0.2536837837952118,36,16,25,3,86,2,63,0,1,2,Standard_720p_60fps_20s
2356,1,all,2,0.858969928340521,1,10,0,0,28.64779982514085,-3:3,temporal,0,199,0,dia,28,1,1,none,0,baseline,0.8033585026620205,51,16,25,3,86,2,27,0,1,1,Standard_720p_60fps_20s
1381,1,p4x4,2,0.9870357695477202,2,10,0,0,45.061290920138205,-3:3,auto,0,199,3,dia,28,1,1,none,0,baseline,0.2626474958660849,36,16,44,3,86,2,45,2,1,1,Standard_720p_60fps_20s
625,1,all,1,0.5839624825528852,1,10,0,0,28.64779982514085,-3:3,auto,0,199,0,dia,28,1,1,none,0,baseline,0.2536837837952118,36,16,25,3,86,2,63,0,1,2,Standard_720p_60fps_20s
625,1,p4x4,3,0.9870357695477202,2,10,0,0,45.061290920138205,4:4,auto,1,199,3,dia,28,1,1,none,0,baseline,0.2626474958660849,36,16,25,3,86,2,45,0,1,1,Standard_720p_60fps_20s
625,1,p4x4,2,0.9870357695477202,2,10,0,0,28.64779982514085,-3:3,auto,0,199,4,dia,28,1,1,none,1,baseline,0.2536837837952118,36,16,25,3,86,2,24,2,0,2,Standard_720p_60fps_20s
2356,1,all,2,0.858969928340521,2,10,0,9,29.58495568862226,4:4,temporal,0,51,0,esa,9,1,0,vbr,0,high,0.3616718805364829,27,10,44,12,18,1,50,0,1,1,Standard_720p_60fps_20s
737,1,none,2,1.446056235059237,0,12,1,-4,34.975950955313785,-5:5,spatial,1,266,4,tesa,47,1,0,vbr,1,high,0.5113352790318704,48,14,176,5,26,1,21,0,1,1,Still_image_480p_30fps_15s
737,1,none,2,1.446056235059237,0,12,1,-4,34.975950955313785,-1:1,spatial,1,40,4,tesa,47,1,0,vbr,1,high,0.5113352790318704,48,14,176,5,26,1,21,0,1,0,Still_image_480p_30fps_15s
737,1,none,2,1.446056235059237,0,14,1,-1,3.973377611017614,-5:5,auto,1,266,4,tesa,47,1,0,vbr,1,high,0.5113352790318704,48,14,176,5,26,1,21,0,1,1,Still_image_480p_30fps_15s
737,1,none,2,1.446056235059237,0,12,1,-4,34.975950955313785,-1:1,spatial,1,40,4,tesa,47,1,0,vbr,1,high,0.5113352790318704,48,10,176,5,26,1,21,0,1,0,Still_image_480p_30fps_15s
2290,1,none,2,1.446056235059237,0,12,1,-4,34.975950955313785,-5:5,spatial,1,266,4,tesa,47,1,0,vbr,1,high,0.5113352790318704,48,14,176,5,26,1,21,0,1,1,Still_image_480p_30fps_15s
2290,1,none,1,0.9358898370444286,0,12,1,-12,34.975950955313785,-5:5,spatial,1,266,4,tesa,47,1,0,vbr,1,high,0.5113352790318704,48,14,176,5,26,1,21,0,1,0,Still_image_480p_30fps_15s
737,1,none,2,1.1833143339903518,0,14,1,-1,3.973377611017614,-5:5,auto,1,266,4,hex,47,1,0,vbr,1,high,0.5113352790318704,48,14,176,5,26,1,21,0,1,1,Still_image_480p_30fps_15s
737,1,none,2,1.446056235059237,0,14,1,-1,3.973377611017614,-5:5,auto,1,266,4,tesa,47,0,0,vbr,1,high,0.5113352790318704,48,14,176,5,26,1,21,0,1,1,Still_image_480p_30fps_15s
737,1,none,2,1.446056235059237,0,12,1,-4,34.975950955313785,-5:5,spatial,1,40,4,tesa,47,1,0,vbr,1,high,0.5113352790318704,48,10,176,5,26,1,21,0,1,0,Still_image_480p_30fps_15s
737,1,none,3,1.2903153917733805,0,12,1,-4,34.975950955313785,-1:1,spatial,0,40,4,tesa,47,1,0,vbr,1,high,0.5113352790318704,48,10,176,5,26,1,21,0,1,0,Still_image_480p_30fps_15s
737,1,none,2,1.446056235059237,0,12,1,-4,34.975950955313785,-1:1,spatial,1,40,4,tesa,47,1,0,vbr,1,high,0.5113352790318704,24,10,176,15,36,11,29,1,1,2,Still_image_480p_30fps_15s
2290,1,none,1,0.9358898370444286,0,12,1,-12,34.975950955313785,-1:1,spatial,1,40,4,tesa,47,1,0,vbr,1,high,0.9869404130141588,48,10,60,5,26,1,40,0,1,2,Still_image_480p_30fps_15s
737,1,none,2,1.446056235059237,0,12,1,-4,34.975950955313785,-1:1,spatial,1,40,4,hex,47,1,0,vbr,1,high,0.5113352790318704,48,1,87,11,91,2,35,2,1,0,Still_image_480p_30fps_15s
737,1,none,2,1.446056235059237,0,12,1,-4,34.975950955313785,-5:5,spatial,1,266,4,tesa,47,1,0,vbr,1,high,0.5157273922347277,48,14,176,5,26,1,21,0,1,1,Still_image_480p_30fps_15s
737,1,none,2,1.446056235059237,0,12,1,-4,34.975950955313785,-5:5,auto,1,40,4,tesa,47,1,0,vbr,1,high,0.5113352790318704,24,10,176,15,36,11,29,1,1,2,Still_image_480p_30fps_15s
2290,1,none,1,0.9358898370444286,0,12,1,-12,34.975950955313785,-5:5,spatial,0,40,4,tesa,47,1,0,none,1,high,0.5113352790318704,48,10,176,5,26,1,21,0,1,0,Still_image_480p_30fps_15s
1120,1,none,2,1.446056235059237,0,12,1,-4,34.975950955313785,-1:1,none,0,40,4,tesa,47,1,0,vbr,1,high,0.5113352790318704,48,10,176,5,26,1,21,0,1,0,Still_image_480p_30fps_15s
737,1,none,2,1.446056235059237,0,14,1,11,3.973377611017614,-5:5,auto,1,266,4,tesa,47,0,1,vbr,1,high,0.5113352790318704,48,10,176,13,26,1,21,0,1,1,Still_image_480p_30fps_15s
2290,1,none,3,0.9358898370444286,0,12,1,-12,34.975950955313785,-1:1,spatial,0,40,4,tesa,47,1,0,vbr,1,high,0.5113352790318704,48,10,176,5,26,1,21,0,1,0,Still_image_480p_30fps_15s
737,1,none,3,1.2903153917733805,0,12,1,-4,34.975950955313785,-1:1,spatial,0,40,4,tesa,47,1,0,vbr,1,high,0.9869404130141588,48,8,60,5,26,1,40,0,1,2,Still_image_480p_30fps_15s
737,1,none,2,1.446056235059237,0,12,1,-4,34.975950955313785,-5:5,spatial,1,266,4,tesa,64,0,1,none,1,baseline,0.3790216049458798,49,16,201,15,36,11,29,1,1,2,Action_1080p_60fps_15s
737,1,none,2,1.1833143339903518,0,14,0,-1,3.973377611017614,-5:5,auto,1,266,2,hex,47,1,0,vbr,0,high,0.5113352790318704,48,14,176,5,26,1,21,0,1,1,Action_1080p_60fps_15s
737,1,none,2,1.3285780518934895,0,14,0,-1,3.973377611017614,-5:5,auto,1,464,2,hex,47,1,0,vbr,1,high,0.5113352790318704,48,14,176,5,26,1,21,0,1,1,Action_1080p_60fps_15s
2290,1,none,1,1.4102660069694537,0,12,1,-12,47.93613899133524,-5:5,spatial,1,266,2,hex,47,1,0,vbr,0,high,0.5113352790318704,48,14,176,5,26,1,21,0,0,1,Action_1080p_60fps_15s
737,1,none,2,1.446056235059237,0,12,1,-4,34.975950955313785,-5:5,spatial,1,266,4,tesa,47,1,0,vbr,1,high,0.5113352790318704,48,14,176,5,26,1,21,0,1,1,Action_1080p_60fps_15s
737,1,none,2,1.446056235059237,0,12,1,-4,34.975950955313785,-5:5,spatial,1,40,4,tesa,47,1,0,vbr,1,high,0.5113352790318704,48,10,176,5,26,1,21,0,1,0,Action_1080p_60fps_15s
737,1,none,2,1.446056235059237,0,14,1,-1,3.973377611017614,-5:5,auto,1,266,4,tesa,47,0,0,vbr,1,high,0.5113352790318704,48,14,176,5,26,1,21,0,1,1,Action_1080p_60fps_15s
737,1,none,2,1.1833143339903518,0,14,1,-1,3.973377611017614,-5:5,auto,1,266,4,hex,47,1,0,vbr,1,high,0.5113352790318704,48,14,176,5,26,1,21,0,1,1,Action_1080p_60fps_15s
737,1,none,3,1.2903153917733805,0,12,1,-4,34.975950955313785,-1:1,spatial,0,40,4,tesa,47,1,0,vbr,1,high,0.5113352790318704,48,10,176,5,26,1,21,0,1,0,Action_1080p_60fps_15s
2290,1,none,2,1.446056235059237,0,12,1,-4,34.975950955313785,-5:5,spatial,1,266,4,tesa,47,1,0,vbr,1,high,0.5113352790318704,48,14,176,5,26,1,21,0,1,1,Action_1080p_60fps_15s
737,1,none,2,1.446056235059237,0,12,1,-4,34.975950955313785,-1:1,spatial,1,40,4,tesa,47,1,0,vbr,1,high,0.5113352790318704,48,10,176,5,26,1,21,0,1,0,Action_1080p_60fps_15s
737,1,none,2,1.446056235059237,0,14,1,-1,3.973377611017614,-5:5,auto,1,266,4,tesa,47,1,0,vbr,1,high,0.5113352790318704,48,14,176,5,26,1,21,0,1,1,Action_1080p_60fps_15s
737,1,none,2,1.446056235059237,0,12,1,-4,34.975950955313785,-1:1,spatial,1,40,4,tesa,47,1,0,vbr,1,high,0.5113352790318704,48,14,176,5,26,1,21,0,1,0,Action_1080p_60fps_15s
2290,1,none,1,0.9358898370444286,0,12,1,-12,34.975950955313785,-5:5,spatial,1,266,4,tesa,47,1,0,vbr,1,high,0.5113352790318704,48,14,176,5,26,1,21,0,1,0,Action_1080p_60fps_15s
2290,1,none,1,0.9358898370444286,0,12,1,-12,34.975950955313785,-5:5,spatial,1,266,4,tesa,36,1,0,vbr,1,high,0.5113352790318704,48,14,176,5,26,1,21,0,1,0,Action_1080p_60fps_15s
737,1,none,2,1.446056235059237,0,12,1,-4,45.145527151309096,-5:5,spatial,1,40,4,tesa,47,1,0,vbr,1,high,0.6600674791983947,48,10,178,8,26,1,21,0,1,0,Action_1080p_60fps_15s
737,1,none,2,1.446056235059237,0,14,1,-1,3.973377611017614,-5:5,auto,0,266,4,tesa,47,0,0,vbr,1,high,0.5113352790318704,48,10,28,14,26,1,21,0,1,1,Action_1080p_60fps_15s
2290,1,none,1,0.9358898370444286,0,12,1,-12,34.975950955313785,-5:5,auto,1,266,4,tesa,47,1,0,vbr,1,high,0.5113352790318704,48,11,165,3,21,1,2,2,1,0,Action_1080p_60fps_15s
737,1,none,2,1.446056235059237,0,14,1,-1,3.973377611017614,-5:5,auto,1,266,4,tesa,47,1,0,vbr,1,high,0.5113352790318704,48,15,163,5,26,1,21,0,1,1,Action_1080p_60fps_15s
737,1,none,2,1.3285780518934895,0,14,1,-1,3.973377611017614,-5:5,auto,1,266,4,tesa,47,1,0,vbr,1,main,0.5113352790318704,27,14,176,5,26,1,21,0,1,1,Action_1080p_60fps_15s
1895,1,p4x4,0,0.6295137611273145,1,0,0,5,37.28746632608682,4:4,spatial,1,373,4,hex,32,1,1,none,1,high,0.6775741695589723,48,4,92,2,13,1,24,2,1,2,Still_image_480p_60fps_5s
2355,1,p4x4,3,0.6295137611273145,1,0,0,5,37.28746632608682,4:4,spatial,1,373,4,hex,13,0,1,none,1,high,0.2374952707397156,48,4,92,2,64,1,14,0,1,2,Still_image_480p_60fps_5s
1445,1,p4x4,3,0.6295137611273145,0,0,0,5,37.28746632608682,4:4,spatial,1,51,4,esa,33,0,1,none,1,high,0.2374952707397156,48,4,21,2,81,11,24,0,1,2,Still_image_480p_60fps_5s
2192,1,p4x4,1,0.6295137611273145,2,0,0,5,49.376471962682494,4:4,spatial,0,259,3,dia,54,0,1,none,1,high,0.5266935083813419,48,4,92,2,81,0,14,0,1,2,Still_image_480p_60fps_5s
2355,1,p4x4,3,0.6295137611273145,1,0,0,5,37.28746632608682,4:4,spatial,1,373,4,hex,33,0,1,none,1,high,0.0191143923947614,48,4,92,2,81,1,24,0,1,2,Still_image_480p_60fps_5s
737,1,none,0,0.6728815118447868,1,0,0,5,27.62952644340477,2:-2,spatial,1,373,4,hex,32,1,1,none,1,high,0.6775741695589723,48,4,92,2,13,1,24,0,1,2,Still_image_480p_60fps_5s
1682,1,p4x4,0,0.6295137611273145,1,0,0,5,37.28746632608682,0:0,spatial,1,373,4,hex,32,1,1,none,1,high,0.5113352790318704,48,14,176,5,26,1,21,0,1,0,Still_image_480p_60fps_5s
2355,1,p4x4,3,0.6295137611273145,1,0,0,-12,37.28746632608682,5:5,spatial,1,373,4,hex,33,0,1,none,1,high,0.0191143923947614,48,4,92,2,81,1,24,0,1,2,Still_image_480p_60fps_5s
1895,1,"p8x8,b8x8,i8x8,i4x4",0,0.6295137611273145,1,0,0,5,37.28746632608682,4:4,spatial,0,373,4,hex,32,1,1,none,1,high,0.6775741695589723,48,4,43,5,39,1,21,0,1,1,Still_image_480p_60fps_5s
345,1,none,0,0.6295137611273145,1,0,0,5,36.070480628749735,-5:5,spatial,1,373,2,hex,32,1,1,none,1,high,0.6775741695589723,48,4,92,2,13,1,24,0,1,2,Still_image_480p_60fps_5s
1445,1,p4x4,1,0.6295137611273145,0,0,0,5,30.05254871618225,2:-2,spatial,1,373,4,hex,44,1,1,none,1,high,0.6775741695589723,48,4,92,2,13,1,24,0,0,2,Still_image_480p_60fps_5s
1895,1,p4x4,0,0.6295137611273145,1,0,0,5,37.28746632608682,4:4,spatial,1,373,4,hex,32,1,1,none,1,high,0.6775741695589723,40,4,92,2,13,1,24,1,1,2,Still_image_480p_60fps_5s
1895,1,p4x4,0,0.6295137611273145,1,0,0,5,37.28746632608682,4:4,spatial,1,373,4,hex,32,1,1,none,1,high,0.4565349857864967,48,4,92,2,13,1,24,2,1,2,Still_image_480p_60fps_5s
72,1,none,0,0.6295137611273145,0,10,0,5,37.28746632608682,0:0,spatial,1,373,4,hex,32,1,1,none,1,high,0.5113352790318704,48,14,176,5,26,1,21,0,1,2,Still_image_480p_60fps_5s
1991,1,p4x4,3,0.6295137611273145,1,1,0,5,37.28746632608682,4:4,spatial,1,373,4,hex,13,1,1,none,1,high,0.2374952707397156,48,4,92,12,64,1,14,0,1,1,Still_image_480p_60fps_5s
737,1,none,2,1.3285780518934895,0,14,0,5,30.05254871618225,2:-2,spatial,1,373,4,hex,44,1,1,none,1,high,0.6775741695589723,48,4,92,2,13,1,24,0,0,2,Still_image_480p_60fps_5s
1991,1,p4x4,0,0.6295137611273145,0,0,0,5,37.28746632608682,4:4,spatial,1,373,2,hex,32,1,1,none,1,high,0.6775741695589723,48,4,92,1,13,1,24,2,1,2,Still_image_480p_60fps_5s
737,0,none,0,0.6728815118447868,1,11,0,5,27.62952644340477,2:-2,spatial,1,373,4,hex,32,1,1,none,1,high,0.6775741695589723,40,4,92,2,13,4,24,1,1,2,Still_image_480p_60fps_5s
1895,0,p4x4,0,0.6295137611273145,1,0,0,5,37.28746632608682,5:5,spatial,1,373,4,hex,32,1,1,none,1,high,0.6775741695589723,48,8,92,2,13,1,24,0,1,2,Still_image_480p_60fps_5s
1445,1,p4x4,3,0.6295137611273145,0,0,0,5,37.28746632608682,4:4,spatial,1,373,4,esa,33,0,1,none,1,high,0.0191143923947614,48,4,92,8,81,1,24,0,1,2,Still_image_480p_60fps_5s
260,1,p4x4,1,1.831088268337472,2,13,0,6,27.161539979237823,2:2,spatial,1,346,4,dia,38,0,0,none,0,main,0.8574329461146062,47,19,149,5,69,2,20,0,0,1,Action_720p_60fps_15s
260,1,p4x4,1,1.831088268337472,2,13,0,6,27.161539979237823,2:2,spatial,1,346,4,dia,38,0,0,none,0,baseline,0.8574329461146062,47,19,80,2,0,7,44,2,0,0,Action_720p_60fps_15s
260,1,p4x4,1,1.831088268337472,2,13,0,6,27.161539979237823,6:6,spatial,1,346,4,dia,38,0,1,none,0,baseline,0.8574329461146062,39,1,187,1,49,9,15,1,0,2,Action_720p_60fps_15s
260,1,p4x4,0,1.831088268337472,2,16,0,6,27.161539979237823,2:2,spatial,1,346,4,dia,38,0,0,none,0,main,0.8574329461146062,47,19,149,5,69,2,20,0,0,1,Action_720p_60fps_15s
260,1,p4x4,1,1.831088268337472,1,13,0,6,27.161539979237823,6:6,spatial,1,269,4,dia,38,0,0,none,0,main,0.8574329461146062,47,19,149,5,69,2,20,0,0,1,Action_720p_60fps_15s
260,1,p4x4,1,1.831088268337472,1,13,0,6,27.161539979237823,2:2,none,1,346,4,dia,38,0,0,none,0,main,0.8574329461146062,47,19,149,5,69,2,20,0,0,1,Action_720p_60fps_15s
260,0,p4x4,1,1.831088268337472,2,13,0,6,27.161539979237823,2:2,spatial,1,346,2,hex,38,0,0,vbr,0,main,0.8574329461146062,47,19,80,2,0,7,55,0,0,2,Action_720p_60fps_15s
260,1,p4x4,3,1.831088268337472,1,13,0,6,6.324436376188009,6:6,spatial,1,269,4,dia,38,0,0,vbr,0,main,0.8574329461146062,47,19,80,2,0,7,55,0,0,2,Action_720p_60fps_15s
260,0,p4x4,1,1.831088268337472,2,13,0,6,27.161539979237823,2:2,spatial,1,346,2,hex,38,0,0,none,0,main,0.8574329461146062,47,0,149,5,69,2,20,0,0,1,Action_720p_60fps_15s
415,0,p4x4,1,1.1843707255569822,2,13,0,-10,27.161539979237823,-4:4,spatial,1,346,2,hex,6,0,0,vbr,0,main,0.8574329461146062,47,19,80,2,0,7,55,0,0,2,Action_720p_60fps_15s
260,1,p4x4,1,1.5429407499260708,1,13,0,6,27.161539979237823,6:6,spatial,1,269,4,dia,38,0,0,none,0,main,0.8574329461146062,47,19,149,5,51,2,20,0,0,1,Action_720p_60fps_15s
260,1,p4x4,1,1.831088268337472,1,13,0,6,27.161539979237823,2:2,spatial,1,269,4,dia,38,0,0,none,0,main,0.8574329461146062,47,19,149,3,4,2,20,2,0,1,Action_720p_60fps_15s
260,1,p4x4,1,1.831088268337472,1,13,0,6,27.161539979237823,6:6,spatial,1,269,4,dia,38,0,0,none,0,main,0.8574329461146062,20,19,149,5,69,2,20,0,0,1,Action_720p_60fps_15s
469,0,p8x8,3,1.9388859071863007,0,9,1,-12,27.88001428928656,4:-4,auto,0,20,4,hex,20,0,0,vbr,1,baseline,0.0833025022174705,28,10,149,12,23,0,20,0,0,1,Action_720p_60fps_15s
435,1,p4x4,1,1.6895316086257244,0,11,1,8,45.53118017738864,0:0,temporal,1,311,0,umh,52,1,1,vbr,1,baseline,0.2420653603365288,42,19,80,2,0,7,55,0,0,0,Action_720p_60fps_15s
435,1,p4x4,1,1.6895316086257244,1,11,1,8,45.53118017738864,0:0,temporal,1,311,0,umh,52,1,1,cbr,1,baseline,0.2420653603365288,42,19,80,2,0,7,55,0,0,0,Action_720p_60fps_15s
435,1,p4x4,1,1.6895316086257244,1,11,1,8,45.53118017738864,0:0,temporal,1,311,0,umh,52,1,1,cbr,1,baseline,0.2420653603365288,42,19,80,2,0,7,55,0,0,2,Action_720p_60fps_15s
1011,1,none,0,0.7841382476494912,0,13,1,7,37.37799214063269,4:-4,temporal,1,34,0,esa,63,1,1,vbr,1,high,0.2420653603365288,22,19,80,2,0,7,55,0,0,0,Action_720p_60fps_15s
435,1,p4x4,1,1.6895316086257244,0,11,1,8,45.53118017738864,0:0,temporal,0,311,0,umh,52,1,1,vbr,1,baseline,0.2420653603365288,42,19,80,13,0,7,15,1,0,2,Action_720p_60fps_15s
260,1,none,2,1.1536539324358672,1,13,1,7,37.37799214063269,4:-4,auto,0,406,0,umh,20,1,1,vbr,1,baseline,0.0833025022174705,28,10,149,12,23,0,20,0,0,1,Action_720p_60fps_15s
1978,1,none,2,1.1605122648671369,0,2,1,11,12.48460094319834,4:-4,auto,0,396,0,esa,59,0,0,vbr,1,high,0.6903125854136487,40,16,30,8,64,0,10,2,1,2,Still_image_720p_30fps_5s
1370,0,p4x4,0,1.1605122648671369,2,14,1,11,12.48460094319834,5:5,auto,1,189,0,dia,54,0,1,none,0,high,0.6493532546000097,48,10,92,5,80,0,51,0,0,0,Still_image_720p_30fps_5s
1992,1,p4x4,0,1.1605122648671369,2,14,1,11,12.48460094319834,5:5,auto,1,51,0,dia,54,0,1,vbr,0,baseline,0.6493532546000097,48,4,92,5,80,0,51,0,0,0,Still_image_720p_30fps_5s
1992,1,p4x4,0,1.1605122648671369,2,14,1,11,47.06801152717578,5:5,auto,1,51,0,dia,54,0,1,none,0,baseline,0.6493532546000097,48,10,92,5,80,0,51,0,0,0,Still_image_720p_30fps_5s
1370,0,p4x4,0,1.1605122648671369,2,8,1,11,15.77351011554549,5:5,auto,1,189,0,dia,54,0,1,vbr,0,baseline,0.6493532546000097,48,4,92,5,65,0,51,0,0,0,Still_image_720p_30fps_5s
1992,1,p4x4,0,1.1605122648671369,2,14,1,11,12.48460094319834,5:5,auto,1,51,0,dia,54,0,1,none,0,baseline,0.6493532546000097,48,4,92,5,80,0,51,0,0,0,Still_image_720p_30fps_5s
1992,1,p4x4,0,1.1605122648671369,2,14,1,11,11.363472242034335,5:5,auto,1,51,0,dia,50,0,1,none,0,baseline,0.6493532546000097,48,4,92,5,80,0,51,0,0,0,Still_image_720p_30fps_5s
1370,1,p4x4,0,1.1605122648671369,2,14,1,11,12.48460094319834,5:5,auto,1,51,0,dia,54,0,1,vbr,0,baseline,0.6493532546000097,48,4,92,5,80,0,51,0,0,0,Still_image_720p_30fps_5s
1992,1,p4x4,0,1.1605122648671369,2,14,1,11,11.363472242034335,5:5,auto,1,394,0,dia,50,0,1,none,0,baseline,0.6493532546000097,48,4,92,5,80,0,51,0,0,0,Still_image_720p_30fps_5s
1370,1,p4x4,0,1.1605122648671369,2,14,1,11,12.48460094319834,5:5,auto,1,33,3,dia,54,0,1,vbr,0,baseline,0.6493532546000097,39,4,92,5,80,6,51,0,0,1,Still_image_720p_30fps_5s
1370,0,all,0,1.1605122648671369,2,8,1,11,15.77351011554549,5:5,auto,1,189,0,dia,54,0,1,vbr,0,high,0.6493532546000097,21,4,92,5,65,0,51,0,0,0,Still_image_720p_30fps_5s
1370,1,p4x4,0,1.1605122648671369,2,4,1,11,15.77351011554549,5:5,auto,1,413,0,dia,54,0,1,vbr,0,baseline,0.6493532546000097,48,4,92,5,65,0,51,0,0,0,Still_image_720p_30fps_5s
1992,1,p4x4,0,1.1605122648671369,2,14,1,11,12.48460094319834,-3:3,auto,1,51,0,dia,54,0,1,vbr,0,baseline,0.6493532546000097,48,4,92,5,80,0,51,0,0,0,Still_image_720p_30fps_5s
1370,0,p4x4,0,1.1605122648671369,2,8,1,11,15.77351011554549,5:5,auto,1,189,0,dia,54,1,1,vbr,0,baseline,0.7623057508182202,48,4,92,5,65,0,51,0,0,0,Still_image_720p_30fps_5s
1992,1,p4x4,0,1.1605122648671369,2,14,1,11,12.48460094319834,5:5,auto,1,51,0,dia,54,0,1,cbr,0,baseline,0.6493532546000097,48,4,92,8,80,0,51,0,0,0,Still_image_720p_30fps_5s
1992,1,p4x4,0,1.1605122648671369,2,14,1,11,12.48460094319834,5:5,auto,1,434,0,dia,54,0,1,vbr,0,baseline,0.6493532546000097,48,4,92,5,80,0,51,0,0,0,Still_image_720p_30fps_5s
1370,1,p4x4,0,1.1605122648671369,2,14,1,11,24.211308213943283,-3:3,auto,1,51,0,dia,54,0,1,vbr,0,baseline,0.194850765930418,48,4,92,5,80,0,51,1,0,0,Still_image_720p_30fps_5s
1966,0,none,1,0.331644857081022,2,0,1,8,12.48460094319834,5:5,auto,1,51,0,dia,54,0,1,vbr,0,baseline,0.6493532546000097,48,4,152,13,80,0,51,0,0,0,Still_image_720p_30fps_5s
522,1,p4x4,0,1.1605122648671369,2,4,1,11,15.77351011554549,5:5,auto,1,88,4,dia,54,0,1,vbr,0,baseline,0.6493532546000097,48,4,92,5,65,0,51,0,0,0,Still_image_720p_30fps_5s
1370,0,p4x4,0,1.1605122648671369,2,8,1,11,15.77351011554549,5:5,auto,1,189,0,dia,54,0,1,vbr,0,baseline,0.6493532546000097,48,4,92,5,22,0,63,0,0,0,Still_image_720p_30fps_5s
2192,1,p4x4,3,0.6295137611273145,2,8,1,-8,34.94113631934421,-4:4,temporal,0,234,0,hex,54,1,0,none,0,baseline,0.7214316074693485,25,13,141,7,7,0,0,2,1,1,Action_720p_30fps_10s
2192,1,p4x4,3,0.6295137611273145,2,8,1,-8,34.94113631934421,-4:4,temporal,0,234,3,hex,54,1,0,none,0,baseline,0.7214316074693485,25,16,141,7,7,0,0,1,1,2,Action_720p_30fps_10s
2192,1,p4x4,3,0.6295137611273145,2,0,1,5,34.94113631934421,-4:4,temporal,0,234,3,hex,54,1,0,none,0,baseline,0.7214316074693485,25,16,141,7,7,0,0,1,1,2,Action_720p_30fps_10s
2192,1,p4x4,3,1.4234664276334543,0,0,1,5,47.22326760443185,4:4,spatial,1,259,4,dia,54,0,1,none,1,high,0.5266935083813419,48,4,92,2,40,1,24,0,1,2,Action_720p_30fps_10s
2192,1,"p8x8,b8x8,i8x8,i4x4",3,0.6295137611273145,0,0,1,5,37.28746632608682,4:4,auto,1,227,4,umh,13,0,1,none,1,high,0.2374952707397156,48,4,5,7,2,0,53,1,1,2,Action_720p_30fps_10s
2192,1,p4x4,3,0.6295137611273145,0,0,1,5,37.28746632608682,4:4,spatial,1,51,4,hex,13,0,1,none,1,high,0.2374952707397156,48,4,92,2,81,11,24,0,1,2,Action_720p_30fps_10s
2192,1,p4x4,3,0.6295137611273145,1,0,1,5,28.454209709486804,4:4,spatial,0,51,4,hex,13,0,1,none,1,high,0.2374952707397156,48,4,92,2,81,11,24,0,1,2,Action_720p_30fps_10s
284,1,p4x4,3,1.4234664276334543,0,0,1,5,47.22326760443185,4:4,spatial,1,259,4,dia,34,0,1,none,1,baseline,0.2374952707397156,48,4,5,7,2,0,7,1,1,2,Action_720p_30fps_10s
2192,1,p4x4,3,1.1860709525261754,0,0,1,5,37.28746632608682,4:4,spatial,1,51,4,hex,13,0,1,none,1,high,0.2374952707397156,48,4,92,2,81,4,24,0,1,2,Action_720p_30fps_10s
284,0,p4x4,3,1.4234664276334543,0,0,1,9,47.22326760443185,4:4,spatial,1,259,4,dia,34,0,0,none,1,high,0.2374952707397156,48,4,5,7,2,0,53,1,1,2,Action_720p_30fps_10s
284,0,p4x4,3,1.4234664276334543,0,0,1,5,47.22326760443185,4:4,spatial,1,259,4,dia,34,0,1,none,1,high,0.5266935083813419,48,4,92,2,20,1,24,2,1,2,Action_720p_30fps_10s
284,1,p4x4,3,1.3443051931077403,0,0,1,5,41.81590507542296,2:-2,spatial,1,51,4,tesa,13,0,1,none,1,high,0.2374952707397156,48,4,92,2,81,4,24,0,1,2,Action_720p_30fps_10s
2192,1,p4x4,3,0.6295137611273145,0,0,1,5,37.28746632608682,4:4,spatial,1,51,4,hex,13,0,1,none,1,high,0.2374952707397156,48,4,92,2,81,11,24,0,0,2,Action_720p_30fps_10s
2078,1,p4x4,3,0.6295137611273145,2,0,1,-5,34.94113631934421,-4:4,temporal,0,339,3,hex,51,0,1,none,1,high,0.2374952707397156,48,4,5,7,2,0,53,1,1,2,Action_720p_30fps_10s
1895,0,"p8x8,b8x8,i8x8,i4x4",3,0.1365659052313487,0,12,1,-7,42.07241128200896,5:5,temporal,0,38,2,tesa,12,1,0,none,1,baseline,0.6493532546000097,32,4,201,1,59,0,2,0,0,0,Action_720p_30fps_10s
284,0,p4x4,3,0.4306707641540503,0,0,1,9,15.385152606936554,4:4,spatial,1,259,4,dia,54,1,0,none,1,high,0.5266935083813419,48,4,92,7,40,1,24,0,1,2,Action_720p_30fps_10s
370,0,p8x8,2,0.955156668830312,2,3,0,6,43.66582766566449,-2:2,temporal,0,415,3,tesa,29,0,0,none,1,baseline,0.1057329725397425,20,13,250,3,47,10,54,0,0,0,Action_720p_30fps_10s
370,0,p8x8,2,0.955156668830312,2,3,0,6,43.66582766566449,-2:2,temporal,0,415,4,tesa,29,0,0,none,1,main,0.1057329725397425,20,13,250,3,47,10,54,0,0,0,Action_720p_30fps_10s
2192,1,p4x4,3,0.6295137611273145,2,0,1,-12,49.376471962682494,4:4,spatial,1,259,4,dia,54,0,1,none,1,baseline,0.6493532546000097,48,4,92,2,40,1,24,2,1,2,Action_720p_30fps_10s
2192,1,p4x4,3,0.6295137611273145,2,0,1,5,49.376471962682494,4:4,spatial,1,259,4,dia,54,0,1,none,1,baseline,0.6493532546000097,48,4,92,2,40,1,24,2,1,2,Action_720p_30fps_10s
1692,1,p4x4,0,0.1752806789959263,1,8,0,-10,49.02460540915592,-4:4,temporal,0,221,4,hex,42,0,0,none,1,main,0.7638959016050976,26,4,185,4,15,4,53,0,0,2,Standard_720p_30fps_20s
1637,0,p4x4,2,1.2619415973179955,1,8,0,-10,49.02460540915592,-4:4,temporal,0,221,4,hex,42,0,0,none,1,main,0.8843341433892122,33,14,136,7,100,9,53,0,1,1,Standard_720p_30fps_20s
2095,1,p4x4,0,0.1752806789959263,1,8,0,-10,49.02460540915592,-4:4,temporal,0,241,4,hex,42,0,0,none,1,main,0.7638959016050976,35,4,185,4,15,3,53,0,0,2,Standard_720p_30fps_20s
1692,0,p4x4,0,0.1752806789959263,1,8,0,-10,49.02460540915592,-4:4,temporal,0,221,2,hex,14,0,0,none,1,main,0.8843341433892122,33,14,136,7,100,9,53,0,0,1,Standard_720p_30fps_20s
1637,0,p4x4,2,1.2619415973179955,2,8,0,-10,4.091556476712841,-4:4,temporal,0,221,4,hex,42,0,0,none,1,main,0.7638959016050976,26,4,185,4,15,4,53,1,0,2,Standard_720p_30fps_20s
1637,0,p4x4,2,1.2619415973179955,1,8,0,-10,49.02460540915592,-4:4,temporal,0,221,1,hex,42,0,0,none,1,main,0.8843341433892122,33,14,229,7,25,8,53,0,0,1,Standard_720p_30fps_20s
626,1,all,2,1.2206763118591664,0,0,1,8,50.3301403421661,2:2,none,1,459,3,dia,46,1,1,none,1,high,0.2390459400533245,33,18,229,5,5,9,53,0,0,1,Standard_720p_30fps_20s
626,1,p4x4,2,1.2206763118591664,0,0,1,8,50.3301403421661,2:2,none,1,459,3,dia,46,1,1,none,1,high,0.2390459400533245,49,18,229,5,5,9,53,0,0,2,Standard_720p_30fps_20s
626,1,all,3,1.2206763118591664,0,0,1,8,50.3301403421661,2:2,none,1,459,4,dia,46,1,1,none,1,high,0.2390459400533245,33,14,229,5,5,9,53,0,0,2,Standard_720p_30fps_20s
626,1,all,1,1.2206763118591664,0,0,1,8,50.3301403421661,-1:1,none,1,459,4,dia,46,1,1,none,1,baseline,0.2390459400533245,33,14,190,7,5,9,20,0,0,2,Standard_720p_30fps_20s
626,1,p4x4,2,1.2206763118591664,0,0,1,-12,50.3301403421661,2:2,none,1,459,3,dia,46,1,1,none,1,high,0.2390459400533245,49,18,229,5,5,9,53,0,0,2,Standard_720p_30fps_20s
1690,1,all,1,1.2206763118591664,0,0,1,8,6.671316431540841,2:2,none,1,459,4,dia,46,0,1,none,1,baseline,0.2390459400533245,33,14,229,7,5,8,53,0,0,1,Standard_720p_30fps_20s
626,1,all,1,1.2206763118591664,0,0,1,8,50.3301403421661,2:2,none,1,459,4,dia,46,1,1,none,1,baseline,0.2390459400533245,33,14,229,7,5,9,53,0,0,1,Standard_720p_30fps_20s
1165,1,none,1,0.7784860825527258,0,3,0,-10,49.02460540915592,-4:4,temporal,1,221,4,hex,42,0,0,none,1,baseline,0.7638959016050976,26,4,185,4,15,4,53,0,0,2,Standard_720p_30fps_20s
1165,1,none,1,0.7784860825527258,0,3,0,-10,49.02460540915592,-4:4,temporal,1,221,4,hex,42,0,0,none,1,baseline,0.7638959016050976,26,4,185,4,15,9,53,0,0,2,Standard_720p_30fps_20s
626,0,p8x8,2,1.2206763118591664,0,0,1,8,50.3301403421661,2:2,none,1,53,3,dia,46,1,1,none,1,baseline,0.2390459400533245,33,18,229,5,5,4,53,0,0,2,Standard_720p_30fps_20s
626,1,p4x4,2,1.2206763118591664,0,0,1,-12,50.3301403421661,2:2,none,1,459,3,dia,46,1,1,none,1,baseline,0.0635645907686055,33,14,190,7,5,0,20,0,0,2,Standard_720p_30fps_20s
626,1,all,1,1.2206763118591664,0,0,0,-11,6.671316431540841,2:2,none,1,374,4,dia,47,0,1,none,1,baseline,0.2390459400533245,33,14,229,7,5,8,53,0,0,1,Standard_720p_30fps_20s
1165,1,none,1,0.7784860825527258,0,13,1,-10,49.02460540915592,-4:4,none,1,221,1,hex,42,0,1,none,1,baseline,0.2390459400533245,32,14,229,7,5,8,53,0,1,1,Standard_720p_30fps_20s
1690,1,p4x4,1,1.2206763118591664,0,3,1,8,6.671316431540841,2:2,none,1,459,4,hex,46,1,1,none,1,baseline,0.2390459400533245,33,4,185,4,15,3,53,2,1,2,Standard_720p_30fps_20s
2192,1,p4x4,3,0.6295137611273145,0,0,1,5,37.28746632608682,4:4,spatial,1,51,4,hex,13,0,1,none,1,high,0.2374952707397156,48,4,92,2,81,11,24,0,1,2,Standard_720p_25fps_10s
2192,1,p4x4,3,1.4234664276334543,0,0,1,5,47.22326760443185,4:4,spatial,1,259,4,dia,54,0,1,none,1,high,0.5266935083813419,48,4,92,2,40,1,24,0,1,2,Standard_720p_25fps_10s
2192,1,"p8x8,b8x8,i8x8,i4x4",3,0.6295137611273145,0,0,1,5,37.28746632608682,4:4,auto,1,227,4,umh,13,0,1,none,1,high,0.2374952707397156,48,4,5,7,2,0,53,1,1,2,Standard_720p_25fps_10s
2355,1,p4x4,3,0.6295137611273145,1,10,0,10,47.22326760443185,4:4,spatial,0,259,4,dia,54,0,1,none,1,high,0.5266935083813419,48,4,92,2,40,1,24,2,1,2,Standard_720p_25fps_10s
2192,1,p4x4,3,0.6295137611273145,2,0,1,5,34.94113631934421,-4:4,auto,1,227,4,umh,13,0,1,none,1,high,0.2374952707397156,48,4,5,7,2,0,53,1,1,2,Standard_720p_25fps_10s
2192,1,p4x4,3,0.6295137611273145,2,0,1,5,37.28746632608682,4:4,spatial,1,51,4,hex,13,0,1,none,1,high,0.2374952707397156,48,4,154,2,81,3,24,0,1,2,Standard_720p_25fps_10s
2192,1,p4x4,3,0.6295137611273145,2,0,1,5,9.56312449782284,4:4,spatial,1,51,4,hex,13,0,1,none,1,high,0.9677988843865118,48,4,5,7,2,0,53,0,0,2,Standard_720p_25fps_10s
261,1,p4x4,3,1.4234664276334543,0,0,1,5,47.22326760443185,4:4,spatial,1,259,4,dia,54,0,1,none,1,high,0.0944772645797506,49,4,225,2,40,1,24,0,0,2,Standard_720p_25fps_10s
2192,1,p4x4,3,0.6295137611273145,2,0,1,5,34.94113631934421,-4:4,auto,1,227,4,umh,13,0,1,none,1,high,0.2374952707397156,48,15,5,7,2,0,53,1,0,2,Standard_720p_25fps_10s
2355,1,p4x4,3,0.6295137611273145,1,0,0,5,37.28746632608682,4:4,spatial,1,51,4,hex,33,0,1,none,1,high,0.2374952707397156,48,4,92,2,81,1,24,0,1,2,Standard_720p_25fps_10s
2355,1,p4x4,3,0.6295137611273145,1,0,0,5,37.28746632608682,4:4,spatial,1,373,4,hex,13,0,1,none,1,high,0.2374952707397156,48,4,92,2,64,11,24,0,1,2,Standard_720p_25fps_10s
45,1,p4x4,3,0.6295137611273145,1,0,0,5,37.28746632608682,4:4,spatial,1,373,4,hex,13,0,1,none,1,high,0.5266935083813419,48,4,92,2,40,1,24,2,1,2,Standard_720p_25fps_10s
2192,1,p4x4,3,0.6295137611273145,2,8,1,-8,34.94113631934421,-4:4,temporal,0,234,3,hex,54,1,0,none,0,baseline,0.7214316074693485,25,16,141,7,7,0,0,1,1,2,Standard_720p_25fps_10s
2192,1,p4x4,3,0.6295137611273145,2,8,1,-8,34.94113631934421,-4:4,temporal,0,234,0,hex,54,1,0,none,0,baseline,0.7214316074693485,25,13,141,7,7,0,0,2,1,1,Standard_720p_25fps_10s
2192,1,p4x4,3,0.6295137611273145,2,0,1,5,34.94113631934421,-4:4,temporal,0,234,3,hex,54,1,0,none,0,baseline,0.7214316074693485,25,16,141,7,7,0,0,1,1,2,Standard_720p_25fps_10s
2192,1,p4x4,3,0.6295137611273145,2,8,1,-8,34.94113631934421,-4:4,temporal,0,234,3,hex,45,1,0,none,0,baseline,0.7214316074693485,25,16,141,7,7,0,0,1,0,1,Standard_720p_25fps_10s
2192,1,p4x4,3,0.6295137611273145,2,8,1,5,34.94113631934421,-4:4,temporal,0,234,3,hex,54,1,0,none,0,baseline,0.7214316074693485,25,16,141,7,7,0,0,1,1,2,Standard_720p_25fps_10s
1183,1,p4x4,3,0.6295137611273145,2,8,1,-8,46.72662393616558,-4:4,temporal,0,234,0,hex,54,1,0,none,0,baseline,0.603771485535164,25,3,141,7,7,0,0,2,0,1,Standard_720p_25fps_10s
2192,1,p4x4,1,0.6295137611273145,2,8,1,-8,34.94113631934421,-4:4,temporal,0,234,4,hex,58,0,0,none,0,baseline,0.6493532546000097,48,20,50,14,14,2,19,1,0,0,Standard_720p_25fps_10s
2192,1,none,3,0.6295137611273145,2,8,1,-8,34.94113631934421,-4:4,temporal,0,234,3,hex,45,1,0,vbr,0,baseline,0.5151026881310283,25,16,141,7,7,7,0,1,0,1,Standard_720p_25fps_10s
625,0,p4x4,1,0.9870357695477202,1,11,0,0,28.64779982514085,-3:3,auto,1,199,4,dia,28,1,1,cbr,1,high,0.2536837837952118,36,3,111,3,86,4,27,1,1,1,Big_1080p_25fps_15s
625,1,p4x4,2,0.7565746110541733,1,10,0,0,28.64779982514085,-3:3,auto,0,199,4,dia,28,1,1,vbr,1,baseline,0.3605862376885497,36,16,25,3,79,2,24,1,1,1,Big_1080p_25fps_15s
625,1,p4x4,1,0.9870357695477202,1,10,0,0,28.64779982514085,-3:3,auto,1,199,4,dia,28,1,1,none,1,baseline,0.2536837837952118,36,5,25,3,86,2,8,1,1,0,Big_1080p_25fps_15s
625,1,p4x4,2,0.7565746110541733,1,10,0,0,28.64779982514085,-3:3,auto,0,199,4,dia,28,1,1,vbr,1,baseline,0.3605862376885497,36,16,112,3,79,2,24,1,1,1,Big_1080p_25fps_15s
625,1,p4x4,2,0.7565746110541733,1,10,0,3,28.07243711970291,-3:3,auto,1,199,4,dia,28,1,1,vbr,0,baseline,0.7237319235212444,36,16,25,3,79,2,24,1,1,0,Big_1080p_25fps_15s
625,1,p4x4,1,0.9870357695477202,1,11,0,0,28.64779982514085,-3:3,auto,1,199,4,dia,28,1,1,cbr,1,baseline,0.2536837837952118,36,3,25,3,86,2,27,0,0,1,Big_1080p_25fps_15s
625,1,p4x4,1,0.7565746110541733,1,13,0,0,28.64779982514085,-3:3,auto,0,199,4,dia,28,1,1,vbr,1,baseline,0.3605862376885497,36,16,25,3,79,2,24,0,1,1,Big_1080p_25fps_15s
625,1,p4x4,1,0.9870357695477202,1,10,0,0,28.64779982514085,-3:3,auto,0,199,4,dia,28,1,1,none,0,baseline,0.8033585026620205,51,16,25,3,86,2,27,0,1,1,Big_1080p_25fps_15s
625,1,p4x4,2,0.9870357695477202,1,10,0,0,28.64779982514085,-3:3,auto,0,199,4,dia,28,1,1,none,1,baseline,0.2536837837952118,36,16,25,3,86,2,24,1,1,0,Big_1080p_25fps_15s
625,1,p4x4,2,0.9870357695477202,2,10,0,0,28.568413039947632,-3:3,spatial,0,53,2,tesa,28,1,1,none,0,high,0.9614790448041663,36,16,25,3,86,2,24,0,1,2,Big_1080p_25fps_15s
625,1,p4x4,2,0.0758612313483153,1,10,1,3,28.07243711970291,-3:3,auto,1,199,4,dia,28,1,1,vbr,0,baseline,0.4296472510238589,36,16,25,3,86,2,24,1,1,1,Big_1080p_25fps_15s
7,0,p8x8,2,0.8386707997446446,0,3,1,5,50.5766849853959,1:1,temporal,0,127,2,hex,51,0,0,vbr,0,high,0.1724828560371048,37,15,239,5,48,2,47,0,0,1,Big_1080p_25fps_15s
625,1,p8x8,2,1.902914911407604,2,10,1,0,28.64779982514085,-3:3,auto,0,199,4,dia,28,0,1,none,1,baseline,0.2536837837952118,36,16,25,3,37,2,24,1,1,0,Big_1080p_25fps_15s
1381,0,none,2,0.8386707997446446,0,5,1,6,12.160825193039496,1:1,none,1,127,2,dia,42,0,1,vbr,0,high,0.3616718805364829,48,15,239,5,55,2,0,2,0,2,Big_1080p_25fps_15s
1381,0,none,2,0.8386707997446446,0,5,1,6,12.160825193039496,1:1,none,1,127,2,dia,51,0,1,vbr,0,high,0.3616718805364829,48,15,239,5,55,2,47,2,0,2,Big_1080p_25fps_15s
625,1,p4x4,2,0.9870357695477202,2,10,0,0,45.061290920138205,-3:3,auto,0,199,3,dia,28,1,1,none,0,baseline,0.2626474958660849,36,16,25,3,86,2,45,0,1,1,Big_1080p_25fps_15s
625,1,p4x4,2,0.858969928340521,2,10,0,0,28.64779982514085,-3:3,temporal,0,199,0,dia,28,1,1,none,0,main,0.2536837837952118,36,16,25,3,86,2,24,0,1,2,Big_1080p_25fps_15s
2356,1,all,1,0.5839624825528852,1,16,0,0,28.64779982514085,-3:3,auto,1,199,1,dia,28,1,1,none,0,baseline,0.1174092957131501,36,18,25,3,86,2,26,0,1,2,Big_1080p_25fps_15s
625,1,p4x4,2,0.9870357695477202,2,10,0,0,27.72758455764944,-3:3,auto,0,332,3,dia,28,1,1,none,0,baseline,0.8033585026620205,36,16,25,3,86,2,27,0,1,1,Big_1080p_25fps_15s
625,1,p4x4,1,0.9870357695477202,1,10,0,0,28.64779982514085,-3:3,temporal,0,199,4,dia,28,1,1,none,0,baseline,0.064291174819421,51,16,25,3,86,2,27,0,1,2,Big_1080p_25fps_15s
319,0,none,3,1.142924908084312,0,8,1,-2,47.22062395518765,1:-1,temporal,1,326,3,dia,12,1,0,vbr,0,baseline,0.6240937711247159,41,16,148,2,41,1,15,0,1,2,Big_720p_30fps_10s
2052,1,none,2,0.309470839658031,2,7,1,0,4.367279744113453,2:2,none,0,40,0,dia,49,0,1,vbr,1,baseline,0.5106486718620127,27,13,137,5,1,1,13,2,0,1,Big_720p_30fps_10s
1425,1,none,2,0.309470839658031,2,7,1,0,4.367279744113453,2:2,none,0,40,0,dia,49,0,1,vbr,1,baseline,0.5106486718620127,27,13,137,11,2,1,13,2,0,1,Big_720p_30fps_10s
319,0,none,3,0.0738892035341888,0,8,0,-2,40.14128526443603,-4:4,auto,0,403,1,dia,58,0,1,cbr,0,main,0.7474818252377533,39,8,108,15,30,0,19,2,1,1,Big_720p_30fps_10s
2407,0,p8x8,0,0.309470839658031,2,7,1,-11,11.884430844024052,-6:6,none,0,289,2,dia,50,0,1,cbr,0,main,0.2927293318722976,20,11,236,2,76,3,46,2,1,0,Big_720p_30fps_10s
2407,0,p8x8,2,0.309470839658031,2,7,1,-11,11.884430844024052,-6:6,none,0,289,2,dia,6,0,0,cbr,0,main,0.2927293318722976,20,11,236,2,76,3,46,2,1,0,Big_720p_30fps_10s
2407,0,p8x8,2,0.309470839658031,2,7,1,-11,35.21410796369704,-6:6,none,0,289,2,dia,6,0,0,cbr,0,main,0.2927293318722976,20,11,236,2,76,6,38,2,1,0,Big_720p_30fps_10s
2407,0,p8x8,2,0.309470839658031,0,7,1,-11,11.884430844024052,-6:6,none,1,181,2,dia,6,0,0,cbr,0,main,0.2927293318722976,20,11,236,2,76,1,46,0,1,0,Big_720p_30fps_10s
319,0,p4x4,2,0.309470839658031,2,7,1,-11,11.884430844024052,-6:6,auto,0,289,2,dia,6,0,0,cbr,0,main,0.2927293318722976,20,11,236,2,43,3,62,2,1,0,Big_720p_30fps_10s
319,0,p4x4,0,0.309470839658031,2,7,1,-11,11.884430844024052,-6:6,auto,0,289,2,dia,6,0,0,cbr,1,main,0.2927293318722976,20,11,236,2,43,3,62,2,1,0,Big_720p_30fps_10s
2250,0,p4x4,2,0.309470839658031,2,7,1,-11,11.884430844024052,1:1,auto,0,289,2,dia,6,0,0,cbr,0,baseline,0.2927293318722976,39,11,236,2,43,0,62,2,1,0,Big_720p_30fps_10s
319,0,none,3,1.142924908084312,1,8,1,-2,47.22062395518765,1:-1,temporal,1,326,3,esa,12,1,1,vbr,0,main,0.67991816627523,20,11,236,2,76,1,46,0,0,2,Big_720p_30fps_10s
76,0,p8x8,1,0.6295137611273145,2,0,1,9,29.58495568862226,4:4,spatial,0,51,0,dia,54,0,1,none,0,baseline,0.6493532546000097,48,4,92,2,80,0,2,0,0,0,Big_720p_30fps_10s
76,0,p8x8,1,0.6295137611273145,2,0,1,9,29.58495568862226,4:4,spatial,0,51,0,dia,34,0,1,none,0,baseline,0.2927293318722976,20,11,121,2,76,3,46,1,1,0,Big_720p_30fps_10s
1636,1,p8x8,1,0.6295137611273145,2,0,1,9,29.58495568862226,4:4,spatial,0,51,0,dia,54,0,1,none,0,baseline,0.6493532546000097,48,4,92,2,84,0,2,0,1,0,Big_720p_30fps_10s
2407,0,p8x8,0,0.309470839658031,2,7,1,9,29.58495568862226,4:4,spatial,1,51,0,dia,34,0,1,none,0,baseline,0.7541772489261985,20,11,121,2,76,3,16,1,1,0,Big_720p_30fps_10s
1636,1,p8x8,1,0.9382026520633772,2,0,1,9,29.58495568862226,4:4,spatial,0,51,3,dia,54,0,0,none,0,baseline,0.9795291806407728,42,6,77,6,96,1,9,0,1,2,Big_720p_30fps_10s
1636,1,"p8x8,b8x8,i8x8,i4x4",2,1.8907012527635672,2,10,0,-8,40.53996910928621,0:0,temporal,0,412,0,hex,13,0,1,cbr,1,main,0.9795291806407728,42,6,77,6,96,1,9,1,1,2,Big_720p_30fps_10s
1636,0,"p8x8,b8x8,i8x8,i4x4",2,1.8907012527635672,2,10,1,2,9.46051038572694,1:-1,none,0,40,0,dia,49,0,0,cbr,0,main,0.2927293318722976,20,11,236,2,76,7,46,2,1,1,Big_720p_30fps_10s
12,1,none,2,1.598898110394955,2,6,1,9,40.14128526443603,-4:4,auto,0,403,1,dia,58,0,0,cbr,0,main,0.6243479434565511,48,11,148,2,41,1,15,1,1,2,Big_720p_30fps_10s
469,0,"p8x8,b8x8,i8x8,i4x4",2,1.9388859071863007,0,9,1,-12,27.88001428928656,4:-4,none,0,20,4,tesa,63,1,0,vbr,0,high,0.0833025022174705,43,10,244,12,23,0,20,0,1,1,Still_image_720p_25fps_20s
1690,1,none,2,1.1536539324358672,0,13,1,7,44.37311282353116,4:-4,auto,0,20,4,esa,63,1,1,vbr,1,high,0.0833025022174705,43,10,149,2,23,2,20,0,1,1,Still_image_720p_25fps_20s
1011,0,p4x4,0,0.7841382476494912,0,13,1,7,37.37799214063269,4:-4,auto,0,406,0,esa,20,1,0,vbr,0,main,0.0833025022174705,43,10,149,12,23,0,20,1,1,1,Still_image_720p_25fps_20s
469,0,"p8x8,b8x8,i8x8,i4x4",3,1.9388859071863007,0,9,1,-12,27.88001428928656,4:-4,auto,0,20,4,hex,63,1,0,vbr,0,high,0.0833025022174705,43,10,149,6,96,4,20,0,1,0,Still_image_720p_25fps_20s
469,0,"p8x8,b8x8,i8x8,i4x4",3,1.9388859071863007,0,9,1,-12,27.88001428928656,4:-4,auto,0,20,4,hex,63,1,0,vbr,0,high,0.0833025022174705,43,10,149,12,23,0,20,0,0,0,Still_image_720p_25fps_20s
1690,1,none,2,1.1536539324358672,0,13,1,7,42.876785685812266,4:-4,auto,0,106,3,tesa,6,1,1,vbr,1,baseline,0.4533312853075793,41,14,209,8,15,2,18,2,0,1,Still_image_720p_25fps_20s
1011,0,p4x4,0,0.7841382476494912,0,13,1,7,37.37799214063269,4:-4,auto,0,20,0,esa,63,1,0,vbr,0,high,0.0833025022174705,43,10,149,2,23,2,20,1,1,1,Still_image_720p_25fps_20s
1690,1,none,2,1.1536539324358672,1,13,1,-10,37.37799214063269,4:-4,auto,0,20,4,esa,63,1,0,vbr,1,high,0.0833025022174705,43,10,149,12,7,0,20,1,1,0,Still_image_720p_25fps_20s
469,0,"p8x8,b8x8,i8x8,i4x4",3,1.9388859071863007,0,9,1,-12,27.88001428928656,4:-4,auto,0,20,4,hex,63,1,0,vbr,0,high,0.0833025022174705,43,10,149,12,23,0,20,1,1,1,Still_image_720p_25fps_20s
1690,1,none,2,1.1536539324358672,0,13,1,7,37.37799214063269,4:-4,auto,0,20,4,esa,63,1,0,vbr,1,high,0.0833025022174705,43,10,149,12,23,0,20,1,1,1,Still_image_720p_25fps_20s
1690,1,none,3,1.1536539324358672,0,13,0,7,44.37311282353116,4:-4,auto,1,20,4,esa,63,1,1,vbr,1,high,0.0833025022174705,48,4,92,2,80,6,2,0,1,0,Still_image_720p_25fps_20s
30,0,p8x8,2,1.1542326887006558,0,7,1,-10,37.37799214063269,4:-4,auto,0,20,4,esa,63,1,0,vbr,1,high,0.0833025022174705,43,10,149,12,100,0,20,1,1,0,Still_image_720p_25fps_20s
469,0,"p8x8,b8x8,i8x8,i4x4",2,1.1536539324358672,1,13,1,7,37.37799214063269,4:-4,auto,0,20,4,esa,63,1,0,vbr,1,high,0.0833025022174705,43,10,149,12,23,0,20,1,1,1,Still_image_720p_25fps_20s
1690,1,none,3,0.0697970740814772,0,9,1,-12,27.88001428928656,4:-4,auto,0,20,4,hex,63,1,0,vbr,1,high,0.0833025022174705,43,10,149,12,9,0,20,0,0,0,Still_image_720p_25fps_20s
1690,1,none,2,1.1536539324358672,0,13,1,7,37.37799214063269,4:-4,auto,0,20,4,esa,63,1,1,vbr,1,high,0.0833025022174705,43,10,149,12,23,0,11,0,0,2,Still_image_720p_25fps_20s
1640,1,none,1,1.4581035323342144,1,13,1,-10,37.37799214063269,4:-4,auto,0,20,4,esa,63,1,1,vbr,1,high,0.0833025022174705,43,10,149,12,7,7,20,1,1,0,Still_image_720p_25fps_20s
1690,1,none,3,1.1536539324358672,0,13,0,7,44.37311282353116,4:-4,auto,1,20,4,esa,61,1,1,vbr,1,high,0.0833025022174705,48,4,243,2,80,5,2,0,1,1,Still_image_720p_25fps_20s
1011,1,p4x4,3,0.7841382476494912,0,13,1,7,37.37799214063269,4:-4,auto,0,97,0,esa,63,1,0,vbr,0,high,0.0833025022174705,43,10,149,2,23,2,20,1,1,0,Still_image_720p_25fps_20s
1690,1,none,2,1.1536539324358672,2,9,1,-12,27.88001428928656,4:-4,auto,0,20,4,hex,63,1,0,vbr,0,high,0.0833025022174705,43,10,149,6,96,4,20,0,1,0,Still_image_720p_25fps_20s
469,0,"p8x8,b8x8,i8x8,i4x4",3,1.9388859071863007,0,13,1,7,37.37799214063269,4:-4,auto,0,20,2,esa,63,1,0,vbr,1,high,0.0833025022174705,43,10,149,12,23,0,20,1,1,1,Still_image_720p_25fps_20s
2192,1,p4x4,3,0.6295137611273145,2,8,1,-8,34.94113631934421,-4:4,temporal,0,234,0,hex,54,1,0,none,0,baseline,0.7214316074693485,25,13,141,7,7,0,0,2,1,1,Big_720p_60fps_5s
2192,1,p4x4,3,0.6295137611273145,2,8,1,-8,34.94113631934421,-4:4,temporal,0,234,3,hex,54,1,0,none,0,baseline,0.7214316074693485,25,16,141,7,7,0,0,1,1,2,Big_720p_60fps_5s
2192,1,p4x4,3,0.6295137611273145,2,0,1,5,34.94113631934421,-4:4,temporal,0,234,3,hex,54,1,0,none,0,baseline,0.7214316074693485,25,16,141,7,7,0,0,1,1,2,Big_720p_60fps_5s
2192,1,p4x4,3,0.6295137611273145,2,8,1,2,34.94113631934421,-4:4,temporal,0,234,3,hex,54,1,0,none,0,baseline,0.7214316074693485,25,16,141,13,7,0,37,1,1,2,Big_720p_60fps_5s
716,1,p4x4,3,0.6295137611273145,2,0,1,5,34.94113631934421,-4:4,temporal,0,234,3,hex,54,1,0,none,0,baseline,0.7214316074693485,25,16,141,7,22,0,0,1,1,1,Big_720p_60fps_5s
2192,1,p4x4,3,0.6295137611273145,2,8,1,-8,34.94113631934421,-4:4,temporal,0,234,3,hex,54,1,0,none,0,baseline,0.7214316074693485,25,12,141,7,7,0,0,1,1,2,Big_720p_60fps_5s
716,1,p4x4,3,0.6295137611273145,2,0,1,5,34.94113631934421,1:1,temporal,0,234,3,hex,54,1,0,none,0,baseline,0.7214316074693485,25,16,141,7,22,0,0,1,1,1,Big_720p_60fps_5s
2192,1,p4x4,3,1.4234664276334543,0,0,1,5,47.22326760443185,4:4,spatial,1,259,4,dia,54,0,1,none,1,high,0.5266935083813419,48,4,92,2,40,1,24,0,1,2,Big_720p_60fps_5s
2192,1,"p8x8,b8x8,i8x8,i4x4",3,0.6295137611273145,0,0,1,5,37.28746632608682,4:4,auto,1,227,4,umh,13,0,1,none,1,high,0.2374952707397156,48,4,5,7,2,0,53,1,1,2,Big_720p_60fps_5s
2192,1,p4x4,3,0.6295137611273145,0,0,1,5,37.28746632608682,4:4,spatial,1,51,4,hex,13,0,1,none,1,high,0.2374952707397156,48,4,92,2,81,11,24,0,1,2,Big_720p_60fps_5s
2192,1,p4x4,3,0.6295137611273145,2,0,1,5,49.376471962682494,4:4,none,1,259,4,dia,54,0,1,none,1,high,0.5266935083813419,48,4,92,2,40,1,58,2,0,2,Big_720p_60fps_5s
2192,1,p4x4,3,1.9359945964130767,0,0,1,5,37.28746632608682,4:4,spatial,0,51,4,hex,33,0,1,none,1,high,0.0191143923947614,48,4,92,2,81,1,24,0,1,2,Big_720p_60fps_5s
2192,1,p4x4,3,0.5445913382652827,0,0,1,5,37.28746632608682,4:4,spatial,1,227,4,umh,13,0,1,none,1,high,0.2374952707397156,48,4,5,7,2,0,53,1,1,2,Big_720p_60fps_5s
2192,1,p4x4,3,0.5445913382652827,2,0,1,5,37.28746632608682,4:4,spatial,1,227,4,umh,13,0,1,none,1,high,0.2374952707397156,48,4,61,7,2,0,53,1,1,2,Big_720p_60fps_5s
2192,1,p4x4,3,0.6295137611273145,2,0,1,-12,49.376471962682494,4:4,spatial,1,259,4,dia,54,0,1,none,1,baseline,0.6493532546000097,48,4,92,2,40,1,24,2,1,2,Big_720p_60fps_5s
2192,1,p4x4,3,0.6295137611273145,2,0,1,5,49.376471962682494,4:4,spatial,1,259,4,dia,54,0,1,none,1,baseline,0.6493532546000097,48,4,92,2,40,1,24,2,1,2,Big_720p_60fps_5s
2192,1,p4x4,3,0.6295137611273145,2,0,1,5,49.376471962682494,4:4,spatial,1,259,4,dia,54,0,1,none,1,baseline,0.9910777197505182,48,1,92,2,40,1,24,2,1,2,Big_720p_60fps_5s
2192,1,p4x4,3,0.6295137611273145,2,0,1,5,49.376471962682494,4:4,spatial,1,259,4,dia,54,0,1,none,1,high,0.5266935083813419,48,4,92,2,40,1,24,2,1,2,Big_720p_60fps_5s
2192,1,p4x4,3,0.6295137611273145,2,0,1,-12,49.376471962682494,4:4,spatial,1,259,4,dia,40,0,1,none,1,baseline,0.6493532546000097,48,4,92,2,40,1,44,2,1,2,Big_720p_60fps_5s
1682,1,p4x4,0,0.6295137611273145,1,0,0,0,30.878153696226693,0:0,spatial,1,327,4,dia,32,1,1,none,1,high,0.5113352790318704,48,14,141,7,7,0,0,2,1,1,Big_720p_60fps_5s
2192,1,p4x4,3,0.6295137611273145,0,0,1,5,37.28746632608682,4:4,spatial,1,51,4,hex,13,0,1,none,1,high,0.2374952707397156,48,4,92,2,81,11,24,0,1,2,Big_720p_25fps_5s
2192,1,p4x4,3,0.6295137611273145,0,0,1,5,37.28746632608682,4:4,spatial,1,51,4,hex,13,0,1,none,1,high,0.2374952707397156,48,1,92,2,81,11,24,1,1,2,Big_720p_25fps_5s
2192,1,p4x4,3,0.6295137611273145,0,0,1,5,37.28746632608682,4:4,spatial,1,51,4,hex,13,0,1,none,1,high,0.2374952707397156,48,4,92,2,64,11,24,0,1,2,Big_720p_25fps_5s
2192,1,p4x4,1,0.7274450170490016,0,0,1,5,37.28746632608682,4:4,spatial,1,51,4,hex,13,0,1,none,1,high,0.2374952707397156,48,4,92,2,81,11,24,1,0,2,Big_720p_25fps_5s
2192,1,p4x4,1,0.6295137611273145,1,0,1,5,37.28746632608682,4:4,spatial,1,51,4,hex,13,0,1,none,1,baseline,0.2374952707397156,48,4,92,2,81,11,24,0,0,2,Big_720p_25fps_5s
1025,0,"p8x8,b8x8,i8x8,i4x4",2,1.6822079922260096,1,15,0,-5,34.02832446586254,5:-5,auto,1,116,3,dia,7,0,1,vbr,0,baseline,0.741091758901064,43,10,149,4,23,0,20,1,1,1,Big_720p_25fps_5s
1011,0,p4x4,2,1.6822079922260096,1,4,1,-5,34.02832446586254,5:-5,auto,1,116,3,dia,7,0,0,vbr,0,baseline,0.741091758901064,49,1,157,1,40,5,63,1,1,0,Big_720p_25fps_5s
680,0,"p8x8,b8x8,i8x8,i4x4",2,1.6822079922260096,1,4,1,-10,34.02832446586254,5:-5,auto,1,89,0,dia,28,0,0,none,1,high,0.0833025022174705,43,10,149,4,23,0,20,1,1,1,Big_720p_25fps_5s
1025,0,"p8x8,b8x8,i8x8,i4x4",2,1.6822079922260096,1,4,1,-5,34.02832446586254,5:-5,auto,1,116,0,dia,7,0,0,vbr,0,baseline,0.741091758901064,49,1,157,1,40,0,63,1,1,0,Big_720p_25fps_5s
1025,0,"p8x8,b8x8,i8x8,i4x4",2,1.6822079922260096,1,4,1,-10,34.02832446586254,5:-5,auto,1,116,0,dia,7,0,0,vbr,0,baseline,0.741091758901064,49,1,157,1,40,10,63,1,0,0,Big_720p_25fps_5s
1011,0,p4x4,1,1.6822079922260096,1,4,1,-5,34.02832446586254,5:-5,auto,1,116,3,dia,7,0,0,vbr,1,baseline,0.7431567220060495,32,1,81,1,23,0,54,1,1,1,Big_720p_25fps_5s
953,0,"p8x8,b8x8,i8x8,i4x4",2,1.6822079922260096,1,4,1,-5,34.02832446586254,5:-5,auto,0,116,2,dia,7,0,0,vbr,1,baseline,0.741091758901064,49,1,157,1,27,0,63,1,1,0,Big_720p_25fps_5s
1025,0,"p8x8,b8x8,i8x8,i4x4",2,1.6822079922260096,1,6,1,-5,34.02832446586254,5:-5,auto,1,116,0,dia,7,0,0,vbr,0,baseline,0.741091758901064,49,1,157,1,40,0,63,1,1,0,Big_720p_25fps_5s
1011,0,p4x4,1,1.6822079922260096,1,4,1,-5,33.09522424186874,5:-5,auto,1,116,3,dia,7,0,0,vbr,1,baseline,0.7431567220060495,32,1,81,1,23,5,54,0,1,2,Big_720p_25fps_5s
1011,0,p4x4,1,1.6822079922260096,1,4,1,-5,34.02832446586254,-2:2,auto,1,116,3,dia,46,0,0,vbr,0,baseline,0.741091758901064,48,1,112,1,99,5,63,1,1,0,Big_720p_25fps_5s
1011,0,p4x4,1,1.6822079922260096,1,4,1,12,34.02832446586254,5:-5,auto,0,116,3,dia,7,0,0,cbr,1,baseline,0.7431567220060495,32,1,81,1,97,0,54,1,1,1,Big_720p_25fps_5s
1011,0,p4x4,2,1.6822079922260096,1,16,1,-5,34.02832446586254,5:-5,auto,1,116,3,dia,7,0,0,vbr,0,baseline,0.741091758901064,49,1,157,1,40,0,63,1,1,0,Big_720p_25fps_5s
1011,0,p4x4,1,1.6822079922260096,1,4,1,12,34.02832446586254,5:-5,auto,1,116,3,dia,7,0,0,cbr,1,baseline,0.741091758901064,49,1,157,1,40,0,49,1,1,0,Big_720p_25fps_5s
680,0,"p8x8,b8x8,i8x8,i4x4",0,1.6822079922260096,1,4,1,-10,34.02832446586254,5:-5,auto,1,116,3,dia,46,0,0,vbr,0,baseline,0.741091758901064,51,1,112,1,99,5,63,1,1,0,Big_720p_25fps_5s
1011,0,p4x4,1,1.6822079922260096,1,15,1,12,34.02832446586254,5:-5,auto,0,116,3,dia,7,0,0,cbr,1,baseline,0.7431567220060495,32,1,81,1,97,0,54,1,1,2,Big_720p_25fps_5s
469,0,"p8x8,b8x8,i8x8,i4x4",3,1.9388859071863007,0,9,1,-12,27.88001428928656,4:-4,auto,0,20,4,hex,63,1,0,vbr,0,high,0.0833025022174705,43,10,149,12,23,0,20,0,0,0,Still_image_480p_25fps_5s
1690,1,none,2,1.1536539324358672,0,13,1,7,42.876785685812266,4:-4,auto,0,106,3,tesa,6,1,1,vbr,1,baseline,0.4533312853075793,41,14,209,8,15,2,18,2,0,1,Still_image_480p_25fps_5s
1011,0,p4x4,0,0.7841382476494912,0,13,1,7,37.37799214063269,4:-4,auto,0,20,0,esa,63,1,0,vbr,0,high,0.0833025022174705,43,10,149,2,23,2,20,1,1,1,Still_image_480p_25fps_5s
1690,1,none,2,1.1536539324358672,1,13,1,-10,37.37799214063269,4:-4,auto,0,20,4,esa,63,1,0,vbr,1,high,0.0833025022174705,43,10,149,12,7,0,20,1,1,0,Still_image_480p_25fps_5s
469,0,"p8x8,b8x8,i8x8,i4x4",3,1.9388859071863007,0,9,1,-12,27.88001428928656,4:-4,auto,0,20,4,hex,63,1,0,vbr,0,high,0.0833025022174705,43,10,149,12,23,0,20,1,1,1,Still_image_480p_25fps_5s
1690,1,none,2,1.1536539324358672,0,13,1,7,37.37799214063269,4:-4,auto,0,20,4,esa,63,1,0,vbr,1,high,0.0833025022174705,43,10,149,12,23,0,20,1,1,1,Still_image_480p_25fps_5s
1011,0,p4x4,0,0.7841382476494912,1,13,1,7,37.37799214063269,4:-4,auto,0,20,4,esa,63,1,0,cbr,1,high,0.0833025022174705,43,7,149,12,23,0,20,1,1,1,Still_image_480p_25fps_5s
1690,1,none,2,1.1536539324358672,0,13,1,7,37.37799214063269,4:-4,auto,0,20,0,esa,63,1,0,vbr,1,high,0.0833025022174705,43,10,149,2,23,2,20,1,1,1,Still_image_480p_25fps_5s
469,0,"p8x8,b8x8,i8x8,i4x4",3,1.9388859071863007,0,9,1,-12,27.88001428928656,5:5,auto,0,20,4,hex,63,1,0,vbr,1,high,0.0833025022174705,43,10,149,4,23,11,20,1,1,1,Still_image_480p_25fps_5s
501,0,none,3,1.1536539324358672,2,13,1,7,37.37799214063269,4:-4,auto,0,20,4,esa,63,1,0,vbr,1,high,0.8614791892769761,43,10,149,12,23,0,20,1,1,1,Still_image_480p_25fps_5s
469,0,"p8x8,b8x8,i8x8,i4x4",3,1.9388859071863007,1,9,1,-12,27.88001428928656,4:-4,auto,0,20,2,umh,63,1,0,vbr,1,high,0.0833025022174705,43,10,149,11,23,0,20,1,1,1,Still_image_480p_25fps_5s
469,0,"p8x8,b8x8,i8x8,i4x4",3,1.7215551341156716,0,9,0,-12,27.88001428928656,4:-4,auto,0,20,4,umh,63,1,0,cbr,0,high,0.0833025022174705,43,10,149,10,23,0,14,1,1,1,Still_image_480p_25fps_5s
1690,1,none,2,1.1536539324358672,1,13,1,-10,37.37799214063269,4:-4,auto,0,20,4,esa,63,1,0,vbr,1,high,0.1837304237395355,43,10,149,2,80,0,2,0,1,0,Still_image_480p_25fps_5s
1025,0,"p8x8,b8x8,i8x8,i4x4",2,1.6822079922260096,0,15,0,-10,43.8792506582006,4:-4,auto,0,20,2,esa,63,1,0,vbr,1,high,0.0833025022174705,43,10,149,12,7,0,20,0,1,0,Still_image_480p_25fps_5s
1011,0,p4x4,0,0.7841382476494912,0,13,1,7,37.37799214063269,4:-4,auto,1,20,0,esa,63,1,0,vbr,0,high,0.0833025022174705,43,10,149,2,23,2,20,1,1,1,Still_image_480p_25fps_5s
1690,1,none,2,1.1536539324358672,2,13,1,7,37.37799214063269,4:-4,auto,0,20,0,esa,63,1,1,vbr,1,high,0.0833025022174705,43,10,149,2,23,2,20,1,1,1,Still_image_480p_25fps_5s
1690,1,p4x4,2,1.1536539324358672,0,13,1,7,37.37799214063269,4:-4,spatial,0,20,0,esa,63,0,0,vbr,1,high,0.0833025022174705,43,10,149,9,23,2,20,1,1,1,Still_image_480p_25fps_5s
1011,0,all,0,0.7841382476494912,1,13,1,7,37.37799214063269,4:-4,auto,0,20,0,esa,63,1,0,cbr,1,high,0.0833025022174705,43,7,149,14,23,0,20,1,1,1,Still_image_480p_25fps_5s
1690,1,none,2,1.1536539324358672,0,13,1,7,42.876785685812266,4:-4,auto,0,106,3,tesa,6,1,1,vbr,1,baseline,0.0994476287530445,41,14,209,11,15,2,20,1,1,1,Still_image_480p_25fps_5s
1690,1,p4x4,2,1.1536539324358672,0,2,1,7,37.37799214063269,4:-4,auto,0,20,4,esa,63,1,1,vbr,1,high,0.9031510381502236,43,10,64,12,23,0,18,2,0,1,Still_image_480p_25fps_5s
2290,1,"p8x8,b8x8,i8x8,i4x4",2,0.8848789024034137,1,13,1,4,36.22494193202382,1:-1,auto,1,26,3,tesa,29,0,0,none,1,baseline,0.1057329725397425,27,4,92,2,80,0,2,0,0,1,Standard_480p_30fps_20s
2290,1,"p8x8,b8x8,i8x8,i4x4",2,1.160149792791164,1,13,0,4,36.22494193202382,1:-1,auto,1,26,3,tesa,29,0,0,none,1,baseline,0.1057329725397425,27,4,92,2,47,10,54,1,0,0,Standard_480p_30fps_20s
626,1,all,1,1.2206763118591664,0,0,1,8,50.3301403421661,-1:1,none,1,459,4,dia,46,1,1,none,1,baseline,0.2390459400533245,33,14,190,7,5,9,20,0,0,2,Standard_480p_30fps_20s
626,1,all,3,1.2206763118591664,0,0,1,8,50.3301403421661,2:2,none,1,459,4,dia,46,1,1,none,1,high,0.2390459400533245,33,14,229,5,5,9,53,0,0,2,Standard_480p_30fps_20s
626,1,p4x4,2,1.2206763118591664,0,0,1,8,50.3301403421661,2:2,none,1,459,3,dia,46,1,1,none,1,high,0.2390459400533245,49,18,229,5,5,9,53,0,0,2,Standard_480p_30fps_20s
626,1,all,2,1.2206763118591664,0,0,1,8,50.3301403421661,2:2,none,1,459,3,dia,46,1,1,none,1,high,0.2390459400533245,33,18,229,5,5,9,53,0,0,1,Standard_480p_30fps_20s
626,1,p4x4,2,1.2206763118591664,0,0,1,8,50.3301403421661,2:2,none,1,459,3,dia,46,1,1,none,1,baseline,0.417630138122936,33,14,190,7,5,9,59,0,0,2,Standard_480p_30fps_20s
370,1,p8x8,2,0.1816645454671701,0,0,1,8,50.3301403421661,2:2,none,1,459,3,dia,46,1,1,none,1,baseline,0.417630138122936,33,14,190,7,5,9,35,0,0,2,Standard_480p_30fps_20s
626,1,p4x4,3,1.2206763118591664,2,0,1,8,50.3301403421661,2:2,none,1,142,4,dia,46,1,1,none,1,high,0.2390459400533245,33,14,229,5,47,9,53,0,0,2,Standard_480p_30fps_20s
626,1,"p8x8,b8x8,i8x8,i4x4",2,1.2206763118591664,0,0,1,8,50.3301403421661,2:2,none,1,459,3,dia,46,1,1,none,1,high,0.2390459400533245,36,18,229,5,5,9,53,1,0,2,Standard_480p_30fps_20s
370,1,p8x8,2,1.2206763118591664,0,13,1,8,50.3301403421661,2:2,none,1,459,3,dia,46,1,1,none,1,high,0.2390459400533245,49,18,46,5,17,9,53,0,0,2,Standard_480p_30fps_20s
626,1,p8x8,2,0.1816645454671701,0,0,1,8,50.3301403421661,2:2,none,1,459,3,dia,46,1,1,none,1,baseline,0.417630138122936,33,14,190,7,5,9,35,0,0,2,Standard_480p_30fps_20s
1637,0,p4x4,2,1.2619415973179955,1,8,0,-10,49.02460540915592,-4:4,temporal,0,221,1,hex,42,0,0,none,1,main,0.8843341433892122,33,14,229,7,25,8,53,0,0,1,Standard_480p_30fps_20s
1637,0,p4x4,2,1.2619415973179955,2,8,0,-10,4.091556476712841,-4:4,temporal,0,221,4,hex,42,0,0,none,1,main,0.7638959016050976,26,4,185,4,15,4,53,1,0,2,Standard_480p_30fps_20s
1692,0,p4x4,0,0.1752806789959263,1,8,0,-10,49.02460540915592,-4:4,temporal,0,221,2,hex,14,0,0,none,1,main,0.8843341433892122,33,14,136,7,100,9,53,0,0,1,Standard_480p_30fps_20s
2095,1,p4x4,0,0.1752806789959263,1,8,0,-10,49.02460540915592,-4:4,temporal,0,241,4,hex,42,0,0,none,1,main,0.7638959016050976,35,4,185,4,15,3,53,0,0,2,Standard_480p_30fps_20s
1637,0,p4x4,2,1.2619415973179955,1,8,0,-10,49.02460540915592,-4:4,temporal,0,221,4,hex,42,0,0,none,1,main,0.8843341433892122,33,14,136,7,100,9,53,0,1,1,Standard_480p_30fps_20s
1692,1,p4x4,0,0.1752806789959263,1,8,0,-10,49.02460540915592,-4:4,temporal,0,221,4,hex,42,0,0,none,1,main,0.7638959016050976,26,4,185,4,15,4,53,0,0,2,Standard_480p_30fps_20s
1350,0,p8x8,2,0.955156668830312,2,10,0,6,43.66582766566449,-2:2,temporal,0,415,3,tesa,29,0,0,none,1,baseline,0.1057329725397425,20,13,118,3,47,10,54,0,0,0,Standard_480p_30fps_20s
370,0,p8x8,2,0.1816645454671701,2,15,0,6,44.35555144592824,5:-5,auto,0,415,3,tesa,29,0,0,none,1,baseline,0.1057329725397425,27,4,92,2,80,0,2,0,0,1,Standard_480p_30fps_20s
981,1,p8x8,2,0.1576417238898509,1,14,1,-10,30.05254871618225,4:-4,temporal,0,453,2,umh,27,0,1,none,0,high,0.6372828559364112,47,12,34,5,43,1,64,1,0,2,Action_480p_60fps_10s
981,1,p8x8,2,0.1576417238898509,1,14,1,-10,30.05254871618225,4:-4,temporal,1,453,2,umh,27,0,1,vbr,1,high,0.334900129455401,24,9,34,7,31,1,57,1,0,0,Action_480p_60fps_10s
981,1,p8x8,2,0.1576417238898509,1,14,1,-10,30.05254871618225,4:-4,temporal,0,453,2,umh,27,0,1,cbr,0,high,0.6372828559364112,47,12,34,5,43,1,64,1,0,2,Action_480p_60fps_10s
981,1,p8x8,2,0.1576417238898509,1,12,0,-10,30.05254871618225,4:-4,temporal,0,453,2,umh,27,0,1,none,0,main,0.6372828559364112,47,12,34,5,34,6,64,1,0,2,Action_480p_60fps_10s
981,1,p8x8,2,0.1576417238898509,1,14,1,-10,30.05254871618225,4:-4,temporal,0,453,2,umh,27,0,1,none,0,baseline,0.741091758901064,47,15,24,2,80,0,2,1,1,1,Action_480p_60fps_10s
981,1,p8x8,2,0.1576417238898509,1,12,0,-10,30.05254871618225,4:-4,temporal,0,367,2,umh,27,0,1,cbr,0,main,0.6372828559364112,47,12,34,5,61,6,64,0,1,0,Action_480p_60fps_10s
981,1,p8x8,2,0.1576417238898509,1,14,0,-10,30.05254871618225,4:-4,temporal,0,453,2,esa,27,0,1,cbr,0,high,0.6372828559364112,47,12,34,5,43,1,64,1,1,2,Action_480p_60fps_10s
981,1,p8x8,2,0.4349551210303397,0,14,1,-10,30.05254871618225,4:-4,temporal,0,453,2,umh,27,0,1,cbr,0,high,0.6372828559364112,47,12,34,5,43,1,2,1,0,2,Action_480p_60fps_10s
981,1,p8x8,2,1.4178087828049812,0,14,1,-10,30.05254871618225,4:-4,temporal,0,453,2,hex,47,0,1,vbr,0,high,0.209041155276022,44,7,147,2,71,8,49,0,1,0,Action_480p_60fps_10s
2142,1,p8x8,2,0.1576417238898509,1,14,1,2,30.05254871618225,4:-4,temporal,1,453,2,umh,27,0,1,none,0,high,0.6372828559364112,47,15,24,2,80,0,49,0,1,1,Action_480p_60fps_10s
981,1,none,2,0.1576417238898509,1,14,1,-10,30.05254871618225,4:-4,temporal,0,453,2,umh,27,0,1,none,0,high,0.6372828559364112,47,12,34,5,43,1,64,1,0,2,Action_480p_60fps_10s
981,0,p8x8,2,0.1576417238898509,1,12,0,-10,30.05254871618225,4:-4,temporal,0,393,2,umh,27,1,1,cbr,0,high,0.6372828559364112,47,13,34,5,43,1,44,1,0,2,Action_480p_60fps_10s
981,1,p8x8,2,0.1576417238898509,1,14,1,-10,30.05254871618225,-5:5,temporal,0,453,2,umh,27,0,1,none,0,baseline,0.6372828559364112,47,12,34,5,34,6,64,1,0,2,Action_480p_60fps_10s
981,1,p8x8,2,0.1576417238898509,1,12,0,-10,38.41013554128254,4:-4,auto,0,453,2,umh,27,0,1,none,0,main,0.6372828559364112,47,12,236,5,34,6,35,1,0,2,Action_480p_60fps_10s
981,1,p8x8,2,0.1576417238898509,1,14,1,-10,30.05254871618225,4:-4,temporal,0,453,2,umh,27,0,1,none,0,high,0.6372828559364112,47,12,34,5,43,1,64,1,0,0,Action_480p_60fps_10s
981,1,p8x8,2,0.1576417238898509,1,14,1,-10,24.078821898900205,4:-4,temporal,0,453,2,umh,11,1,1,none,0,high,0.6372828559364112,47,12,34,5,64,8,49,0,0,0,Action_480p_60fps_10s
1162,1,none,2,0.1576417238898509,1,1,1,-10,30.05254871618225,4:-4,auto,1,453,2,umh,27,0,1,none,0,high,0.6372828559364112,35,12,34,5,43,1,57,1,0,0,Action_480p_60fps_10s
981,1,p8x8,1,0.1576417238898509,1,14,1,-10,30.05254871618225,4:-4,temporal,1,453,2,umh,27,0,1,vbr,1,high,0.334900129455401,24,9,34,7,31,1,64,1,0,2,Action_480p_60fps_10s
981,0,p8x8,2,0.1576417238898509,1,14,1,-10,30.05254871618225,4:-4,temporal,1,453,2,umh,27,0,1,vbr,1,high,0.6372828559364112,47,12,34,5,43,1,2,1,0,2,Action_480p_60fps_10s
981,1,p8x8,2,0.4349551210303397,0,14,1,-10,30.05254871618225,4:-4,temporal,0,453,2,esa,27,0,1,cbr,0,main,0.334900129455401,24,9,27,7,31,1,57,1,0,0,Action_480p_60fps_10s
877,0,none,0,1.236053973363605,0,13,0,10,24.845320280721005,2:-2,none,0,272,1,tesa,9,1,0,vbr,1,main,0.3099669091305331,37,7,49,6,35,0,33,1,0,1,Big_720p_30fps_5s
877,0,none,1,0.7109932528244155,0,5,0,10,24.845320280721005,2:-2,auto,0,272,1,tesa,9,0,1,none,0,main,0.3099669091305331,37,7,49,6,35,0,14,1,0,1,Big_720p_30fps_5s
1118,1,"p8x8,b8x8,i8x8,i4x4",0,1.236053973363605,0,5,0,10,24.845320280721005,2:-2,none,0,272,1,tesa,9,0,1,vbr,0,main,0.3099669091305331,37,7,49,6,35,0,14,1,0,1,Big_720p_30fps_5s
877,0,none,1,0.7109932528244155,0,5,0,10,24.845320280721005,2:-2,auto,0,272,1,tesa,9,1,1,cbr,1,high,0.209041155276022,37,0,25,13,48,9,14,0,0,2,Big_720p_30fps_5s
877,0,none,1,0.7109932528244155,0,6,0,10,24.845320280721005,2:-2,auto,0,272,1,tesa,9,0,1,none,0,main,0.4296472510238589,29,1,95,12,77,2,21,2,0,2,Big_720p_30fps_5s
1485,1,p8x8,0,1.7535275951055005,0,2,1,1,24.845320280721005,2:-2,auto,0,272,1,tesa,9,1,1,none,0,main,0.3601891392933345,37,7,49,6,35,0,14,1,0,1,Big_720p_30fps_5s
1882,0,none,1,0.7109932528244155,0,5,0,10,35.55545997220386,2:-2,auto,0,272,1,tesa,9,0,1,cbr,1,high,0.209041155276022,37,0,25,13,48,9,14,0,0,2,Big_720p_30fps_5s
877,0,none,0,1.236053973363605,0,13,0,10,24.845320280721005,2:-2,none,0,272,1,tesa,9,0,0,vbr,1,main,0.3099669091305331,37,7,49,6,35,0,33,1,0,1,Big_720p_30fps_5s
1118,1,"p8x8,b8x8,i8x8,i4x4",1,0.7109932528244155,0,6,0,10,24.845320280721005,2:-2,auto,0,272,1,tesa,9,0,1,none,0,main,0.4296472510238589,29,1,98,12,77,2,21,2,0,2,Big_720p_30fps_5s
1485,0,p8x8,0,1.7535275951055005,0,2,1,1,24.845320280721005,2:-2,auto,0,272,1,tesa,8,1,1,none,0,main,0.3601891392933345,37,7,184,2,52,1,14,1,0,1,Big_720p_30fps_5s
877,0,none,0,1.236053973363605,0,13,0,10,24.845320280721005,2:-2,none,0,272,1,tesa,9,0,0,vbr,1,high,0.3099669091305331,37,7,92,2,68,0,2,1,0,0,Big_720p_30fps_5s
877,0,none,1,1.236053973363605,0,13,0,10,24.845320280721005,2:-2,none,0,272,1,tesa,9,1,0,vbr,1,main,0.3099669091305331,37,7,49,6,35,0,33,1,0,1,Big_720p_30fps_5s
877,0,none,0,0.7109932528244155,0,5,0,10,5.40582142422609,2:-2,auto,0,272,1,tesa,9,0,1,none,0,main,0.1057329725397425,37,7,49,6,35,0,14,1,0,1,Big_720p_30fps_5s
1118,0,"p8x8,b8x8,i8x8,i4x4",1,0.7109932528244155,0,6,0,10,24.845320280721005,2:-2,auto,0,272,1,tesa,9,1,1,none,0,main,0.8318183040530976,37,7,49,6,35,0,33,1,0,0,Big_720p_30fps_5s
877,0,"p8x8,b8x8,i8x8,i4x4",1,0.7109932528244155,1,5,0,10,24.845320280721005,2:-2,auto,0,272,1,tesa,9,1,1,none,0,main,0.3601891392933345,37,7,49,1,35,0,14,1,0,1,Big_720p_30fps_5s
877,0,none,1,0.7109932528244155,0,6,0,10,24.845320280721005,2:-2,auto,0,272,1,tesa,9,0,1,none,1,main,0.3099669091305331,37,7,49,6,35,0,53,1,0,1,Big_720p_30fps_5s
877,0,none,1,0.7109932528244155,0,5,0,10,24.845320280721005,2:-2,auto,0,272,1,tesa,9,0,1,none,0,main,0.4296472510238589,47,3,95,12,77,2,21,2,0,2,Big_720p_30fps_5s
1045,0,"p8x8,b8x8,i8x8,i4x4",1,0.4722608658188174,0,5,0,10,24.845320280721005,2:-2,none,0,272,1,tesa,9,0,1,vbr,0,main,0.3099669091305331,41,7,49,5,48,9,14,0,0,2,Big_720p_30fps_5s
1882,0,none,3,0.7109932528244155,0,5,0,10,35.55545997220386,2:-2,auto,0,272,4,tesa,9,0,1,cbr,1,high,0.209041155276022,37,0,25,13,92,0,14,1,0,1,Big_720p_30fps_5s
877,0,none,1,0.7109932528244155,0,5,0,10,24.845320280721005,2:-2,auto,0,272,1,umh,9,0,1,none,0,main,0.3099669091305331,37,7,49,6,62,0,14,1,0,1,Big_720p_30fps_5s
2044,1,p4x4,2,1.6822079922260096,1,4,1,-1,34.02832446586254,5:-5,auto,1,116,0,dia,7,0,0,vbr,0,baseline,0.741091758901064,49,1,157,1,40,1,11,1,1,1,Big_480p_30fps_5s
1025,0,"p8x8,b8x8,i8x8,i4x4",2,1.6822079922260096,1,4,1,-5,34.02832446586254,-3:3,auto,1,116,3,dia,7,0,0,vbr,0,baseline,0.741091758901064,49,1,157,1,55,0,46,1,1,2,Big_480p_30fps_5s
2044,1,p4x4,2,1.6822079922260096,1,4,1,-1,34.02832446586254,5:-5,auto,1,116,0,dia,7,0,0,vbr,0,baseline,0.741091758901064,49,1,157,1,40,6,54,1,1,0,Big_480p_30fps_5s
816,1,p4x4,0,0.9870357695477202,2,10,1,0,28.64779982514085,-3:3,auto,0,434,0,umh,49,0,1,none,1,main,0.5241074708625206,41,17,49,2,96,5,54,1,1,2,Big_480p_30fps_5s
816,1,p8x8,0,0.9870357695477202,2,10,1,0,28.64779982514085,-3:3,temporal,0,434,0,umh,49,0,1,none,1,main,0.5241074708625206,41,17,49,5,96,5,54,1,1,0,Big_480p_30fps_5s
816,1,p8x8,0,0.9870357695477202,2,10,1,0,28.64779982514085,-3:3,temporal,0,434,0,umh,49,0,1,none,1,main,0.5241074708625206,41,17,25,3,86,2,21,0,1,1,Big_480p_30fps_5s
816,1,p8x8,1,1.4278169187738816,2,10,1,0,28.64779982514085,-3:3,spatial,0,434,0,umh,49,0,1,none,1,main,0.5241074708625206,41,17,49,5,96,1,11,1,1,1,Big_480p_30fps_5s
816,1,p8x8,2,0.9870357695477202,1,10,1,0,28.64779982514085,-3:3,temporal,0,434,0,umh,49,0,1,none,1,main,0.5241074708625206,41,17,49,5,96,5,54,1,1,0,Big_480p_30fps_5s
1025,0,p4x4,2,1.6822079922260096,1,4,1,-5,34.02832446586254,5:-5,auto,1,116,3,dia,7,0,0,vbr,0,baseline,0.741091758901064,49,1,157,1,55,0,63,1,1,2,Big_480p_30fps_5s
1025,0,"p8x8,b8x8,i8x8,i4x4",2,1.6822079922260096,1,4,1,-10,34.02832446586254,5:-5,auto,1,116,0,dia,7,1,0,vbr,0,baseline,0.4719224388364953,49,1,157,1,40,0,63,1,1,0,Big_480p_30fps_5s
1025,0,"p8x8,b8x8,i8x8,i4x4",2,1.6822079922260096,1,4,1,-10,34.02832446586254,5:-5,auto,1,116,0,dia,7,0,0,vbr,0,baseline,0.741091758901064,49,1,157,1,40,10,63,1,0,0,Big_480p_30fps_5s
1025,0,"p8x8,b8x8,i8x8,i4x4",2,1.6822079922260096,1,4,1,-5,34.02832446586254,5:-5,auto,1,116,0,dia,7,0,0,vbr,0,baseline,0.741091758901064,49,1,157,1,40,0,63,1,1,0,Big_480p_30fps_5s
2044,0,p4x4,2,1.6822079922260096,1,4,1,-1,34.02832446586254,5:-5,auto,1,116,0,dia,7,0,0,vbr,0,baseline,0.741091758901064,49,1,157,1,40,1,11,1,1,1,Big_480p_30fps_5s
1025,0,p4x4,2,1.6822079922260096,1,4,1,-5,34.02832446586254,5:-5,auto,1,257,3,dia,7,0,0,vbr,0,baseline,0.741091758901064,49,1,157,1,59,0,63,2,1,0,Big_480p_30fps_5s
68,1,p4x4,3,1.196366656875766,1,4,1,-5,2.3450158849316325,5:-5,auto,1,116,0,dia,15,0,0,vbr,0,baseline,0.741091758901064,49,4,23,1,40,2,63,1,1,0,Big_480p_30fps_5s
1025,0,p4x4,2,1.6822079922260096,1,4,1,-5,34.02832446586254,-1:1,auto,1,116,0,umh,7,0,0,vbr,0,baseline,0.5456973144663639,49,1,157,1,40,0,63,1,1,0,Big_480p_30fps_5s
2044,0,p4x4,2,1.6822079922260096,1,4,1,-4,34.02832446586254,5:-5,auto,1,116,0,dia,7,1,0,vbr,1,baseline,0.4719224388364953,42,1,157,1,40,0,63,1,1,1,Big_480p_30fps_5s
625,1,p4x4,2,0.858969928340521,0,10,0,0,28.64779982514085,-2:2,temporal,0,199,0,dia,28,1,1,none,0,main,0.1942150066494315,36,16,25,3,49,8,24,0,1,2,Big_480p_30fps_5s
119,1,p4x4,0,1.602756297245056,2,10,1,0,28.64779982514085,-3:3,auto,0,434,2,umh,49,0,1,cbr,0,baseline,0.741091758901064,29,1,157,1,40,1,1,0,1,1,Big_480p_30fps_5s
2044,1,p4x4,2,1.6822079922260096,1,10,1,0,28.64779982514085,-3:3,temporal,0,434,0,tesa,49,0,1,none,1,main,0.5241074708625206,41,17,49,5,96,5,54,1,1,0,Big_480p_30fps_5s
570,0,none,0,1.654482266576066,1,6,0,6,33.50767232846221,3:-3,auto,1,70,1,dia,13,0,1,none,1,baseline,0.4736295044214601,26,13,55,15,54,7,2,0,0,0,Action_720p_30fps_20s
570,0,p4x4,0,1.654482266576066,1,6,1,6,33.50767232846221,3:-3,auto,0,70,1,dia,13,0,1,none,1,baseline,0.4736295044214601,26,13,55,15,54,5,42,0,0,1,Action_720p_30fps_20s
1740,1,p4x4,0,0.2667723681092607,0,3,1,11,5.38687546318934,5:-5,none,1,152,4,esa,26,1,1,cbr,0,main,0.0802902968978373,43,5,202,2,28,4,44,0,0,0,Action_720p_30fps_20s
570,0,none,0,1.654482266576066,1,7,1,-12,29.58495568862226,4:4,spatial,0,105,0,hex,11,1,1,cbr,1,high,0.7708401894720399,41,9,217,9,89,5,24,1,1,2,Action_720p_30fps_20s
875,1,all,0,1.861375899982156,0,14,1,6,33.50767232846221,3:-3,spatial,0,70,1,dia,13,0,1,none,1,baseline,0.4736295044214601,26,13,55,11,54,5,42,0,0,1,Action_720p_30fps_20s
875,1,all,0,1.861375899982156,0,14,1,6,33.50767232846221,3:-3,spatial,0,70,1,dia,13,0,0,none,1,high,0.4736295044214601,26,13,55,11,54,5,42,0,0,1,Action_720p_30fps_20s
1278,0,all,1,0.9834475296128494,2,1,1,7,42.876785685812266,4:4,none,1,105,2,hex,11,0,0,cbr,1,high,0.4548267130190735,41,9,217,9,89,2,37,2,0,2,Action_720p_30fps_20s
76,0,p8x8,1,0.6295137611273145,2,0,1,9,29.58495568862226,4:4,spatial,0,51,0,dia,54,0,1,none,0,baseline,0.6493532546000097,48,4,92,2,80,0,2,0,0,0,Action_720p_30fps_20s
570,0,none,0,1.654482266576066,1,6,1,9,29.58495568862226,4:4,spatial,0,51,0,esa,54,0,1,none,0,baseline,0.6493532546000097,48,18,92,2,80,0,2,0,0,0,Action_720p_30fps_20s
2042,0,none,0,1.654482266576066,1,6,0,9,29.58495568862226,-2:2,spatial,0,51,0,esa,54,0,1,none,0,baseline,0.6071985520676814,48,18,92,2,80,0,2,0,0,0,Action_720p_30fps_20s
76,0,all,1,0.6295137611273145,2,3,1,-12,29.58495568862226,2:-2,spatial,0,51,0,dia,54,0,0,none,1,baseline,0.6493532546000097,48,4,92,2,80,0,42,0,0,1,Action_720p_30fps_20s
1278,0,all,1,1.4999536256894654,2,4,0,0,42.876785685812266,4:4,none,1,51,0,esa,54,0,1,none,0,baseline,0.6493532546000097,48,18,92,2,80,0,2,0,0,0,Action_720p_30fps_20s
875,1,all,0,1.861375899982156,0,14,1,6,33.50767232846221,3:-3,spatial,0,51,0,esa,54,0,1,none,0,baseline,0.6071985520676814,48,18,92,2,80,11,2,0,0,0,Action_720p_30fps_20s
570,0,none,0,1.654482266576066,1,6,1,6,33.50767232846221,3:-3,auto,0,70,1,dia,13,0,1,none,1,baseline,0.4736295044214601,26,13,55,15,54,5,42,0,0,1,Action_720p_30fps_20s
570,0,none,0,1.654482266576066,1,6,1,6,26.75651786964228,3:-3,auto,0,70,1,dia,13,0,1,none,1,baseline,0.3895974904510324,26,13,55,8,54,5,42,0,0,1,Action_720p_30fps_20s
2042,0,none,0,1.654482266576066,1,6,1,9,29.58495568862226,-2:2,spatial,0,70,1,dia,13,0,1,none,1,baseline,0.4736295044214601,26,13,55,11,54,5,42,0,0,1,Action_720p_30fps_20s
875,1,all,0,1.861375899982156,0,14,1,6,33.50767232846221,3:-3,auto,0,70,1,dia,13,0,1,none,0,baseline,0.4736295044214601,26,13,55,11,54,5,42,0,0,1,Action_720p_30fps_20s
875,1,all,0,1.861375899982156,0,14,1,6,33.50767232846221,3:-3,auto,0,70,1,dia,13,0,1,none,0,baseline,0.4736295044214601,26,13,55,13,54,5,42,0,0,1,Action_720p_30fps_20s
436,1,all,2,1.861375899982156,0,14,1,6,33.50767232846221,5:-5,auto,0,70,1,dia,13,0,1,none,0,baseline,0.4736295044214601,26,13,55,11,54,5,47,0,0,1,Action_720p_30fps_20s
875,1,all,2,1.861375899982156,0,14,1,6,33.50767232846221,3:-3,auto,0,70,1,dia,13,0,1,none,0,baseline,0.4736295044214601,26,13,55,11,54,5,47,0,0,1,Action_720p_30fps_20s
1587,0,p8x8,3,0.6295137611273145,2,0,0,9,29.58495568862226,4:4,temporal,0,51,0,dia,8,1,1,none,1,baseline,0.9752974117909078,47,10,115,1,16,4,48,0,1,0,Big_1080p_30fps_15s
1051,0,p4x4,0,1.4398637559951868,2,0,0,0,50.116393533906425,2:2,spatial,0,51,0,dia,54,0,1,none,1,baseline,0.3870412683698621,31,3,9,6,35,4,61,1,1,0,Big_1080p_30fps_15s
1587,0,p8x8,3,0.6295137611273145,2,0,0,9,29.58495568862226,4:4,temporal,0,221,0,dia,28,1,1,none,1,baseline,0.9752974117909078,47,10,115,1,16,4,48,0,1,0,Big_1080p_30fps_15s
1587,0,p8x8,3,0.6295137611273145,2,0,0,9,8.555659593858135,4:4,temporal,0,221,0,dia,28,1,1,none,0,baseline,0.7710024877572751,47,10,3,1,16,4,48,0,1,0,Big_1080p_30fps_15s
1587,0,p8x8,3,0.6295137611273145,2,0,0,9,29.58495568862226,4:4,temporal,0,51,1,dia,8,1,1,none,1,baseline,0.9752974117909078,47,10,115,1,16,4,48,0,1,0,Big_1080p_30fps_15s
1587,0,p8x8,3,0.1310540811069741,2,0,0,9,40.84297894536008,-2:2,temporal,0,211,0,dia,54,0,1,none,1,baseline,0.3870412683698621,26,3,9,6,10,4,61,1,1,0,Big_1080p_30fps_15s
76,1,p8x8,3,1.650420363547847,2,0,0,9,7.486826067008063,4:4,temporal,0,221,0,dia,48,1,1,none,1,baseline,0.9752974117909078,47,12,115,11,16,4,31,0,1,0,Big_1080p_30fps_15s
1888,0,p8x8,3,0.6295137611273145,2,0,0,9,8.555659593858135,4:4,temporal,0,221,0,dia,28,1,1,none,0,baseline,0.7710024877572751,47,10,3,1,16,4,48,0,1,0,Big_1080p_30fps_15s
1587,0,p8x8,3,0.6295137611273145,0,1,1,-11,29.58495568862226,4:4,none,0,51,2,dia,40,1,1,none,0,high,0.9752974117909078,47,10,92,2,5,0,28,2,1,1,Big_1080p_30fps_15s
1587,0,p8x8,3,1.1322624546091498,0,1,1,-11,29.58495568862226,4:4,temporal,0,51,2,dia,40,0,1,none,0,high,0.9752974117909078,47,10,92,2,5,0,0,2,1,1,Big_1080p_30fps_15s
1587,0,p8x8,3,0.6295137611273145,2,1,1,-11,29.58495568862226,4:4,temporal,0,51,2,dia,40,1,1,none,0,high,0.9752974117909078,47,10,92,2,5,0,0,2,1,1,Big_1080p_30fps_15s
2354,0,p8x8,1,0.6295137611273145,2,0,1,-11,29.58495568862226,4:4,temporal,0,51,2,dia,40,1,1,none,0,high,0.9752974117909078,47,10,92,2,73,2,0,2,1,1,Big_1080p_30fps_15s
2354,0,p8x8,1,0.6295137611273145,2,0,1,-11,29.58495568862226,4:4,temporal,0,51,2,dia,47,1,1,none,0,high,0.9752974117909078,47,10,92,2,73,2,23,2,1,1,Big_1080p_30fps_15s
76,0,p8x8,1,0.6295137611273145,2,0,1,9,29.58495568862226,4:4,spatial,0,51,0,dia,54,0,1,none,0,baseline,0.6493532546000097,48,4,92,2,80,0,2,0,0,0,Big_1080p_30fps_15s
1587,0,p8x8,3,0.6295137611273145,2,0,1,-12,29.58495568862226,4:4,spatial,0,51,0,dia,54,0,1,cbr,1,baseline,0.0694029187082893,51,15,41,1,17,6,31,0,0,1,Big_1080p_30fps_15s
76,1,p8x8,1,0.6295137611273145,2,0,0,9,29.58495568862226,4:4,spatial,0,51,0,dia,54,1,1,none,1,baseline,0.9752974117909078,47,10,115,1,16,4,48,0,1,0,Big_1080p_30fps_15s
76,0,p8x8,1,0.6295137611273145,2,0,1,9,29.58495568862226,4:4,spatial,0,51,3,dia,54,0,1,vbr,0,baseline,0.6493532546000097,48,4,92,2,80,0,2,0,0,0,Big_1080p_30fps_15s
76,1,p8x8,1,0.6295137611273145,2,0,1,9,29.58495568862226,4:4,spatial,0,51,0,dia,54,0,1,none,1,baseline,0.9752974117909078,25,10,115,1,16,4,48,0,1,2,Big_1080p_30fps_15s
76,0,p8x8,1,0.6295137611273145,2,0,1,9,23.12503960328424,4:4,auto,0,51,0,dia,54,0,1,none,0,main,0.6493532546000097,48,4,92,2,80,0,2,0,0,0,Big_1080p_30fps_15s
76,0,p8x8,1,0.6295137611273145,2,0,1,9,29.58495568862226,4:4,spatial,0,51,0,dia,36,0,0,none,0,main,0.5302170590432224,25,19,182,12,10,7,22,2,0,1,Big_1080p_30fps_15s
853,0,p8x8,2,0.8386707997446446,0,3,1,6,12.160825193039496,1:1,none,0,53,2,hex,51,0,0,none,0,high,0.1724828560371048,48,15,239,5,48,2,47,0,0,1,Action_720p_30fps_15s
7,1,p8x8,2,0.8386707997446446,0,3,1,5,12.160825193039496,1:1,temporal,1,127,2,hex,51,0,0,vbr,0,high,0.3616718805364829,27,10,44,3,18,1,50,0,1,2,Action_720p_30fps_15s
76,0,"p8x8,b8x8,i8x8,i4x4",1,0.8386707997446446,0,3,1,6,12.160825193039496,1:1,none,1,127,2,umh,51,1,0,vbr,0,high,0.3616718805364829,27,10,44,3,18,1,50,0,1,1,Action_720p_30fps_15s
1381,0,none,2,0.8386707997446446,0,3,1,6,11.131439745404744,1:1,none,1,199,1,hex,51,1,0,none,0,baseline,0.6493532546000097,46,4,92,2,80,0,42,1,0,0,Action_720p_30fps_15s
1381,0,none,1,0.6295137611273145,2,0,1,9,29.58495568862226,4:4,spatial,0,51,0,dia,9,0,0,vbr,0,high,0.3616718805364829,27,10,44,3,18,1,50,0,1,1,Action_720p_30fps_15s
1381,0,none,2,0.8386707997446446,0,3,1,6,29.48903521464648,1:1,none,1,199,1,hex,51,1,1,none,0,baseline,0.6493532546000097,46,10,10,2,80,0,42,1,0,0,Action_720p_30fps_15s
7,0,p8x8,2,0.8386707997446446,0,3,1,1,12.160825193039496,1:1,temporal,1,127,2,hex,51,0,0,vbr,0,high,0.3616718805364829,27,10,44,3,18,1,50,0,1,1,Action_720p_30fps_15s
7,0,p8x8,2,0.8386707997446446,0,3,1,6,12.160825193039496,1:1,none,1,127,2,hex,51,0,0,vbr,0,high,0.3616718805364829,48,15,239,5,55,2,47,2,0,1,Action_720p_30fps_15s
1381,0,none,2,0.8386707997446446,0,3,1,6,12.160825193039496,1:1,none,1,127,2,hex,51,1,0,vbr,0,high,0.3616718805364829,27,10,44,3,18,1,50,0,1,1,Action_720p_30fps_15s
76,0,p8x8,1,0.6295137611273145,2,0,1,9,29.58495568862226,4:4,none,1,127,2,hex,51,1,0,vbr,0,high,0.3616718805364829,27,10,44,3,87,1,50,0,1,1,Action_720p_30fps_15s
76,0,all,1,0.8386707997446446,1,3,1,9,12.160825193039496,1:1,none,1,54,2,umh,51,1,1,vbr,0,high,0.3616718805364829,27,10,44,3,18,1,50,0,1,1,Action_720p_30fps_15s
7,0,p8x8,2,0.8386707997446446,0,3,0,6,18.70829447661428,1:1,none,1,127,2,hex,51,0,1,vbr,0,baseline,0.3616718805364829,27,10,44,3,99,1,50,0,1,1,Action_720p_30fps_15s
1381,0,none,2,0.8386707997446446,0,3,1,6,7.459250717638597,1:1,auto,1,199,1,hex,51,1,1,none,0,high,0.1724828560371048,48,15,90,5,48,2,32,0,0,1,Action_720p_30fps_15s
7,0,p8x8,2,0.8386707997446446,0,3,1,1,12.160825193039496,1:1,temporal,1,74,2,hex,51,0,0,vbr,0,high,0.3616718805364829,27,10,44,3,80,0,22,0,1,0,Action_720p_30fps_15s
7,1,p8x8,3,0.8386707997446446,0,3,1,5,12.160825193039496,1:1,temporal,1,127,2,hex,48,1,1,none,1,high,0.3644518743760119,39,12,132,3,30,0,8,0,1,1,Action_720p_30fps_15s
76,0,p8x8,1,0.6295137611273145,2,0,1,9,37.62230308663513,4:4,none,1,127,2,hex,51,1,0,vbr,0,high,0.3616718805364829,33,10,44,8,18,1,50,0,1,1,Action_720p_30fps_15s
76,0,all,1,0.8386707997446446,0,3,1,9,12.160825193039496,5:5,none,0,54,2,umh,51,1,1,vbr,0,high,0.3616718805364829,27,10,44,3,87,1,50,0,1,1,Action_720p_30fps_15s
1345,0,p8x8,2,0.8386707997446446,0,3,0,6,18.82484492284032,1:1,none,1,127,2,hex,51,0,1,vbr,1,baseline,0.3616718805364829,27,10,44,3,99,1,50,0,1,1,Action_720p_30fps_15s
853,0,all,1,0.8386707997446446,0,3,1,9,12.160825193039496,1:1,none,0,54,0,umh,51,1,1,vbr,0,high,0.3616718805364829,27,10,44,3,18,1,9,0,1,1,Action_720p_30fps_15s
853,0,p8x8,2,0.8386707997446446,0,3,1,6,12.160825193039496,1:1,none,0,53,2,hex,51,0,0,none,0,high,0.3616718805364829,27,10,44,3,99,1,50,0,0,1,Action_720p_30fps_15s
737,1,none,2,1.446056235059237,0,12,1,-4,34.975950955313785,-1:1,spatial,1,40,4,tesa,47,1,0,vbr,1,main,0.0322787327694953,36,14,176,8,80,1,21,0,1,1,Standard_1080p_60fps_10s
737,1,none,2,1.446056235059237,0,12,1,-4,34.975950955313785,5:5,spatial,1,302,4,tesa,47,1,0,vbr,1,high,0.5113352790318704,48,14,176,8,26,1,21,0,1,1,Standard_1080p_60fps_10s
737,1,none,2,1.446056235059237,0,12,1,-4,34.975950955313785,-5:5,spatial,1,266,4,tesa,47,1,0,vbr,1,high,0.5113352790318704,48,16,176,5,26,1,21,0,1,1,Standard_1080p_60fps_10s
2290,1,none,2,1.446056235059237,0,12,1,-4,34.975950955313785,-5:5,spatial,1,266,4,tesa,47,1,0,vbr,1,main,0.0322787327694953,48,14,6,5,26,1,21,0,1,1,Standard_1080p_60fps_10s
737,1,all,2,1.446056235059237,0,12,1,-4,34.975950955313785,-5:5,spatial,0,266,4,tesa,47,1,0,vbr,1,main,0.0322787327694953,48,14,176,5,26,1,21,0,1,1,Standard_1080p_60fps_10s
737,1,none,2,1.446056235059237,0,12,1,-4,34.975950955313785,-5:5,spatial,1,266,4,tesa,47,1,0,vbr,1,high,0.5113352790318704,48,14,176,5,26,1,21,0,1,1,Standard_1080p_60fps_10s
737,1,none,2,1.446056235059237,0,12,1,-4,34.975950955313785,-1:1,spatial,1,40,4,tesa,47,1,0,vbr,1,high,0.5113352790318704,48,10,176,5,26,1,21,0,1,0,Standard_1080p_60fps_10s
2290,1,none,2,1.446056235059237,0,12,1,-4,34.975950955313785,-5:5,spatial,1,266,4,tesa,47,1,0,vbr,1,high,0.5113352790318704,48,14,176,5,26,1,21,0,1,1,Standard_1080p_60fps_10s
737,1,none,2,1.446056235059237,0,14,1,-1,3.973377611017614,-5:5,auto,1,266,4,tesa,47,1,0,vbr,1,high,0.5113352790318704,48,14,176,5,26,1,21,0,1,1,Standard_1080p_60fps_10s
737,1,none,2,1.446056235059237,0,12,1,-4,34.975950955313785,-1:1,spatial,1,40,4,tesa,47,1,0,vbr,1,high,0.5113352790318704,48,14,176,5,26,1,21,0,1,0,Standard_1080p_60fps_10s
737,1,none,2,1.446056235059237,0,12,1,-4,34.975950955313785,-1:1,spatial,1,40,4,tesa,47,1,0,vbr,1,high,0.5113352790318704,36,14,176,5,26,1,21,0,1,1,Standard_1080p_60fps_10s
737,1,none,2,1.446056235059237,0,12,1,-4,34.975950955313785,-5:5,spatial,1,266,4,tesa,47,1,0,vbr,1,high,0.5113352790318704,48,6,242,5,26,1,21,0,1,1,Standard_1080p_60fps_10s
2290,1,none,2,1.446056235059237,0,12,1,-4,34.975950955313785,-5:5,spatial,1,40,4,tesa,47,1,0,vbr,1,high,0.5113352790318704,48,10,176,5,26,1,54,0,1,2,Standard_1080p_60fps_10s
737,1,none,2,1.446056235059237,0,12,1,-4,34.975950955313785,-1:1,none,1,40,4,tesa,47,1,0,vbr,1,high,0.5113352790318704,48,14,176,5,26,1,21,0,1,0,Standard_1080p_60fps_10s
2290,1,none,2,1.446056235059237,0,12,1,-4,34.975950955313785,-5:5,spatial,1,266,4,tesa,47,1,0,vbr,1,high,0.5113352790318704,48,6,242,5,26,1,9,2,1,1,Standard_1080p_60fps_10s
737,1,none,2,1.446056235059237,0,12,1,-4,34.975950955313785,-1:1,spatial,0,40,4,tesa,47,1,0,vbr,1,high,0.5113352790318704,48,14,176,5,26,1,21,0,1,0,Standard_1080p_60fps_10s
737,1,none,2,1.446056235059237,0,12,1,-4,34.975950955313785,-5:5,spatial,0,266,4,esa,55,1,0,vbr,1,high,0.5113352790318704,36,14,176,5,26,1,21,0,1,1,Standard_1080p_60fps_10s
737,1,none,2,1.446056235059237,1,12,1,-4,34.975950955313785,-1:1,spatial,0,40,4,hex,47,1,0,vbr,0,high,0.5113352790318704,48,16,176,5,26,1,21,0,1,1,Standard_1080p_60fps_10s
737,1,none,3,1.446056235059237,0,12,1,-4,34.975950955313785,-5:5,spatial,1,266,4,tesa,47,1,0,vbr,1,high,0.5113352790318704,34,16,176,5,26,1,21,0,1,1,Standard_1080p_60fps_10s
737,1,none,2,1.446056235059237,0,16,0,-4,34.975950955313785,-5:5,spatial,0,266,4,tesa,47,1,0,vbr,1,high,0.5113352790318704,48,16,176,5,26,1,21,1,1,1,Standard_1080p_60fps_10s
2192,1,p4x4,3,0.6295137611273145,0,0,1,5,37.28746632608682,4:4,spatial,1,51,4,hex,13,0,1,none,1,high,0.2374952707397156,48,4,92,2,81,11,24,0,1,2,Big_720p_30fps_20s
2192,1,"p8x8,b8x8,i8x8,i4x4",3,0.6295137611273145,0,0,1,5,37.28746632608682,4:4,auto,1,227,4,umh,13,0,1,none,1,high,0.2374952707397156,48,4,5,7,2,0,53,1,1,2,Big_720p_30fps_20s
2192,1,p4x4,3,1.4234664276334543,0,0,1,5,47.22326760443185,4:4,spatial,1,259,4,dia,54,0,1,none,1,high,0.5266935083813419,48,4,92,2,40,1,24,0,1,2,Big_720p_30fps_20s
2192,1,p4x4,3,0.6295137611273145,2,0,1,11,37.28746632608682,4:4,spatial,1,51,4,hex,13,0,1,none,1,high,0.2374952707397156,48,4,40,7,22,0,43,1,1,1,Big_720p_30fps_20s
2192,1,p4x4,3,1.4234664276334543,1,0,1,5,47.22326760443185,4:4,spatial,1,259,4,dia,54,0,1,none,1,high,0.5266935083813419,38,4,92,2,40,1,24,0,1,2,Big_720p_30fps_20s
2192,1,p4x4,3,1.4234664276334543,0,0,1,5,47.22326760443185,4:4,spatial,1,259,4,hex,54,0,1,none,1,high,0.5266935083813419,48,4,66,2,9,0,14,1,0,2,Big_720p_30fps_20s
2192,1,p4x4,3,1.4234664276334543,1,0,1,5,43.99132065470027,4:4,spatial,1,363,4,hex,33,0,1,none,1,high,0.2374952707397156,48,4,92,2,81,1,6,0,1,2,Big_720p_30fps_20s
2192,1,p4x4,3,0.6295137611273145,0,0,1,5,49.376471962682494,4:4,auto,0,259,4,dia,54,0,1,none,1,high,0.5266935083813419,48,4,92,2,40,1,24,1,0,2,Big_720p_30fps_20s
2192,1,p4x4,3,1.4234664276334543,0,0,1,5,47.22326760443185,4:4,spatial,1,259,4,dia,54,0,1,none,1,high,0.5266935083813419,23,4,92,2,40,1,24,0,0,2,Big_720p_30fps_20s
1025,0,"p8x8,b8x8,i8x8,i4x4",2,1.6822079922260096,1,4,1,-5,34.02832446586254,5:-5,auto,1,116,0,dia,7,0,0,vbr,0,baseline,0.741091758901064,49,1,157,1,40,0,63,1,1,0,Big_720p_30fps_20s
1025,0,"p8x8,b8x8,i8x8,i4x4",2,1.6822079922260096,1,4,1,-10,34.02832446586254,5:-5,auto,1,116,0,dia,7,0,0,vbr,0,baseline,0.741091758901064,49,1,157,1,40,10,63,1,0,0,Big_720p_30fps_20s
2355,1,p4x4,3,0.6295137611273145,1,0,0,5,37.28746632608682,4:4,spatial,1,373,4,hex,13,0,1,none,1,high,0.2374952707397156,48,4,92,2,64,11,24,0,1,2,Big_720p_30fps_20s
2355,1,p4x4,3,0.6295137611273145,1,0,0,5,37.28746632608682,4:4,spatial,1,51,4,hex,33,0,1,none,1,high,0.2374952707397156,48,4,92,2,81,1,24,0,1,2,Big_720p_30fps_20s
2192,1,p4x4,1,0.6295137611273145,2,0,0,5,49.376471962682494,4:4,spatial,0,259,3,dia,54,0,1,none,1,high,0.5266935083813419,48,4,92,2,81,0,14,0,1,2,Big_720p_30fps_20s
2192,1,p4x4,1,0.6295137611273145,2,0,0,5,49.376471962682494,4:4,spatial,0,259,4,dia,54,0,1,none,1,high,0.5266935083813419,48,4,92,2,40,1,24,2,1,2,Big_720p_30fps_20s
1445,1,p4x4,3,0.6295137611273145,1,0,0,5,37.28746632608682,4:4,spatial,1,51,4,hex,33,0,1,none,1,high,0.2374952707397156,48,4,92,2,81,1,14,0,1,2,Big_720p_30fps_20s
2355,1,p4x4,3,0.6295137611273145,1,0,0,5,37.28746632608682,4:4,spatial,1,373,4,hex,33,0,1,none,1,high,0.0191143923947614,48,4,92,2,81,1,24,0,1,2,Big_720p_30fps_20s
1445,1,p4x4,3,0.6295137611273145,0,0,0,5,37.28746632608682,4:4,spatial,1,51,4,esa,33,0,1,none,1,high,0.2374952707397156,48,4,21,2,81,11,24,0,1,2,Big_720p_30fps_20s
2355,1,p4x4,3,0.6295137611273145,1,0,0,5,37.28746632608682,4:4,spatial,1,373,4,hex,13,0,1,none,1,high,0.2374952707397156,48,4,92,2,64,1,14,0,1,2,Big_720p_30fps_20s
2355,1,p4x4,2,0.6295137611273145,2,0,0,5,49.376471962682494,4:4,spatial,0,187,3,dia,54,1,1,none,1,high,0.5266935083813419,48,4,92,2,81,0,14,1,1,2,Big_720p_30fps_20s
1690,1,none,2,1.1536539324358672,1,13,1,-9,34.39312855686856,3:-3,auto,1,51,0,dia,58,0,1,none,0,baseline,0.6493532546000097,34,6,227,13,48,5,14,0,0,1,Big_1080p_30fps_5s
25,1,none,0,0.9332932968624006,0,13,1,-9,34.39312855686856,3:-3,none,1,51,0,dia,54,0,1,none,0,baseline,0.6493532546000097,48,17,227,13,48,9,14,0,0,2,Big_1080p_30fps_5s
25,1,none,3,0.9332932968624006,0,13,1,-9,34.39312855686856,3:-3,none,1,51,0,dia,54,0,1,none,0,baseline,0.6493532546000097,48,17,227,11,87,9,14,0,0,2,Big_1080p_30fps_5s
25,1,none,0,0.9332932968624006,0,13,1,-9,34.39312855686856,3:-3,none,1,51,0,dia,54,0,1,none,0,baseline,0.6493532546000097,48,17,6,9,48,9,24,0,0,2,Big_1080p_30fps_5s
1690,1,none,3,0.9332932968624006,0,13,1,-9,34.39312855686856,3:-3,none,1,51,0,dia,54,0,1,vbr,0,baseline,0.6493532546000097,48,17,227,3,87,9,14,0,0,2,Big_1080p_30fps_5s
1690,1,none,3,0.9332932968624006,0,13,1,-9,34.39312855686856,3:-3,none,1,51,0,dia,54,0,1,vbr,0,baseline,0.6493532546000097,48,17,192,13,48,9,26,0,0,2,Big_1080p_30fps_5s
76,1,p8x8,3,0.7732282964679049,1,14,1,-9,50.30758596159722,3:-3,none,0,51,0,dia,54,0,1,none,0,high,0.6493532546000097,48,17,6,2,48,9,14,0,0,2,Big_1080p_30fps_5s
25,1,none,1,1.4280740192306902,1,13,1,-9,34.39312855686856,3:-3,none,0,51,0,dia,54,0,1,none,0,high,0.6493532546000097,48,17,6,2,48,9,14,0,0,2,Big_1080p_30fps_5s
76,1,p8x8,3,0.7732282964679049,1,14,1,-9,36.30214777975875,3:-3,none,0,51,1,dia,54,0,1,none,0,high,0.6493532546000097,48,17,6,2,48,10,14,0,0,2,Big_1080p_30fps_5s
495,0,none,3,0.9332932968624006,0,13,1,-9,34.39312855686856,3:-3,none,0,51,3,tesa,54,0,1,vbr,0,baseline,0.6493532546000097,48,17,72,2,19,0,2,0,0,1,Big_1080p_30fps_5s
25,0,none,2,1.921503505925924,1,13,1,-9,34.39312855686856,3:-3,none,0,51,3,dia,54,0,1,vbr,0,baseline,0.6493532546000097,48,17,72,1,19,0,2,0,0,1,Big_1080p_30fps_5s
1485,0,p8x8,0,1.7535275951055005,0,15,1,1,24.845320280721005,3:-3,none,1,51,0,dia,47,0,1,none,0,baseline,0.6493532546000097,48,17,227,13,48,9,14,0,0,1,Big_1080p_30fps_5s
495,1,none,3,0.9332932968624006,0,13,1,-9,34.39312855686856,3:-3,none,1,51,0,dia,54,0,1,vbr,0,high,0.6493532546000097,48,17,72,7,19,0,2,0,0,1,Big_1080p_30fps_5s
25,0,none,0,0.9332932968624006,0,13,1,-9,34.39312855686856,3:-3,none,1,51,0,dia,54,0,1,none,0,baseline,0.6493532546000097,48,17,227,3,87,9,15,0,0,2,Big_1080p_30fps_5s
1690,0,none,2,1.921503505925924,1,13,1,-9,34.39312855686856,3:-3,none,0,213,4,dia,54,0,1,vbr,0,baseline,0.6493532546000097,48,17,72,1,19,0,2,1,0,1,Big_1080p_30fps_5s
76,0,p8x8,1,0.6295137611273145,1,3,1,9,38.290495247372135,6:6,spatial,1,457,0,umh,47,0,0,none,0,main,0.4806541140111094,46,20,201,6,61,1,36,0,0,1,Big_1080p_30fps_5s
1011,0,p4x4,0,0.7841382476494912,0,13,1,7,37.37799214063269,4:-4,auto,0,406,0,esa,20,1,0,vbr,0,main,0.0833025022174705,43,10,149,12,23,0,20,1,1,1,Big_1080p_30fps_5s
1690,1,none,2,1.1536539324358672,0,13,1,7,42.876785685812266,4:-4,auto,0,106,3,tesa,6,1,1,vbr,1,baseline,0.4533312853075793,41,14,209,8,15,2,18,2,0,1,Big_1080p_30fps_5s
1011,0,p4x4,0,0.7841382476494912,0,13,1,7,37.37799214063269,4:-4,auto,0,20,0,esa,63,1,0,vbr,0,high,0.0833025022174705,43,10,149,2,23,2,20,1,1,1,Big_1080p_30fps_5s
469,0,"p8x8,b8x8,i8x8,i4x4",3,1.9388859071863007,0,9,1,-12,27.88001428928656,4:-4,auto,0,20,4,hex,63,1,0,vbr,0,high,0.0833025022174705,43,10,149,12,23,0,20,0,0,0,Big_1080p_30fps_5s
1895,1,p4x4,0,0.6295137611273145,1,0,0,5,37.28746632608682,4:4,spatial,1,373,4,hex,32,1,1,none,1,high,0.6775741695589723,48,4,92,2,13,1,24,2,1,2,Still_image_480p_60fps_20s
2355,1,p4x4,3,0.6295137611273145,1,0,0,5,37.28746632608682,4:4,spatial,1,373,4,hex,13,0,1,none,1,high,0.2374952707397156,48,4,92,2,64,1,14,0,1,2,Still_image_480p_60fps_20s
1445,1,p4x4,3,0.6295137611273145,0,0,0,5,37.28746632608682,4:4,spatial,1,51,4,esa,33,0,1,none,1,high,0.2374952707397156,48,4,21,2,81,11,24,0,1,2,Still_image_480p_60fps_20s
2192,1,p4x4,1,0.6295137611273145,2,0,0,5,49.376471962682494,4:4,spatial,0,259,3,dia,54,0,1,none,1,high,0.5266935083813419,48,4,92,2,81,0,14,0,1,2,Still_image_480p_60fps_20s
2355,1,p4x4,3,0.6295137611273145,1,0,0,5,37.28746632608682,4:4,spatial,1,373,4,hex,33,0,1,none,1,high,0.0191143923947614,48,4,92,2,81,1,24,0,1,2,Still_image_480p_60fps_20s
1445,1,p4x4,3,0.6295137611273145,1,0,0,5,37.28746632608682,4:4,spatial,1,51,4,hex,33,0,1,none,1,high,0.2374952707397156,48,4,92,2,81,1,14,0,1,2,Still_image_480p_60fps_20s
2192,1,p4x4,1,0.6295137611273145,2,0,0,5,49.376471962682494,4:4,spatial,0,259,4,dia,54,0,1,none,1,high,0.5266935083813419,48,4,92,2,40,1,24,2,1,2,Still_image_480p_60fps_20s
2355,1,p4x4,3,0.6295137611273145,1,0,0,5,37.28746632608682,4:4,spatial,1,51,4,hex,33,0,1,none,1,high,0.2374952707397156,48,4,92,2,81,1,24,0,1,2,Still_image_480p_60fps_20s
2355,1,p4x4,3,0.6295137611273145,1,0,0,5,37.28746632608682,4:4,spatial,1,373,4,hex,13,0,1,none,1,high,0.2374952707397156,48,4,92,2,64,11,24,0,1,2,Still_image_480p_60fps_20s
2355,1,p4x4,2,0.6295137611273145,1,11,0,5,37.28746632608682,1:-1,spatial,1,373,4,hex,13,0,1,none,1,high,0.2374952707397156,37,4,92,2,64,1,14,0,1,2,Still_image_480p_60fps_20s
2355,1,p4x4,2,0.6295137611273145,1,0,0,5,37.28746632608682,4:4,spatial,1,373,4,hex,13,0,1,none,1,high,0.2374952707397156,48,4,92,2,64,1,14,0,1,2,Still_image_480p_60fps_20s
1895,1,p4x4,0,0.6295137611273145,1,0,0,-1,37.28746632608682,4:4,spatial,1,373,4,hex,31,1,1,none,1,high,0.6775741695589723,48,4,92,2,23,0,20,0,0,2,Still_image_480p_60fps_20s
2192,1,p4x4,1,0.6295137611273145,2,0,0,11,49.376471962682494,4:4,spatial,0,259,3,dia,54,0,1,none,1,high,0.5266935083813419,48,4,92,2,81,0,14,0,1,1,Still_image_480p_60fps_20s
1485,1,p4x4,2,0.6295137611273145,1,0,0,5,6.752167122166814,4:4,temporal,1,373,4,hex,32,1,1,none,1,high,0.6775741695589723,48,4,92,2,13,1,24,2,1,2,Still_image_480p_60fps_20s
2192,1,p4x4,1,0.6295137611273145,1,0,0,5,49.376471962682494,4:4,spatial,0,259,4,dia,54,0,1,none,1,high,0.5266935083813419,48,4,92,2,40,1,24,2,1,2,Still_image_480p_60fps_20s
2192,1,p4x4,1,0.6295137611273145,2,3,0,3,49.376471962682494,-2:2,spatial,0,259,4,dia,34,0,1,none,1,high,0.2374952707397156,48,4,92,2,81,1,24,0,0,2,Still_image_480p_60fps_20s
1445,1,p4x4,3,1.288886259745501,0,0,0,5,37.28746632608682,-2:2,spatial,1,51,4,hex,33,0,1,none,1,high,0.2374952707397156,48,4,92,2,81,1,24,0,1,2,Still_image_480p_60fps_20s
1895,1,"p8x8,b8x8,i8x8,i4x4",0,0.6295137611273145,1,11,0,-1,37.28746632608682,4:4,spatial,0,373,4,hex,31,1,1,none,1,high,0.5266935083813419,46,4,92,2,81,0,14,1,1,2,Still_image_480p_60fps_20s
2355,1,p4x4,3,0.6295137611273145,0,15,0,-1,37.28746632608682,4:4,spatial,1,373,4,hex,31,1,0,none,1,high,0.6775741695589723,23,4,92,2,23,0,20,0,1,2,Still_image_480p_60fps_20s
1895,1,p8x8,0,0.6295137611273145,1,0,0,-1,37.28746632608682,4:4,spatial,0,373,4,hex,31,1,1,none,1,high,0.6775741695589723,48,4,92,2,23,0,20,0,1,2,Still_image_480p_60fps_20s
625,1,p4x4,2,0.9870357695477202,2,10,0,0,28.568413039947632,-3:3,spatial,0,53,2,tesa,28,1,1,none,0,high,0.9614790448041663,36,16,25,3,86,2,24,0,1,2,Still_image_720p_30fps_10s
625,1,p4x4,2,0.9870357695477202,0,10,0,0,27.72758455764944,-3:3,auto,0,332,3,dia,28,1,1,none,1,high,0.8033585026620205,36,16,25,3,86,2,27,2,1,1,Still_image_720p_30fps_10s
1699,1,p4x4,2,0.9870357695477202,2,10,0,0,28.568413039947632,-3:3,spatial,0,53,2,tesa,28,0,1,none,1,high,0.2536837837952118,36,16,25,3,86,2,24,0,1,2,Still_image_720p_30fps_10s
1329,1,none,0,0.9870357695477202,2,10,0,0,28.568413039947632,-3:3,spatial,0,53,2,tesa,12,1,1,none,0,high,0.9614790448041663,36,9,25,3,86,2,24,0,1,2,Still_image_720p_30fps_10s
625,1,p4x4,2,0.9870357695477202,0,10,0,0,27.72758455764944,-3:3,auto,0,332,3,dia,28,1,1,vbr,1,high,0.8033585026620205,36,16,25,3,86,2,27,2,1,1,Still_image_720p_30fps_10s
625,1,p4x4,2,0.9870357695477202,0,10,0,0,27.72758455764944,-5:5,auto,0,332,2,dia,28,1,1,none,1,high,0.8033585026620205,36,16,25,3,86,2,27,2,1,2,Still_image_720p_30fps_10s
469,1,p4x4,2,0.9870357695477202,0,10,0,0,27.72758455764944,-5:5,spatial,0,332,2,dia,28,1,1,none,1,high,0.8033585026620205,36,16,25,3,86,2,27,2,1,2,Still_image_720p_30fps_10s
625,1,p4x4,2,0.9870357695477202,1,10,0,-2,28.568413039947632,-3:3,spatial,0,53,4,tesa,28,1,1,none,1,high,0.8033585026620205,36,16,7,3,86,0,27,2,1,1,Still_image_720p_30fps_10s
1329,1,none,0,0.9870357695477202,0,10,0,0,27.72758455764944,-3:3,auto,0,492,3,dia,28,1,1,none,1,high,0.8033585026620205,36,16,25,3,86,2,27,1,1,1,Still_image_720p_30fps_10s
501,0,none,3,1.1536539324358672,2,13,1,7,37.37799214063269,4:-4,auto,0,20,4,esa,63,1,0,vbr,1,high,0.8614791892769761,43,10,149,12,23,0,20,1,1,1,Still_image_720p_30fps_10s
469,0,"p8x8,b8x8,i8x8,i4x4",3,1.9388859071863007,0,9,1,-12,27.88001428928656,5:5,auto,0,20,4,hex,63,1,0,vbr,1,high,0.0833025022174705,43,10,149,4,23,11,20,1,1,1,Still_image_720p_30fps_10s
1690,1,none,2,1.1536539324358672,0,13,1,7,37.37799214063269,4:-4,auto,0,20,0,esa,63,1,0,vbr,1,high,0.0833025022174705,43,10,149,2,23,2,20,1,1,1,Still_image_720p_30fps_10s
1011,0,p4x4,0,0.7841382476494912,1,13,1,7,37.37799214063269,4:-4,auto,0,20,4,esa,63,1,0,cbr,1,high,0.0833025022174705,43,7,149,12,23,0,20,1,1,1,Still_image_720p_30fps_10s
1690,1,none,2,1.1536539324358672,0,13,1,7,37.37799214063269,4:-4,auto,0,20,4,esa,63,1,0,vbr,1,high,0.0833025022174705,43,10,149,12,23,0,20,1,1,1,Still_image_720p_30fps_10s
469,0,"p8x8,b8x8,i8x8,i4x4",3,1.9388859071863007,0,9,1,-12,27.88001428928656,4:-4,auto,0,20,4,hex,63,1,0,vbr,0,high,0.0833025022174705,43,10,149,12,23,0,20,1,1,1,Still_image_720p_30fps_10s
1690,1,none,2,1.1536539324358672,1,13,1,-10,37.37799214063269,4:-4,auto,0,20,4,esa,63,1,0,vbr,1,high,0.0833025022174705,43,10,149,12,7,0,20,1,1,0,Still_image_720p_30fps_10s
1011,0,p4x4,0,0.7841382476494912,0,13,1,7,37.37799214063269,4:-4,auto,0,20,0,esa,63,1,0,vbr,0,high,0.0833025022174705,43,10,149,2,23,2,20,1,1,1,Still_image_720p_30fps_10s
1690,1,none,2,1.1536539324358672,0,13,1,7,42.876785685812266,4:-4,auto,0,106,3,tesa,6,1,1,vbr,1,baseline,0.4533312853075793,41,14,209,8,15,2,18,2,0,1,Still_image_720p_30fps_10s
469,0,"p8x8,b8x8,i8x8,i4x4",3,1.9388859071863007,0,9,1,-12,27.88001428928656,4:-4,auto,0,20,4,hex,63,1,0,vbr,0,high,0.0833025022174705,43,10,149,12,23,0,20,0,0,0,Still_image_720p_30fps_10s
1011,0,p8x8,0,0.7841382476494912,1,13,1,7,37.37799214063269,4:-4,auto,0,20,4,esa,63,1,0,vbr,0,high,0.0833025022174705,43,10,149,2,49,2,20,1,1,1,Still_image_720p_30fps_10s
1587,0,p8x8,3,0.5409532078600718,0,1,0,-11,29.58495568862226,4:4,temporal,0,51,1,dia,40,0,1,cbr,0,high,0.9752974117909078,47,10,92,2,5,0,0,1,1,0,Still_image_1080p_60fps_10s
700,1,p4x4,1,0.5800605938198936,1,15,1,-8,8.126069917579773,-4:4,none,1,120,0,dia,20,0,1,cbr,1,high,0.2668424722885874,28,15,69,2,71,0,47,1,1,2,Still_image_1080p_60fps_10s
1587,0,p8x8,3,0.1310540811069741,2,0,0,9,40.84297894536008,4:4,none,0,51,2,dia,40,1,1,none,0,high,0.9752974117909078,47,10,92,2,5,0,28,2,1,1,Still_image_1080p_60fps_10s
1587,0,p8x8,3,1.1322624546091498,0,1,1,-11,29.58495568862226,4:4,temporal,0,51,2,dia,40,0,1,none,0,high,0.9752974117909078,47,10,92,2,5,0,0,2,1,1,Still_image_1080p_60fps_10s
1587,0,p8x8,3,0.6295137611273145,0,1,1,-11,29.58495568862226,4:4,none,0,51,2,dia,40,1,1,none,0,high,0.9752974117909078,47,10,92,2,5,0,28,2,1,1,Still_image_1080p_60fps_10s
1587,0,p8x8,3,0.6295137611273145,0,1,1,-11,29.58495568862226,4:4,none,1,51,4,dia,54,0,1,none,1,baseline,0.3870412683698621,41,3,9,6,10,4,61,2,1,0,Still_image_1080p_60fps_10s
1587,0,p8x8,3,0.6295137611273145,0,1,1,-11,29.58495568862226,4:4,none,1,51,4,dia,54,0,1,none,1,baseline,0.0017656965364196,41,3,9,6,24,2,61,2,1,0,Still_image_1080p_60fps_10s
1587,0,p8x8,3,0.6295137611273145,0,1,1,-11,16.675685116585825,4:4,none,1,51,4,dia,32,0,1,none,1,baseline,0.3870412683698621,41,3,9,6,10,4,61,2,1,0,Still_image_1080p_60fps_10s
1888,0,p8x8,3,0.6295137611273145,2,0,0,9,8.555659593858135,4:4,temporal,0,221,0,dia,28,1,1,none,0,baseline,0.7710024877572751,47,10,3,1,16,4,48,0,1,0,Still_image_1080p_60fps_10s
76,1,p8x8,3,1.650420363547847,2,0,0,9,7.486826067008063,4:4,temporal,0,221,0,dia,48,1,1,none,1,baseline,0.9752974117909078,47,12,115,11,16,4,31,0,1,0,Still_image_1080p_60fps_10s
1587,0,p8x8,3,0.1310540811069741,2,0,0,9,40.84297894536008,-2:2,temporal,0,211,0,dia,54,0,1,none,1,baseline,0.3870412683698621,26,3,9,6,10,4,61,1,1,0,Still_image_1080p_60fps_10s
1587,0,p8x8,3,0.6295137611273145,2,0,0,9,29.58495568862226,4:4,temporal,0,51,1,dia,8,1,1,none,1,baseline,0.9752974117909078,47,10,115,1,16,4,48,0,1,0,Still_image_1080p_60fps_10s
1587,0,p8x8,3,0.6295137611273145,2,0,0,9,8.555659593858135,4:4,temporal,0,221,0,dia,28,1,1,none,0,baseline,0.7710024877572751,47,10,3,1,16,4,48,0,1,0,Still_image_1080p_60fps_10s
1587,0,p8x8,3,0.6295137611273145,2,0,0,9,29.58495568862226,4:4,temporal,0,221,0,dia,28,1,1,none,1,baseline,0.9752974117909078,47,10,115,1,16,4,48,0,1,0,Still_image_1080p_60fps_10s
1051,0,p4x4,0,1.4398637559951868,2,0,0,0,50.116393533906425,2:2,spatial,0,51,0,dia,54,0,1,none,1,baseline,0.3870412683698621,31,3,9,6,35,4,61,1,1,0,Still_image_1080p_60fps_10s
1587,0,p8x8,3,0.6295137611273145,2,0,0,9,29.58495568862226,4:4,temporal,0,51,0,dia,8,1,1,none,1,baseline,0.9752974117909078,47,10,115,1,16,4,48,0,1,0,Still_image_1080p_60fps_10s
1587,0,p8x8,3,0.1310540811069741,2,0,0,9,40.84297894536008,-2:2,temporal,1,211,0,dia,54,0,1,none,1,baseline,0.3870412683698621,26,3,9,6,10,4,61,1,1,0,Still_image_1080p_60fps_10s
76,1,p8x8,3,1.650420363547847,2,0,0,9,7.486826067008063,-2:2,temporal,0,221,0,dia,48,1,1,none,1,baseline,0.9752974117909078,47,12,115,11,16,4,31,0,1,0,Still_image_1080p_60fps_10s
1587,0,p8x8,3,0.6295137611273145,2,0,0,9,8.555659593858135,4:4,temporal,0,221,0,hex,28,1,1,none,0,baseline,0.7710024877572751,47,10,116,1,16,4,30,0,1,0,Still_image_1080p_60fps_10s
1587,1,p8x8,3,0.6295137611273145,2,9,0,9,8.555659593858135,4:4,temporal,0,221,0,dia,28,0,1,none,0,baseline,0.7710024877572751,30,10,3,1,16,4,48,0,1,0,Still_image_1080p_60fps_10s
1690,1,none,2,1.1536539324358672,1,13,1,-9,34.39312855686856,3:-3,auto,1,51,0,dia,58,0,1,none,0,baseline,0.6493532546000097,34,6,227,13,48,5,14,0,0,1,Standard_480p_30fps_5s
25,1,none,0,0.9332932968624006,1,13,1,-9,34.39312855686856,3:-3,auto,1,51,1,dia,34,0,1,none,1,baseline,0.6493532546000097,34,6,227,13,48,5,14,0,0,1,Standard_480p_30fps_5s
1690,1,none,2,1.1536539324358672,1,13,1,-9,34.39312855686856,3:-3,auto,1,51,0,dia,58,0,1,none,0,baseline,0.6493532546000097,48,17,227,5,48,9,22,0,0,2,Standard_480p_30fps_5s
1690,1,none,2,1.1536539324358672,1,13,1,-9,34.39312855686856,3:-3,auto,1,51,0,dia,58,0,1,none,0,baseline,0.6493532546000097,48,17,183,5,48,9,22,0,0,1,Standard_480p_30fps_5s
1690,1,none,2,1.1536539324358672,1,13,1,-9,34.39312855686856,3:-3,auto,1,51,0,dia,58,0,1,none,0,baseline,0.6493532546000097,48,17,227,5,48,9,22,0,0,1,Standard_480p_30fps_5s
25,0,none,1,1.1536539324358672,1,13,1,-9,34.39312855686856,3:-3,auto,1,51,0,dia,58,0,1,none,1,baseline,0.4657466388257029,48,17,183,5,48,9,22,0,0,1,Standard_480p_30fps_5s
76,1,p8x8,3,0.7732282964679049,1,14,1,-9,50.30758596159722,3:-3,none,0,51,0,dia,54,0,1,none,0,high,0.6493532546000097,48,17,6,2,48,9,14,0,0,2,Standard_480p_30fps_5s
76,1,p8x8,3,0.7732282964679049,1,14,1,-9,36.30214777975875,3:-3,none,0,51,1,dia,54,0,1,none,0,high,0.6493532546000097,48,17,6,2,48,10,14,0,0,2,Standard_480p_30fps_5s
25,1,none,1,1.4280740192306902,1,13,1,-9,34.39312855686856,3:-3,none,0,51,0,dia,54,0,1,none,0,high,0.6493532546000097,48,17,6,2,48,9,14,0,0,2,Standard_480p_30fps_5s
25,1,p4x4,1,1.4280740192306902,1,13,1,-9,34.39312855686856,3:-3,spatial,0,194,0,dia,54,0,1,none,0,high,0.6493532546000097,48,17,6,2,48,2,14,0,0,2,Standard_480p_30fps_5s
1409,1,p8x8,2,1.4280740192306902,1,13,1,-9,34.39312855686856,3:-3,spatial,0,194,0,dia,54,0,1,none,0,high,0.9200355870638902,48,17,6,2,48,2,14,0,0,2,Standard_480p_30fps_5s
76,1,p8x8,1,0.7732282964679049,1,14,1,-9,50.30758596159722,3:-3,none,0,51,1,umh,54,0,1,none,0,high,0.6493532546000097,48,17,6,2,48,9,14,0,0,2,Standard_480p_30fps_5s
25,1,none,0,0.9332932968624006,0,13,1,-9,34.39312855686856,3:-3,none,1,51,0,dia,54,0,1,none,0,baseline,0.6493532546000097,48,17,227,13,48,9,14,0,0,2,Standard_480p_30fps_5s
25,1,none,3,0.9332932968624006,0,13,1,-9,34.39312855686856,3:-3,none,1,51,0,dia,54,0,1,none,0,baseline,0.6493532546000097,48,17,227,11,87,9,14,0,0,2,Standard_480p_30fps_5s
25,1,none,0,0.9332932968624006,0,13,1,-9,34.39312855686856,3:-3,none,1,51,0,dia,54,0,1,none,0,baseline,0.6493532546000097,48,17,6,9,48,9,24,0,0,2,Standard_480p_30fps_5s
1690,1,none,3,0.9332932968624006,0,13,1,-9,34.39312855686856,3:-3,none,1,51,0,dia,54,0,1,vbr,0,baseline,0.6493532546000097,48,17,227,3,87,9,14,0,0,2,Standard_480p_30fps_5s
1690,1,none,3,0.9332932968624006,0,13,1,-9,34.39312855686856,3:-3,none,1,51,0,dia,54,0,1,vbr,0,baseline,0.6493532546000097,48,17,192,13,48,9,26,0,0,2,Standard_480p_30fps_5s
25,1,none,0,0.9332932968624006,0,13,1,-9,34.39312855686856,3:-3,none,1,51,0,dia,54,0,1,none,0,baseline,0.6493532546000097,48,17,241,10,48,9,14,0,0,2,Standard_480p_30fps_5s
1690,0,none,2,0.8916781516963874,0,13,1,-9,34.39312855686856,-1:1,none,1,154,0,dia,54,0,1,none,1,baseline,0.6493532546000097,48,17,228,13,48,9,14,0,0,2,Standard_480p_30fps_5s
1690,1,none,2,1.4280740192306902,1,13,1,-9,34.39312855686856,3:-3,none,1,39,0,hex,54,0,1,none,1,high,0.6493532546000097,48,17,6,2,48,9,14,0,0,2,Standard_480p_30fps_5s
625,1,p4x4,2,0.9870357695477202,2,10,0,0,28.568413039947632,-3:3,spatial,0,53,2,tesa,28,1,1,none,0,high,0.9614790448041663,36,16,25,3,86,2,24,0,1,2,Standard_480p_25fps_10s
1699,1,p4x4,2,0.9870357695477202,2,10,0,0,28.568413039947632,-3:3,spatial,0,53,2,tesa,28,0,1,none,1,high,0.2536837837952118,36,16,25,3,86,2,24,0,1,2,Standard_480p_25fps_10s
1329,1,none,0,0.9870357695477202,2,10,0,0,28.568413039947632,-3:3,spatial,0,53,2,tesa,12,1,1,none,0,high,0.9614790448041663,36,9,25,3,86,2,24,0,1,2,Standard_480p_25fps_10s
625,1,p4x4,2,0.9870357695477202,0,10,0,0,27.72758455764944,-3:3,auto,0,332,3,dia,28,1,1,none,1,high,0.8033585026620205,36,16,25,3,86,2,27,2,1,1,Standard_480p_25fps_10s
1329,1,none,0,0.9870357695477202,0,10,0,0,27.72758455764944,-3:3,auto,0,492,3,dia,28,1,1,none,1,high,0.8033585026620205,36,16,25,3,86,2,27,1,1,1,Standard_480p_25fps_10s
625,1,p4x4,2,0.9870357695477202,1,10,0,-2,28.568413039947632,-3:3,spatial,0,53,4,tesa,28,1,1,none,1,high,0.8033585026620205,36,16,7,3,86,0,27,2,1,1,Standard_480p_25fps_10s
625,1,p4x4,2,0.9870357695477202,0,10,0,0,27.72758455764944,-5:5,auto,0,332,2,dia,28,1,1,none,1,high,0.8033585026620205,36,16,25,3,86,2,27,2,1,2,Standard_480p_25fps_10s
625,1,p4x4,2,0.9870357695477202,0,10,0,0,27.72758455764944,-3:3,auto,0,332,3,dia,28,1,1,vbr,1,high,0.8033585026620205,36,16,25,3,86,2,27,2,1,1,Standard_480p_25fps_10s
469,1,p4x4,2,0.9870357695477202,0,10,0,0,27.72758455764944,-5:5,spatial,0,332,2,dia,28,1,1,none,1,high,0.8033585026620205,36,16,25,3,86,2,27,2,1,2,Standard_480p_25fps_10s
625,1,all,2,0.9870357695477202,0,10,0,0,27.72758455764944,-5:5,auto,0,332,2,dia,28,1,1,none,1,high,0.8033585026620205,34,16,25,3,86,2,55,0,1,2,Standard_480p_25fps_10s
625,1,p4x4,2,0.9870357695477202,0,10,0,0,27.72758455764944,-3:3,auto,0,332,3,dia,28,1,1,vbr,1,high,0.8033585026620205,36,20,25,2,67,2,27,2,1,1,Standard_480p_25fps_10s
625,1,p4x4,2,0.9870357695477202,0,10,1,0,27.72758455764944,-5:5,auto,0,332,4,dia,28,1,1,none,1,high,0.8033585026620205,36,16,12,3,86,2,27,2,1,2,Standard_480p_25fps_10s
625,1,p4x4,2,0.9870357695477202,2,10,0,0,28.568413039947632,-3:3,spatial,0,53,2,esa,28,1,1,none,0,high,0.9614790448041663,36,16,25,3,86,1,24,0,1,0,Standard_480p_25fps_10s
625,1,p4x4,2,0.9870357695477202,0,10,0,11,27.72758455764944,-3:3,auto,0,332,3,dia,28,1,1,none,1,high,0.8033585026620205,36,16,25,3,86,2,27,1,1,1,Standard_480p_25fps_10s
1329,1,none,0,0.9870357695477202,0,10,0,0,27.72758455764944,-3:3,auto,0,492,2,dia,28,1,1,none,1,high,0.8033585026620205,34,16,25,3,86,2,50,0,1,2,Standard_480p_25fps_10s
625,1,all,2,0.9870357695477202,0,10,0,0,27.72758455764944,-5:5,auto,0,332,1,esa,28,1,1,none,1,high,0.8033585026620205,36,16,25,3,86,0,24,0,1,2,Standard_480p_25fps_10s
469,1,p4x4,2,0.9870357695477202,1,10,0,-2,28.568413039947632,-3:3,spatial,0,53,4,tesa,28,1,1,none,1,high,0.8033585026620205,36,16,7,3,86,0,27,2,1,1,Standard_480p_25fps_10s
625,1,p4x4,2,0.8145269754488417,0,10,0,0,9.49960421790978,-5:5,spatial,0,332,2,dia,28,1,1,none,1,high,0.8033585026620205,36,16,25,3,86,8,27,2,1,2,Standard_480p_25fps_10s
625,1,p4x4,0,0.9870357695477202,2,10,0,0,28.568413039947632,-3:3,temporal,0,53,2,esa,28,1,1,none,1,high,0.9614790448041663,36,16,25,7,86,1,24,0,1,1,Standard_480p_25fps_10s
625,1,p4x4,2,0.9870357695477202,0,10,1,0,41.19977829120099,-5:5,auto,0,389,4,dia,28,1,1,none,1,high,0.1983498952025273,36,16,12,3,86,2,27,1,1,1,Standard_480p_25fps_10s
370,0,p8x8,2,0.955156668830312,2,3,0,6,43.66582766566449,-2:2,temporal,0,415,3,tesa,29,0,0,none,1,baseline,0.1057329725397425,20,13,250,3,47,10,54,0,0,0,Action_480p_60fps_5s
370,0,p8x8,2,0.955156668830312,2,3,0,6,43.66582766566449,-2:2,temporal,0,415,3,tesa,29,0,0,none,0,baseline,0.1057329725397425,20,13,250,3,47,10,54,0,0,0,Action_480p_60fps_5s
370,0,p8x8,2,0.1816645454671701,2,3,0,6,43.66582766566449,-2:2,temporal,0,415,3,tesa,29,0,0,none,1,baseline,0.1057329725397425,20,13,250,3,47,10,54,0,0,0,Action_480p_60fps_5s
1350,0,p8x8,2,0.955156668830312,2,3,0,6,44.35555144592824,-2:2,auto,0,415,3,tesa,29,0,0,none,1,baseline,0.1057329725397425,27,4,92,2,80,0,2,0,0,1,Action_480p_60fps_5s
370,0,p8x8,2,0.955156668830312,2,3,0,6,44.35555144592824,-2:2,temporal,0,415,3,tesa,29,0,0,none,1,baseline,0.1057329725397425,27,4,92,2,80,0,2,0,0,1,Action_480p_60fps_5s
370,0,p8x8,2,0.955156668830312,2,3,0,6,44.35555144592824,-2:2,temporal,0,415,3,tesa,29,1,0,none,1,baseline,0.9606283211181332,27,13,92,2,80,0,2,0,0,2,Action_480p_60fps_5s
1350,0,p8x8,2,0.955156668830312,0,3,0,6,44.35555144592824,-2:2,auto,0,422,3,tesa,29,0,0,none,1,baseline,0.938326367437642,27,4,92,2,80,0,2,0,0,1,Action_480p_60fps_5s
370,0,p8x8,2,0.955156668830312,2,3,0,-11,9.9425565465894,-2:2,temporal,0,415,3,tesa,29,0,0,none,1,baseline,0.1057329725397425,27,4,33,2,57,0,2,2,1,1,Action_480p_60fps_5s
370,0,p8x8,2,0.955156668830312,2,3,0,-11,9.9425565465894,-2:2,temporal,0,415,3,umh,29,0,0,none,1,baseline,0.0033399139330879,27,4,33,2,57,0,54,0,0,1,Action_480p_60fps_5s
370,0,p8x8,2,0.955156668830312,2,3,0,6,44.35555144592824,-2:2,temporal,0,415,3,tesa,29,1,0,none,1,baseline,0.9606283211181332,27,13,92,2,29,0,2,0,0,2,Action_480p_60fps_5s
370,0,p8x8,2,0.7274450170490016,2,3,0,6,43.66582766566449,-2:2,temporal,1,213,3,tesa,29,0,0,none,1,baseline,0.1057329725397425,20,13,250,3,47,10,44,0,0,0,Action_480p_60fps_5s
370,0,p8x8,2,0.1816645454671701,2,3,0,8,9.9425565465894,-2:2,temporal,0,415,3,tesa,29,0,0,none,1,baseline,0.1057329725397425,27,4,33,12,57,0,2,2,1,1,Action_480p_60fps_5s
370,0,p8x8,2,0.1816645454671701,2,13,1,6,43.66582766566449,-2:2,temporal,0,415,3,tesa,29,0,0,none,1,baseline,0.1057329725397425,20,13,250,3,47,10,59,2,0,0,Action_480p_60fps_5s
737,0,none,2,0.955156668830312,2,3,0,6,44.35555144592824,-2:2,temporal,0,415,3,tesa,29,0,0,none,1,main,0.9606283211181332,27,13,92,2,29,0,2,0,0,2,Action_480p_60fps_5s
737,1,none,2,1.446056235059237,0,12,1,-9,34.975950955313785,-5:5,spatial,1,483,4,tesa,64,0,1,none,1,baseline,0.3790216049458798,49,16,201,15,36,11,29,1,1,2,Action_480p_60fps_5s
737,1,none,2,1.446056235059237,0,12,1,-4,34.975950955313785,-5:5,spatial,1,266,4,tesa,64,0,1,none,1,baseline,0.3790216049458798,49,16,201,15,36,11,29,1,1,2,Action_480p_60fps_5s
737,1,none,2,1.446056235059237,0,12,1,-4,34.975950955313785,-1:1,spatial,1,40,4,tesa,47,1,0,vbr,1,high,0.5113352790318704,48,10,176,5,26,1,21,0,1,0,Action_480p_60fps_5s
2290,1,none,2,1.446056235059237,0,12,1,-4,34.975950955313785,-5:5,spatial,1,266,4,tesa,47,1,0,vbr,1,high,0.5113352790318704,48,14,176,5,26,1,21,0,1,1,Action_480p_60fps_5s
737,1,none,2,1.446056235059237,0,14,1,-1,3.973377611017614,-5:5,auto,1,266,4,tesa,47,1,0,vbr,1,high,0.5113352790318704,48,14,176,5,26,1,21,0,1,1,Action_480p_60fps_5s
737,1,none,2,1.446056235059237,0,12,1,-4,34.975950955313785,-1:1,spatial,1,40,4,tesa,47,1,0,vbr,1,high,0.5113352790318704,48,14,176,5,26,1,21,0,1,0,Action_480p_60fps_5s
370,0,p8x8,2,0.955156668830312,2,3,0,6,43.66582766566449,-2:2,temporal,0,415,3,tesa,29,0,0,none,1,baseline,0.1057329725397425,20,13,250,3,47,10,54,0,0,0,Standard_720p_60fps_10s
1350,0,p8x8,2,0.955156668830312,2,3,0,6,44.35555144592824,-2:2,auto,0,415,3,tesa,29,0,0,none,1,baseline,0.1057329725397425,27,4,92,2,80,0,2,0,0,1,Standard_720p_60fps_10s
370,0,p8x8,2,0.955156668830312,2,3,0,6,43.66582766566449,-2:2,temporal,0,415,3,tesa,29,0,0,none,0,baseline,0.1057329725397425,20,13,250,3,47,10,54,0,0,0,Standard_720p_60fps_10s
370,0,p8x8,2,0.955156668830312,2,3,0,6,44.35555144592824,-2:2,temporal,0,415,3,tesa,29,0,0,none,1,baseline,0.1057329725397425,27,4,92,2,80,0,2,0,0,1,Standard_720p_60fps_10s
370,0,p8x8,2,0.1816645454671701,2,3,0,6,43.66582766566449,-2:2,temporal,0,415,3,tesa,29,0,0,none,1,baseline,0.1057329725397425,20,13,250,3,47,10,54,0,0,0,Standard_720p_60fps_10s
370,0,p8x8,2,0.955156668830312,2,3,0,6,44.35555144592824,-2:2,temporal,0,415,3,tesa,29,1,0,none,1,baseline,0.9606283211181332,27,13,92,2,80,0,2,0,0,2,Standard_720p_60fps_10s
370,0,p8x8,2,0.955156668830312,2,3,0,-11,9.9425565465894,-2:2,temporal,0,415,3,tesa,29,0,0,none,1,baseline,0.1057329725397425,27,4,33,2,57,0,2,2,1,1,Standard_720p_60fps_10s
370,0,p8x8,2,0.955156668830312,2,3,0,-11,9.9425565465894,-2:2,temporal,0,415,3,umh,29,0,0,none,1,baseline,0.0033399139330879,27,4,33,2,57,0,54,0,0,1,Standard_720p_60fps_10s
370,0,p8x8,2,0.955156668830312,2,3,0,6,44.35555144592824,-2:2,temporal,0,415,3,tesa,29,1,0,none,1,baseline,0.9606283211181332,27,13,92,2,29,0,2,0,0,2,Standard_720p_60fps_10s
1350,0,p8x8,2,0.955156668830312,0,3,0,6,44.35555144592824,-2:2,auto,0,422,3,tesa,29,0,0,none,1,baseline,0.938326367437642,27,4,92,2,80,0,2,0,0,1,Standard_720p_60fps_10s
1350,0,p8x8,2,0.955156668830312,2,3,0,6,44.35555144592824,-2:2,auto,0,415,3,tesa,29,0,0,none,1,baseline,0.0033399139330879,27,4,33,2,57,0,54,0,0,1,Standard_720p_60fps_10s
370,0,p8x8,2,0.955156668830312,2,3,0,6,44.35555144592824,-2:2,temporal,0,415,3,tesa,29,0,0,none,1,baseline,0.1057329725397425,27,4,155,2,80,0,2,0,1,1,Standard_720p_60fps_10s
370,0,p8x8,2,0.955156668830312,2,3,1,-11,9.9425565465894,-2:2,temporal,0,415,3,umh,29,0,0,none,1,baseline,0.0033399139330879,27,7,33,2,57,0,54,0,0,1,Standard_720p_60fps_10s
370,0,p8x8,2,0.955156668830312,2,3,0,6,44.35555144592824,-2:2,temporal,0,415,3,tesa,29,0,0,none,0,baseline,0.1057329725397425,27,4,92,13,80,0,2,0,0,1,Standard_720p_60fps_10s
370,0,p8x8,2,0.955156668830312,2,16,0,6,44.35555144592824,-2:2,temporal,0,415,3,tesa,29,1,0,none,1,baseline,0.2625787239189334,27,13,92,2,29,0,2,0,0,2,Standard_720p_60fps_10s
2182,0,p8x8,2,0.955156668830312,2,3,0,6,44.35555144592824,-2:2,auto,0,415,3,tesa,29,0,0,none,1,baseline,0.1057329725397425,27,17,92,2,29,1,2,0,0,0,Standard_720p_60fps_10s
370,0,p8x8,2,0.1816645454671701,2,10,0,6,43.66582766566449,-2:2,spatial,0,415,0,tesa,29,0,0,none,1,high,0.5270341346360962,20,13,92,13,80,0,2,0,0,1,Standard_720p_60fps_10s
370,0,p8x8,2,0.955156668830312,2,3,0,6,44.35555144592824,-2:2,temporal,0,415,3,tesa,26,0,0,none,0,baseline,0.1057329725397425,27,4,2,8,47,10,54,0,0,0,Standard_720p_60fps_10s
370,0,p8x8,2,0.955156668830312,1,3,0,-11,9.9425565465894,-2:2,temporal,0,415,3,tesa,29,0,0,none,1,baseline,0.1057329725397425,24,4,33,2,57,0,2,2,1,1,Standard_720p_60fps_10s
370,0,p8x8,2,0.955156668830312,2,3,0,6,43.66582766566449,-2:2,temporal,0,415,3,tesa,16,0,0,none,1,baseline,0.1057329725397425,27,4,171,2,80,4,2,0,0,1,Standard_720p_60fps_10s
1978,1,none,2,1.1605122648671369,0,2,1,11,12.48460094319834,4:-4,auto,0,396,0,esa,59,0,0,vbr,1,high,0.6903125854136487,40,16,30,8,64,0,10,2,1,2,Standard_480p_30fps_15s
370,0,p8x8,2,0.1816645454671701,2,3,0,6,43.66582766566449,-2:2,temporal,0,415,3,tesa,29,0,0,none,1,baseline,0.1057329725397425,20,13,250,3,47,10,54,0,0,0,Standard_480p_30fps_15s
370,0,p8x8,2,0.955156668830312,2,3,0,6,43.66582766566449,-2:2,temporal,0,415,3,tesa,29,0,0,none,1,baseline,0.1057329725397425,20,13,250,3,47,10,54,0,0,0,Standard_480p_30fps_15s
370,0,p8x8,2,0.955156668830312,2,3,0,6,44.35555144592824,-2:2,temporal,0,415,3,tesa,29,0,0,none,1,baseline,0.1057329725397425,27,4,92,2,80,0,2,0,0,1,Standard_480p_30fps_15s
1350,0,p8x8,2,0.955156668830312,2,3,0,6,44.35555144592824,-2:2,auto,0,415,3,tesa,29,0,0,none,1,baseline,0.1057329725397425,27,4,92,2,80,0,2,0,0,1,Standard_480p_30fps_15s
370,0,p8x8,2,0.955156668830312,2,3,0,6,43.66582766566449,-2:2,temporal,0,415,3,tesa,29,0,0,none,0,baseline,0.1057329725397425,20,13,250,3,47,10,54,0,0,0,Standard_480p_30fps_15s
370,0,p8x8,2,0.1816645454671701,2,15,0,6,44.35555144592824,5:-5,auto,0,415,3,tesa,29,0,0,none,1,baseline,0.1057329725397425,27,4,92,2,80,0,2,0,0,1,Standard_480p_30fps_15s
370,0,p8x8,2,0.955156668830312,2,3,0,6,44.35555144592824,-2:2,temporal,0,415,3,tesa,29,0,0,none,1,baseline,0.1057329725397425,20,13,250,3,47,10,54,0,0,0,Standard_480p_30fps_15s
370,0,p8x8,2,0.1816645454671701,2,3,0,6,43.66582766566449,-2:2,temporal,0,415,3,tesa,29,0,0,none,1,baseline,0.1057329725397425,27,4,92,2,80,0,59,0,0,1,Standard_480p_30fps_15s
1350,0,p8x8,2,0.955156668830312,2,10,0,6,43.66582766566449,-2:2,temporal,0,415,3,tesa,29,0,0,none,1,baseline,0.1057329725397425,20,13,118,3,47,10,54,0,0,0,Standard_480p_30fps_15s
1350,0,p8x8,2,0.955156668830312,2,11,0,6,43.66582766566449,-2:2,temporal,0,415,3,tesa,29,0,0,none,1,baseline,0.1057329725397425,20,13,250,3,47,8,54,0,0,0,Standard_480p_30fps_15s
370,0,p8x8,2,0.955156668830312,2,3,0,6,44.35555144592824,-2:2,temporal,0,415,3,tesa,29,0,1,none,1,baseline,0.1057329725397425,20,13,118,3,47,10,54,0,0,2,Standard_480p_30fps_15s
1370,0,"p8x8,b8x8,i8x8,i4x4",0,0.955156668830312,2,3,0,6,44.35555144592824,-2:2,temporal,0,415,3,tesa,29,0,0,none,1,baseline,0.851546121631845,27,10,92,2,80,0,2,0,0,1,Standard_480p_30fps_15s
370,0,p8x8,2,0.1816645454671701,2,15,0,6,44.35555144592824,5:-5,auto,0,415,3,tesa,29,0,0,none,1,baseline,0.1057329725397425,27,2,92,2,80,0,2,0,0,1,Standard_480p_30fps_15s
370,0,p8x8,2,0.955156668830312,2,3,1,6,43.66582766566449,-2:2,temporal,0,415,3,tesa,29,0,0,none,1,baseline,0.1057329725397425,20,15,250,3,47,10,54,0,0,1,Standard_480p_30fps_15s
1942,0,p8x8,3,0.4083540374443291,2,3,0,6,43.66582766566449,-2:2,temporal,0,415,3,tesa,35,0,0,none,1,baseline,0.1057329725397425,20,20,118,3,47,10,54,0,0,1,Standard_480p_30fps_15s
77,0,p8x8,2,0.955156668830312,2,4,0,6,44.35555144592824,-2:2,temporal,0,415,3,tesa,29,0,0,none,1,baseline,0.1057329725397425,20,13,118,11,47,10,54,0,0,0,Standard_480p_30fps_15s
1350,0,p8x8,2,0.955156668830312,2,11,0,6,43.66582766566449,-4:4,temporal,0,415,3,tesa,29,0,0,none,1,baseline,0.1057329725397425,40,13,77,14,47,8,54,0,0,2,Standard_480p_30fps_15s
1942,0,p8x8,3,0.4083540374443291,2,0,0,6,43.66582766566449,-2:2,temporal,0,415,3,tesa,35,0,0,none,1,main,0.1057329725397425,20,20,118,3,47,10,54,0,0,1,Standard_480p_30fps_15s
1942,0,p8x8,3,0.4083540374443291,2,3,0,6,43.66582766566449,-2:2,temporal,1,415,3,tesa,35,0,0,none,1,baseline,0.1057329725397425,20,20,118,4,47,10,54,0,0,1,Standard_480p_30fps_15s
1370,0,p4x4,0,1.1605122648671369,2,14,1,11,12.48460094319834,5:5,auto,1,189,0,dia,54,0,1,none,0,high,0.6493532546000097,48,10,92,5,80,0,51,0,0,0,Big_720p_25fps_15s
1370,0,p4x4,0,1.1605122648671369,2,8,1,11,15.77351011554549,5:5,auto,1,189,0,dia,54,0,1,vbr,0,baseline,0.6493532546000097,48,4,92,5,65,0,51,0,0,0,Big_720p_25fps_15s
1992,1,p4x4,0,1.1605122648671369,2,14,1,11,12.48460094319834,5:5,auto,1,51,0,dia,54,0,1,none,0,baseline,0.6493532546000097,48,4,92,5,80,0,51,0,0,0,Big_720p_25fps_15s
1370,0,p4x4,0,1.1605122648671369,2,8,1,11,15.77351011554549,5:5,auto,1,189,3,dia,54,0,1,vbr,0,baseline,0.6493532546000097,48,4,92,5,65,0,51,0,0,2,Big_720p_25fps_15s
1587,0,p8x8,3,0.6295137611273145,2,6,0,-11,29.58495568862226,4:4,temporal,0,51,2,dia,40,1,0,none,1,high,0.6954180673715311,32,15,69,2,71,2,47,1,1,2,Big_720p_25fps_15s
1587,0,p8x8,3,0.1310540811069741,2,0,0,9,40.84297894536008,4:4,none,0,51,2,dia,40,1,1,none,0,high,0.9752974117909078,47,10,92,2,5,0,28,2,1,1,Big_720p_25fps_15s
2229,0,all,3,0.1310540811069741,2,0,0,9,40.84297894536008,4:4,none,0,51,2,dia,40,1,1,none,0,high,0.9752974117909078,47,10,92,2,5,2,59,2,0,1,Big_720p_25fps_15s
1587,0,p8x8,3,0.1310540811069741,2,0,0,9,40.84297894536008,-3:3,none,0,51,2,dia,40,1,1,none,0,high,0.9752974117909078,47,10,92,2,5,0,28,2,0,0,Big_720p_25fps_15s
2070,0,p8x8,3,0.1310540811069741,2,0,0,6,40.84297894536008,-3:3,none,0,422,2,dia,40,1,1,none,0,high,0.9752974117909078,47,10,92,2,5,0,28,2,1,1,Big_720p_25fps_15s
1587,0,p8x8,2,0.1310540811069741,2,0,0,9,40.84297894536008,4:4,none,0,51,2,dia,40,1,1,none,0,high,0.9752974117909078,47,10,92,2,5,0,28,2,0,0,Big_720p_25fps_15s
2229,0,all,3,0.1310540811069741,2,0,0,9,40.84297894536008,1:-1,none,0,264,2,dia,40,1,1,none,0,baseline,0.9752974117909078,47,10,92,2,5,2,59,0,0,2,Big_720p_25fps_15s
1978,1,none,2,1.1605122648671369,0,2,1,11,12.48460094319834,4:-4,auto,0,396,0,esa,59,0,0,vbr,1,high,0.6903125854136487,40,16,30,8,64,0,10,2,1,2,Big_720p_25fps_15s
1978,1,none,2,1.1605122648671369,0,2,1,11,12.48460094319834,4:-4,auto,0,396,3,esa,59,0,0,cbr,1,high,0.6903125854136487,40,16,30,8,16,4,2,0,1,0,Big_720p_25fps_15s
1587,0,p8x8,3,1.1322624546091498,0,1,1,-11,29.58495568862226,4:4,temporal,0,51,2,dia,40,0,1,none,0,high,0.9752974117909078,47,10,92,2,5,0,0,2,1,1,Big_720p_25fps_15s
1587,0,p8x8,3,0.6295137611273145,0,1,1,-11,29.58495568862226,4:4,none,0,51,2,dia,40,1,1,none,0,high,0.9752974117909078,47,10,92,2,5,0,28,2,1,1,Big_720p_25fps_15s
1587,0,none,3,0.6295137611273145,0,1,1,-11,29.58495568862226,4:4,none,0,51,2,dia,40,0,1,none,0,high,0.9752974117909078,47,10,92,2,5,0,28,2,1,2,Big_720p_25fps_15s
1587,0,p8x8,3,1.226186676498901,0,1,1,-11,29.58495568862226,4:4,temporal,0,51,2,dia,40,0,1,none,0,high,0.9752974117909078,47,10,92,2,5,0,0,2,1,2,Big_720p_25fps_15s
1587,0,p8x8,3,1.226186676498901,0,1,1,-11,29.58495568862226,4:4,none,0,51,2,dia,40,1,1,none,0,high,0.9752974117909078,47,10,92,2,5,0,28,2,1,1,Big_720p_25fps_15s
700,1,p4x4,1,0.5800605938198936,1,15,1,-8,8.126069917579773,-4:4,none,1,120,0,dia,20,0,1,cbr,1,high,0.2668424722885874,28,15,69,2,71,0,47,1,1,2,Big_720p_25fps_15s
1587,0,p8x8,3,0.6295137611273145,2,1,0,-11,29.58495568862226,4:4,none,0,51,2,dia,40,1,1,cbr,1,high,0.2668424722885874,28,15,69,2,71,0,47,1,1,2,Big_720p_25fps_15s
562,1,p8x8,3,0.6486918323278579,2,9,1,1,33.055556217795306,6:-6,none,1,33,3,dia,35,1,1,none,1,baseline,0.7988205340999089,49,9,146,8,100,7,57,1,0,1,Standard_1080p_25fps_5s
1097,0,p8x8,1,1.9221928538969308,2,10,0,-12,36.15217501392564,-4:4,temporal,0,211,1,dia,48,1,0,cbr,1,high,0.4915088009203086,33,5,151,5,40,0,55,0,0,0,Standard_1080p_25fps_5s
1097,0,p8x8,1,0.0443725473715288,2,13,0,-12,36.15217501392564,-3:3,temporal,0,211,1,dia,48,1,0,cbr,1,high,0.4915088009203086,33,16,163,9,62,5,13,1,1,1,Standard_1080p_25fps_5s
1097,0,p8x8,1,1.9221928538969308,2,10,0,-12,36.15217501392564,-4:4,temporal,0,211,1,dia,48,1,0,vbr,1,high,0.4915088009203086,33,5,112,5,40,0,55,0,0,1,Standard_1080p_25fps_5s
1097,0,p8x8,1,1.556031485085572,2,10,0,-12,36.15217501392564,-4:4,temporal,0,211,1,dia,48,1,0,cbr,1,high,0.4915088009203086,33,5,151,5,40,0,55,0,0,0,Standard_1080p_25fps_5s
565,0,p4x4,2,1.79404372183106,1,7,0,5,1.3146498175866836,-3:3,auto,1,137,3,dia,11,0,0,cbr,0,baseline,0.6228226915297829,38,5,151,3,40,0,55,0,0,0,Standard_1080p_25fps_5s
830,0,none,1,1.926558024507436,0,2,0,-10,48.38958460634976,6:6,none,1,463,4,hex,47,1,0,none,1,high,0.4869701459308392,47,14,88,13,75,3,39,0,0,0,Standard_1080p_25fps_5s
830,0,none,1,1.926558024507436,0,2,0,-10,48.38958460634976,6:6,none,1,463,4,hex,47,1,0,none,1,high,0.4869701459308392,47,14,181,15,63,0,27,1,1,0,Standard_1080p_25fps_5s
830,0,none,1,1.926558024507436,0,2,0,-10,48.38958460634976,6:6,none,1,463,4,hex,11,0,1,none,1,baseline,0.7988205340999089,49,9,226,8,100,7,57,1,0,0,Standard_1080p_25fps_5s
830,0,none,1,1.875662386933916,0,15,0,-10,48.38958460634976,6:6,none,1,463,4,hex,47,1,0,none,1,high,0.4869701459308392,47,14,88,13,18,7,39,0,0,2,Standard_1080p_25fps_5s
830,0,none,1,1.926558024507436,0,2,0,-10,48.38958460634976,6:6,none,1,463,4,hex,47,1,1,none,1,high,0.4869701459308392,47,3,163,9,97,5,13,0,1,1,Standard_1080p_25fps_5s
830,0,all,1,1.926558024507436,0,2,0,-10,48.38958460634976,6:6,none,1,463,4,hex,47,1,0,vbr,1,high,0.4869701459308392,47,12,88,13,81,7,39,0,0,0,Standard_1080p_25fps_5s
830,0,none,1,1.926558024507436,0,10,0,-10,48.38958460634976,6:6,none,1,463,4,hex,11,0,1,none,1,baseline,0.7988205340999089,49,9,201,3,100,7,57,1,0,0,Standard_1080p_25fps_5s
830,0,none,0,1.926558024507436,0,2,0,-10,48.38958460634976,6:6,spatial,1,463,4,hex,11,0,1,none,1,baseline,0.7988205340999089,49,9,226,8,100,7,57,1,0,0,Standard_1080p_25fps_5s
565,1,p4x4,0,1.79404372183106,2,13,0,0,1.443886367319382,-3:3,spatial,1,137,3,hex,11,1,0,none,0,baseline,0.6228226915297829,38,16,47,9,62,5,13,1,1,2,Standard_1080p_25fps_5s
565,1,p4x4,2,1.79404372183106,1,7,0,5,1.443886367319382,-3:3,auto,1,137,3,hex,11,0,0,cbr,0,baseline,0.6228226915297829,38,16,163,9,62,5,13,1,1,1,Standard_1080p_25fps_5s
1097,0,p8x8,1,1.9221928538969308,1,7,0,-9,1.443886367319382,-3:3,auto,1,137,3,hex,11,1,0,cbr,0,baseline,0.6228226915297829,38,16,163,9,62,5,13,1,1,1,Standard_1080p_25fps_5s
2042,1,p4x4,0,1.79404372183106,2,13,0,0,1.443886367319382,-4:4,spatial,1,137,4,hex,29,1,1,cbr,0,high,0.4636717506213113,48,13,118,12,67,3,16,1,1,2,Standard_1080p_25fps_5s
2123,1,p8x8,1,0.6486918323278579,2,9,1,1,33.055556217795306,6:-6,spatial,1,357,2,dia,11,1,0,none,0,baseline,0.6228226915297829,38,16,47,9,62,5,13,1,1,2,Standard_1080p_25fps_5s
562,1,p4x4,1,0.6486918323278579,2,9,1,1,33.055556217795306,6:-6,spatial,1,137,3,hex,11,1,0,none,0,baseline,0.6228226915297829,38,16,47,9,62,5,13,1,1,2,Standard_1080p_25fps_5s
1011,0,p4x4,0,0.7841382476494912,0,13,1,7,37.37799214063269,4:-4,auto,0,406,0,esa,20,1,0,vbr,0,main,0.0833025022174705,43,10,149,12,23,0,20,1,1,1,Big_480p_60fps_5s
469,0,"p8x8,b8x8,i8x8,i4x4",3,1.9388859071863007,0,9,1,-12,27.88001428928656,4:-4,auto,0,20,4,hex,63,1,0,vbr,0,high,0.0833025022174705,43,10,149,6,96,4,20,0,1,0,Big_480p_60fps_5s
1690,1,none,2,1.1536539324358672,0,13,1,7,37.37799214063269,4:-4,auto,0,20,4,esa,63,1,0,vbr,1,high,0.0833025022174705,43,10,149,12,23,0,20,1,1,1,Big_480p_60fps_5s
469,0,"p8x8,b8x8,i8x8,i4x4",3,1.9388859071863007,0,9,1,-12,27.88001428928656,4:-4,auto,0,20,4,hex,63,1,0,vbr,0,high,0.0833025022174705,43,10,149,12,23,0,20,1,1,1,Big_480p_60fps_5s
1011,0,p4x4,0,0.7841382476494912,0,13,1,7,37.37799214063269,4:-4,auto,0,20,0,esa,63,1,0,vbr,0,high,0.0833025022174705,43,10,149,2,23,2,20,1,1,1,Big_480p_60fps_5s
1690,1,none,2,1.1536539324358672,1,13,1,-10,37.37799214063269,4:-4,auto,0,20,4,esa,63,1,0,vbr,1,high,0.0833025022174705,43,10,149,12,7,0,20,1,1,0,Big_480p_60fps_5s
1690,1,none,2,1.1536539324358672,0,13,1,7,42.876785685812266,4:-4,auto,0,106,3,tesa,6,1,1,vbr,1,baseline,0.4533312853075793,41,14,209,8,15,2,18,2,0,1,Big_480p_60fps_5s
469,0,"p8x8,b8x8,i8x8,i4x4",3,1.9388859071863007,0,9,1,-12,27.88001428928656,4:-4,auto,0,20,4,hex,63,1,0,vbr,0,high,0.0833025022174705,43,10,149,12,23,0,20,0,0,0,Big_480p_60fps_5s
469,0,"p8x8,b8x8,i8x8,i4x4",2,1.9388859071863007,0,9,1,-12,27.88001428928656,4:-4,none,0,20,4,tesa,63,1,0,vbr,0,high,0.0833025022174705,43,10,244,12,23,0,20,0,1,1,Big_480p_60fps_5s
1690,1,none,2,1.1536539324358672,0,13,1,7,44.37311282353116,4:-4,auto,0,20,4,esa,63,1,1,vbr,1,high,0.0833025022174705,43,10,149,2,23,2,20,0,1,1,Big_480p_60fps_5s
1690,0,none,2,1.1536539324358672,0,13,0,7,42.876785685812266,4:-4,auto,0,106,3,tesa,6,1,1,vbr,0,high,0.0833025022174705,43,10,149,12,23,0,20,0,0,0,Big_480p_60fps_5s
1011,0,p4x4,0,0.7841382476494912,0,13,0,7,37.37799214063269,4:-4,auto,0,20,0,esa,63,1,0,vbr,1,high,0.0833025022174705,43,10,98,12,7,0,20,1,1,1,Big_480p_60fps_5s
1690,1,none,2,1.1536539324358672,1,13,1,-10,37.37799214063269,4:-4,auto,0,20,4,esa,63,1,0,vbr,0,high,0.0833025022174705,43,10,5,2,23,2,20,1,1,1,Big_480p_60fps_5s
469,0,"p8x8,b8x8,i8x8,i4x4",0,1.9388859071863007,0,12,1,-12,27.88001428928656,4:-4,auto,1,20,4,hex,63,1,0,vbr,0,high,0.0833025022174705,43,0,149,12,71,0,20,1,1,1,Big_480p_60fps_5s
1690,1,none,2,1.1536539324358672,0,13,1,10,17.380893955880996,4:-4,none,0,20,0,esa,63,1,0,vbr,0,high,0.0833025022174705,43,12,149,2,23,2,20,1,1,1,Big_480p_60fps_5s
1690,1,none,2,0.2122942780141058,0,13,1,7,44.37311282353116,4:-4,auto,0,20,4,tesa,63,1,1,vbr,1,high,0.0833025022174705,43,10,149,2,23,7,20,0,1,1,Big_480p_60fps_5s
435,1,p4x4,2,1.5037067293746529,0,13,1,7,6.614199268452717,4:-4,auto,0,20,4,dia,63,1,0,vbr,1,high,0.8657534129007648,43,10,149,12,23,0,20,1,1,1,Big_480p_60fps_5s
38,0,all,3,1.9388859071863007,0,9,1,11,27.88001428928656,4:-4,auto,0,20,4,hex,63,1,0,vbr,0,high,0.0833025022174705,43,10,149,12,23,0,20,0,1,0,Big_480p_60fps_5s
1690,1,none,2,1.1536539324358672,0,13,1,7,44.37311282353116,4:-4,auto,0,20,4,tesa,6,1,1,vbr,1,baseline,0.4533312853075793,41,14,209,8,6,2,15,2,0,1,Big_480p_60fps_5s
1690,1,none,2,1.1536539324358672,0,13,1,7,42.876785685812266,4:-4,auto,0,307,3,esa,63,1,1,vbr,1,high,0.0833025022174705,43,10,149,2,23,0,20,0,1,1,Big_480p_60fps_5s
7,0,p8x8,2,0.8386707997446446,0,3,1,5,50.5766849853959,1:1,temporal,0,127,2,hex,51,0,0,vbr,0,high,0.1724828560371048,37,15,239,5,48,2,47,0,0,1,Big_1080p_30fps_10s
7,0,p8x8,2,0.8286391443780244,0,3,1,5,50.5766849853959,1:1,temporal,0,127,2,hex,51,0,0,vbr,0,high,0.1724828560371048,37,15,239,5,48,2,47,0,0,0,Big_1080p_30fps_10s
1992,1,p4x4,0,1.1605122648671369,2,0,1,11,12.48460094319834,5:5,auto,1,51,0,dia,54,0,1,none,0,baseline,0.6493532546000097,48,4,92,5,80,0,50,0,1,1,Big_1080p_30fps_10s
1992,1,p4x4,0,1.1605122648671369,2,1,0,5,50.5766849853959,1:1,temporal,0,127,2,hex,51,0,0,none,0,high,0.1724828560371048,37,15,239,5,48,2,47,0,0,1,Big_1080p_30fps_10s
1381,0,none,3,0.5718427441320829,2,0,1,9,29.58495568862226,6:6,temporal,0,127,2,hex,64,0,0,vbr,0,high,0.3616718805364829,34,15,239,5,45,2,47,2,0,1,Big_1080p_30fps_10s
1381,0,none,2,0.8386707997446446,0,3,1,6,11.131439745404744,1:1,none,1,199,1,hex,51,1,0,none,0,baseline,0.6493532546000097,46,4,92,2,80,0,42,1,0,0,Big_1080p_30fps_10s
76,0,"p8x8,b8x8,i8x8,i4x4",1,0.8386707997446446,0,3,1,6,12.160825193039496,1:1,none,1,127,2,umh,51,1,0,vbr,0,high,0.3616718805364829,27,10,44,3,18,1,50,0,1,1,Big_1080p_30fps_10s
1381,0,none,2,0.8386707997446446,0,3,1,6,12.160825193039496,1:1,none,1,127,2,hex,51,1,0,vbr,0,high,0.3616718805364829,27,10,44,3,18,1,50,0,1,1,Big_1080p_30fps_10s
1381,0,none,1,0.6295137611273145,2,0,1,9,29.58495568862226,4:4,spatial,0,51,0,dia,9,0,0,vbr,0,high,0.3616718805364829,27,10,44,3,18,1,50,0,1,1,Big_1080p_30fps_10s
7,0,p8x8,2,0.8386707997446446,0,3,1,6,12.160825193039496,1:1,none,1,127,2,hex,51,0,0,vbr,0,high,0.3616718805364829,48,15,239,5,55,2,47,2,0,1,Big_1080p_30fps_10s
7,0,p8x8,2,0.8386707997446446,0,3,1,6,12.160825193039496,1:1,none,1,127,2,hex,51,0,0,vbr,0,high,0.3616718805364829,27,10,44,3,18,1,50,0,1,1,Big_1080p_30fps_10s
7,0,p8x8,2,0.8386707997446446,0,3,1,1,12.160825193039496,1:1,temporal,1,127,2,hex,51,0,0,vbr,0,high,0.3616718805364829,27,10,44,3,18,1,50,0,1,1,Big_1080p_30fps_10s
7,0,p8x8,2,0.4706882406769103,0,3,1,6,12.160825193039496,1:1,none,1,127,2,hex,51,0,0,vbr,0,high,0.3616718805364829,27,10,44,3,18,1,47,0,0,1,Big_1080p_30fps_10s
471,1,p4x4,0,1.1605122648671369,0,3,1,6,12.160825193039496,1:1,none,0,127,2,umh,51,1,0,vbr,0,high,0.3616718805364829,27,10,44,3,18,1,50,0,1,1,Big_1080p_30fps_10s
940,1,p8x8,2,0.8386707997446446,0,3,0,6,12.160825193039496,1:1,none,1,127,2,hex,51,0,0,vbr,0,high,0.3616718805364829,27,2,44,3,18,4,50,0,1,0,Big_1080p_30fps_10s
7,0,p8x8,2,0.8386707997446446,0,3,1,0,12.160825193039496,1:1,none,1,500,0,dia,9,0,1,vbr,0,high,0.3616718805364829,27,10,44,3,66,1,50,0,1,1,Big_1080p_30fps_10s
1381,0,none,2,0.8386707997446446,0,3,1,6,12.160825193039496,1:1,none,1,127,2,umh,51,1,0,vbr,0,high,0.3616718805364829,27,10,44,3,18,1,51,0,0,0,Big_1080p_30fps_10s
1397,0,p8x8,2,0.8386707997446446,0,3,1,5,41.13274211808848,1:1,temporal,0,127,2,hex,51,0,0,vbr,0,high,0.1724828560371048,37,15,44,3,18,1,50,0,1,1,Big_1080p_30fps_10s
7,0,p8x8,2,0.8386707997446446,0,3,1,1,12.160825193039496,1:1,temporal,1,127,2,hex,51,0,1,vbr,0,high,0.3616718805364829,27,10,44,3,18,1,50,0,1,1,Big_1080p_30fps_10s
7,0,p8x8,2,0.8286391443780244,0,3,1,5,4.590510440221724,1:1,none,0,127,2,hex,51,0,0,vbr,0,high,0.1724828560371048,37,14,239,3,18,1,50,0,1,1,Big_1080p_30fps_10s
