id,8x8dct,analyse,aq-mode,aq-strength,b-adapt,bframes,cabac,chroma-qp-offset,crf,deblock,direct,fast-pskip,keyint,lookahead-threads,me,merange,mixed-refs,mbtree,nal-hrd,open-gop,profile,qcomp,qpmax,qpmin,rc-lookahead,ref,scenecut,subme,threads,trellis,weightb,weightp,workload
2283,1,all,1,0.0520260669292369,2,0,0,11,17.913017377509092,6:-6,auto,1,458,2,hex,10,1,0,vbr,1,baseline,0.9859873526355616,22,14,240,2,81,11,24,2,0,2,Action_1080p_30fps_10s
1079,0,p8x8,2,0.296249058842245,1,10,1,-10,29.32159763936856,-4:4,spatial,0,100,3,tesa,45,0,0,vbr,0,baseline,0.6493532546000097,48,11,92,2,92,0,2,0,0,0,Action_1080p_30fps_10s
2051,0,p8x8,2,0.296249058842245,1,10,1,-10,29.32159763936856,-4:4,spatial,0,100,3,tesa,45,0,0,vbr,0,baseline,0.2115404214338969,20,7,107,12,7,7,56,2,0,0,Action_1080p_30fps_10s
428,0,all,0,0.0520260669292369,0,0,1,11,11.817946525232552,6:-6,none,1,458,2,hex,10,1,1,vbr,1,baseline,0.6493532546000097,22,4,111,3,80,0,2,0,0,0,Action_1080p_30fps_10s
2002,0,all,1,0.0520260669292369,0,0,0,11,17.913017377509092,6:-6,none,1,458,2,hex,10,1,1,vbr,1,baseline,0.9859873526355616,22,14,240,2,70,11,24,2,0,2,Action_1080p_30fps_10s
428,0,all,0,0.0520260669292369,0,0,1,11,17.913017377509092,6:-6,none,1,458,2,hex,10,1,1,vbr,0,baseline,0.9859873526355616,22,14,240,2,70,11,24,2,0,2,Action_1080p_30fps_10s
428,0,all,0,0.0520260669292369,0,0,1,11,17.913017377509092,6:-6,none,1,183,2,hex,10,1,1,vbr,0,baseline,0.9859873526355616,22,14,240,2,70,11,24,2,0,2,Action_1080p_30fps_10s
1320,1,p4x4,3,0.6157864219350295,1,12,0,8,38.687654164818326,2:-2,spatial,1,435,3,dia,15,1,0,cbr,1,main,0.7214316074693485,25,3,141,7,40,5,63,1,0,2,Action_1080p_30fps_10s
1320,1,p4x4,3,0.6157864219350295,1,12,0,8,28.67455693226908,2:-2,spatial,1,435,3,dia,15,1,0,cbr,1,main,0.2829198489071013,25,3,141,7,40,5,63,1,0,2,Action_1080p_30fps_10s
1320,1,p4x4,3,0.6157864219350295,1,8,0,8,38.687654164818326,2:-2,spatial,1,435,3,dia,15,1,0,cbr,1,high,0.7214316074693485,25,3,141,7,40,5,63,1,0,2,Action_1080p_30fps_10s
1320,1,p4x4,3,0.6157864219350295,1,15,0,8,38.687654164818326,2:-2,spatial,1,435,1,dia,15,1,0,cbr,1,baseline,0.9859873526355616,22,14,240,2,70,5,24,2,0,2,Action_1080p_30fps_10s
2281,1,p4x4,3,1.2767584299655177,2,1,1,-10,1.1089465765148163,-4:4,spatial,0,204,2,dia,4,0,1,vbr,1,high,0.3314707658397848,22,10,153,4,76,8,3,1,1,1,Action_1080p_30fps_10s
1605,1,p4x4,3,1.2767584299655177,2,1,1,-10,1.1089465765148163,-4:4,auto,0,204,2,dia,4,0,1,vbr,1,high,0.3314707658397848,22,10,153,4,76,8,3,1,1,1,Action_1080p_30fps_10s
1320,1,p4x4,3,0.6157864219350295,1,12,0,8,38.687654164818326,2:-2,spatial,1,435,3,hex,12,1,0,cbr,1,main,0.7214316074693485,25,3,141,7,40,5,63,1,0,2,Action_1080p_30fps_10s
76,0,p8x8,1,0.6295137611273145,2,0,1,9,29.58495568862226,4:4,spatial,0,51,0,dia,54,0,1,none,0,baseline,0.6493532546000097,48,4,92,2,80,0,2,0,0,0,Action_1080p_30fps_10s
2233,0,none,1,1.3653973567571176,0,9,1,9,29.58495568862226,4:4,spatial,0,51,0,dia,54,0,0,cbr,0,baseline,0.4869701459308392,48,4,92,2,80,0,2,0,1,0,Action_1080p_30fps_10s
76,0,p8x8,1,0.6295137611273145,2,0,1,9,29.58495568862226,4:4,spatial,1,51,0,dia,41,0,1,none,0,baseline,0.6493532546000097,48,4,92,2,80,0,2,0,0,0,Action_1080p_30fps_10s
344,0,p8x8,3,0.5717025133809859,2,8,1,8,49.654252470083385,4:4,spatial,1,51,0,dia,54,0,1,none,0,baseline,0.6493532546000097,22,4,92,2,80,0,2,0,0,0,Action_1080p_30fps_10s
2051,0,p8x8,2,0.296249058842245,2,0,1,9,29.58495568862226,5:-5,spatial,0,51,0,dia,54,0,1,none,1,main,0.6493532546000097,48,4,92,2,80,0,60,0,0,0,Action_1080p_30fps_10s
344,0,p8x8,3,0.5717025133809859,2,8,1,8,49.654252470083385,4:4,spatial,1,51,4,dia,55,0,1,none,0,main,0.6493532546000097,22,4,92,2,80,0,26,0,0,0,Action_1080p_30fps_10s
1079,0,p8x8,2,0.296249058842245,1,10,1,-10,29.32159763936856,-4:4,spatial,0,100,3,tesa,45,0,0,vbr,0,baseline,0.6493532546000097,48,11,92,2,92,0,2,0,0,0,Still_image_720p_25fps_10s
1894,0,p8x8,2,0.296249058842245,2,10,1,-10,29.32159763936856,-4:4,spatial,0,146,3,tesa,45,0,0,vbr,0,baseline,0.6493532546000097,48,11,92,2,92,0,2,0,0,0,Still_image_720p_25fps_10s
2051,0,p8x8,3,0.296249058842245,1,10,1,-10,23.312004829095628,-4:4,spatial,0,100,3,tesa,45,0,0,vbr,0,high,0.2115404214338969,20,11,92,2,84,8,2,0,0,1,Still_image_720p_25fps_10s
2051,1,p8x8,2,0.296249058842245,1,10,1,-10,29.32159763936856,6:6,spatial,0,39,3,tesa,45,0,0,vbr,0,baseline,0.2115404214338969,31,7,107,2,92,0,2,0,0,0,Still_image_720p_25fps_10s
2051,0,p8x8,2,0.296249058842245,1,6,1,-10,29.32159763936856,6:6,spatial,0,39,3,tesa,45,0,0,vbr,0,main,0.2115404214338969,35,7,107,2,92,0,2,0,0,0,Still_image_720p_25fps_10s
2283,1,all,1,0.0520260669292369,2,0,0,11,17.913017377509092,6:-6,auto,1,458,2,hex,10,1,0,vbr,1,baseline,0.9859873526355616,22,14,240,2,81,11,24,2,0,2,Still_image_720p_25fps_10s
2051,1,p8x8,2,0.296249058842245,1,10,1,-10,27.07511018995715,6:6,spatial,0,154,3,hex,10,1,1,vbr,1,baseline,0.6493532546000097,22,4,55,3,80,0,2,0,0,0,Still_image_720p_25fps_10s
2051,0,all,2,0.0520260669292369,0,0,1,11,11.817946525232552,6:-6,none,1,127,2,hex,10,0,1,vbr,1,baseline,0.6493532546000097,22,4,111,3,80,0,2,0,0,1,Still_image_720p_25fps_10s
2051,0,p8x8,2,0.296249058842245,1,10,1,-10,29.32159763936856,-4:4,spatial,0,100,3,tesa,45,0,0,vbr,0,baseline,0.2115404214338969,20,7,107,12,7,7,56,2,0,0,Still_image_720p_25fps_10s
428,0,all,2,0.0520260669292369,0,0,1,11,32.34334981132251,6:-6,none,1,458,1,hex,10,0,0,vbr,1,baseline,0.9859873526355616,37,14,240,2,81,1,63,1,0,2,Still_image_720p_25fps_10s
1320,1,p4x4,3,0.6157864219350295,1,12,0,8,38.687654164818326,2:-2,spatial,1,435,3,dia,15,1,0,cbr,1,main,0.7214316074693485,25,3,141,7,40,5,63,1,0,2,Still_image_720p_25fps_10s
1320,1,p4x4,3,0.6157864219350295,1,12,0,8,28.67455693226908,2:-2,spatial,1,435,3,dia,15,1,0,cbr,1,main,0.2829198489071013,25,3,141,7,40,5,63,1,0,2,Still_image_720p_25fps_10s
1320,1,p4x4,3,0.6157864219350295,1,8,0,8,38.687654164818326,2:-2,spatial,1,435,3,dia,15,1,0,cbr,1,high,0.7214316074693485,25,3,141,7,40,5,63,1,0,2,Still_image_720p_25fps_10s
1561,1,"p8x8,b8x8,i8x8,i4x4",3,1.9754280279045648,1,12,1,-5,17.92675268625064,4:4,auto,1,92,3,hex,37,0,1,cbr,1,high,0.0784792835710588,44,16,130,2,6,7,40,2,0,1,Still_image_720p_25fps_10s
2283,0,all,1,0.0520260669292369,2,7,1,11,17.913017377509092,6:-6,auto,1,458,2,hex,10,1,0,vbr,1,baseline,0.9859873526355616,37,14,240,2,81,1,63,1,0,2,Still_image_720p_25fps_10s
428,0,all,0,0.0520260669292369,0,0,1,11,11.817946525232552,6:-6,none,1,458,2,hex,10,1,1,vbr,1,baseline,0.6493532546000097,22,4,111,3,80,0,2,0,0,0,Still_image_720p_25fps_10s
2051,0,p8x8,2,0.296249058842245,1,10,0,8,38.687654164818326,2:-2,spatial,1,435,3,dia,15,0,0,cbr,1,high,0.7214316074693485,25,3,141,7,40,5,63,1,0,2,Still_image_720p_25fps_10s
1561,0,"p8x8,b8x8,i8x8,i4x4",3,1.9754280279045648,1,12,1,-5,17.92675268625064,4:4,auto,1,92,3,hex,37,0,1,cbr,1,high,0.4860962532737965,44,16,130,2,6,7,40,1,0,1,Still_image_720p_25fps_10s
1561,0,"p8x8,b8x8,i8x8,i4x4",3,1.9754280279045648,2,12,1,-5,17.92675268625064,4:4,auto,1,92,3,dia,15,1,0,cbr,1,high,0.7214316074693485,25,3,141,7,40,5,63,0,0,2,Still_image_720p_25fps_10s
1561,0,"p8x8,b8x8,i8x8,i4x4",3,1.9754280279045648,1,12,1,5,17.92675268625064,4:4,spatial,1,435,3,dia,15,1,0,cbr,1,high,0.7214316074693485,25,3,141,7,40,5,63,1,0,2,Still_image_720p_25fps_10s
1401,1,p4x4,3,1.356481654370557,1,12,1,-2,34.48035889971309,6:6,spatial,1,39,3,tesa,12,0,0,vbr,1,baseline,0.6493532546000097,48,6,92,2,92,0,2,0,0,0,Standard_720p_30fps_10s
2051,1,p8x8,2,0.296249058842245,1,9,1,-10,29.32159763936856,4:4,spatial,0,39,3,hex,10,0,0,none,1,baseline,0.9859873526355616,22,17,240,2,81,11,24,2,0,2,Standard_720p_30fps_10s
667,0,p8x8,2,0.5313281874777983,1,10,1,-10,27.07511018995715,6:6,spatial,0,154,3,hex,10,0,1,vbr,1,baseline,0.4204335832076066,22,4,55,3,62,0,2,0,0,0,Standard_720p_30fps_10s
2283,1,all,1,0.0520260669292369,2,0,0,11,17.913017377509092,6:-6,auto,1,458,2,hex,10,1,0,vbr,1,baseline,0.9859873526355616,22,14,240,2,81,11,24,2,0,2,Standard_720p_30fps_10s
2051,1,p8x8,1,0.0520260669292369,2,0,0,11,17.769431101041743,6:-6,auto,1,458,2,hex,10,0,0,vbr,1,baseline,0.9859873526355616,22,14,240,2,81,11,24,2,0,2,Standard_720p_30fps_10s
2051,0,p8x8,2,0.296249058842245,1,6,1,-10,29.32159763936856,6:6,spatial,0,39,3,tesa,45,0,0,vbr,0,main,0.2115404214338969,35,7,107,2,92,0,2,0,0,0,Standard_720p_30fps_10s
2051,1,p8x8,2,0.296249058842245,1,10,1,-10,29.32159763936856,6:6,spatial,0,39,3,tesa,45,0,0,vbr,0,baseline,0.2115404214338969,31,7,107,2,92,0,2,0,0,0,Standard_720p_30fps_10s
2051,0,p8x8,3,0.296249058842245,1,10,1,-10,23.312004829095628,-4:4,spatial,0,100,3,tesa,45,0,0,vbr,0,high,0.2115404214338969,20,11,92,2,84,8,2,0,0,1,Standard_720p_30fps_10s
1894,0,p8x8,2,0.296249058842245,2,10,1,-10,29.32159763936856,-4:4,spatial,0,146,3,tesa,45,0,0,vbr,0,baseline,0.6493532546000097,48,11,92,2,92,0,2,0,0,0,Standard_720p_30fps_10s
1079,0,p8x8,2,0.296249058842245,1,10,1,-10,29.32159763936856,-4:4,spatial,0,100,3,tesa,45,0,0,vbr,0,baseline,0.6493532546000097,48,11,92,2,92,0,2,0,0,0,Standard_720p_30fps_10s
2255,0,p8x8,3,0.296249058842245,1,10,1,-10,29.32159763936856,-4:4,spatial,0,100,3,tesa,45,0,0,vbr,0,baseline,0.6493532546000097,48,11,92,2,92,0,2,0,1,0,Standard_720p_30fps_10s
2051,1,p8x8,2,0.296249058842245,1,10,1,-10,29.32159763936856,6:6,spatial,0,39,3,tesa,45,0,0,vbr,0,baseline,0.2115404214338969,31,10,62,2,92,3,2,0,0,0,Standard_720p_30fps_10s
2051,1,p8x8,2,0.296249058842245,1,10,1,-10,29.32159763936856,6:6,spatial,0,39,3,tesa,45,0,0,vbr,0,baseline,0.4071907176306452,31,7,107,2,92,0,2,0,0,0,Standard_720p_30fps_10s
2255,0,p8x8,3,0.296249058842245,1,10,0,-10,29.32159763936856,-4:4,spatial,0,100,3,tesa,45,0,0,vbr,0,baseline,0.2115404214338969,31,7,107,2,92,0,2,0,0,0,Standard_720p_30fps_10s
1119,1,p8x8,1,0.0520260669292369,2,0,0,-10,17.769431101041743,6:-6,auto,1,458,2,hex,10,1,0,vbr,1,baseline,0.9859873526355616,22,14,240,12,81,2,2,0,0,0,Standard_720p_30fps_10s
2051,1,p8x8,2,0.296249058842245,1,10,1,-10,27.07511018995715,6:6,spatial,0,154,3,hex,10,1,1,vbr,1,baseline,0.6493532546000097,22,4,55,3,80,0,2,0,0,0,Standard_720p_30fps_10s
2051,0,p8x8,2,0.296249058842245,1,10,1,-10,29.32159763936856,-4:4,spatial,0,100,3,tesa,45,0,0,vbr,0,baseline,0.2115404214338969,20,7,107,12,7,7,56,2,0,0,Standard_720p_30fps_10s
52,0,p8x8,3,0.8278017463849111,0,9,0,12,25.78624199311713,6:6,none,0,356,1,dia,14,1,0,none,0,baseline,0.4326403739559353,34,5,109,12,36,4,18,0,0,1,Standard_720p_30fps_10s
1401,1,p4x4,3,1.356481654370557,1,12,0,-2,33.659914367378114,3:3,none,1,278,1,hex,10,0,0,cbr,1,baseline,0.6243479434565511,49,18,135,2,64,3,31,1,1,0,Standard_720p_30fps_10s
1401,1,all,3,1.356481654370557,1,12,0,-2,33.659914367378114,3:3,none,1,278,1,tesa,10,0,1,cbr,0,baseline,0.6243479434565511,49,18,135,2,64,3,31,0,0,0,Standard_720p_30fps_10s
1079,0,p8x8,2,0.296249058842245,1,10,1,-10,29.32159763936856,-4:4,spatial,0,100,3,tesa,45,0,0,vbr,0,baseline,0.6493532546000097,48,11,92,2,92,0,2,0,0,0,Standard_1080p_30fps_5s
2002,0,p8x8,2,0.296249058842245,2,10,1,-10,29.32159763936856,6:-6,spatial,0,100,3,tesa,45,0,0,vbr,0,baseline,0.6493532546000097,48,15,92,2,92,7,2,0,0,0,Standard_1080p_30fps_5s
2283,1,all,1,0.0520260669292369,2,0,0,11,17.913017377509092,6:-6,auto,1,458,2,hex,10,1,0,vbr,1,baseline,0.9859873526355616,22,14,240,2,81,11,24,2,0,2,Standard_1080p_30fps_5s
1320,0,p4x4,3,1.2028142322233848,1,12,0,8,28.67455693226908,2:-2,spatial,1,458,3,hex,10,0,0,vbr,1,baseline,0.9859873526355616,22,14,18,2,81,11,24,0,0,2,Standard_1080p_30fps_5s
1166,0,none,2,1.419806761705947,2,10,1,-11,29.32159763936856,1:1,spatial,0,100,3,tesa,45,0,0,vbr,1,baseline,0.6493532546000097,48,15,92,2,92,7,2,0,0,0,Standard_1080p_30fps_5s
428,0,"p8x8,b8x8,i8x8,i4x4",0,0.0520260669292369,1,0,1,11,17.913017377509092,-4:4,spatial,0,11,3,tesa,45,0,0,vbr,0,baseline,0.6493532546000097,26,16,92,2,70,11,24,2,0,2,Standard_1080p_30fps_5s
1079,0,p8x8,2,1.7703159785329992,1,10,1,-10,29.32159763936856,-4:4,none,0,100,3,tesa,45,0,0,none,1,main,0.2829198489071013,25,3,141,7,40,5,63,1,0,1,Standard_1080p_30fps_5s
1079,0,p8x8,2,1.7703159785329992,1,10,1,-10,29.32159763936856,-4:4,none,0,100,3,tesa,45,0,0,none,1,main,0.2829198489071013,25,3,134,7,40,5,63,1,0,1,Standard_1080p_30fps_5s
1079,0,p8x8,2,1.7703159785329992,1,10,1,-10,29.32159763936856,-4:4,auto,0,100,3,tesa,45,0,0,none,1,main,0.9544631986942628,25,3,141,7,40,5,63,1,0,1,Standard_1080p_30fps_5s
1079,0,p8x8,0,1.7703159785329992,1,10,1,-10,29.32159763936856,-4:4,none,0,100,3,tesa,45,0,0,none,1,main,0.2829198489071013,25,3,141,7,29,5,63,1,0,1,Standard_1080p_30fps_5s
1587,0,p8x8,2,1.7703159785329992,1,10,1,-10,29.32159763936856,-3:3,none,0,100,3,hex,45,0,0,none,1,main,0.7267739747153646,46,3,141,7,40,5,63,1,0,1,Standard_1080p_30fps_5s
2051,0,p8x8,2,0.296249058842245,1,10,1,-10,29.32159763936856,-4:4,spatial,0,100,3,tesa,45,0,0,vbr,0,baseline,0.2115404214338969,20,7,107,12,7,7,56,2,0,0,Standard_1080p_30fps_5s
1166,0,none,2,1.419806761705947,2,11,1,1,44.83374983509558,-3:3,auto,1,287,0,umh,38,1,1,none,0,baseline,0.9306224373092584,47,16,101,10,23,8,64,0,0,0,Standard_1080p_30fps_5s
1166,0,none,2,1.419806761705947,2,11,1,1,44.83374983509558,-3:3,auto,1,287,3,umh,38,1,1,none,0,baseline,0.9306224373092584,22,4,111,3,80,1,2,0,0,2,Standard_1080p_30fps_5s
1166,0,none,2,1.419806761705947,2,11,1,1,44.83374983509558,-3:3,auto,1,287,3,dia,15,1,1,cbr,1,baseline,0.9118525027695126,48,2,92,2,92,0,2,2,0,0,Standard_1080p_30fps_5s
2002,0,none,2,1.419806761705947,2,11,1,1,44.83374983509558,-3:3,auto,1,287,3,umh,38,1,1,none,0,baseline,0.9306224373092584,22,20,111,3,80,1,2,1,0,2,Standard_1080p_30fps_5s
428,0,all,0,0.0520260669292369,0,0,0,11,17.913017377509092,-3:3,auto,1,287,0,umh,38,1,1,cbr,0,baseline,0.9306224373092584,23,16,168,10,69,8,64,0,0,0,Standard_1080p_30fps_5s
2002,0,none,2,1.419806761705947,2,11,1,1,44.83374983509558,-3:3,auto,0,17,1,umh,38,1,1,none,0,baseline,0.9306224373092584,48,19,92,2,92,7,2,0,0,0,Standard_1080p_30fps_5s
2158,1,p8x8,3,0.6157864219350295,1,12,0,8,28.67455693226908,2:-2,spatial,1,435,3,dia,15,1,0,cbr,0,baseline,0.6493532546000097,48,11,92,2,92,0,2,2,0,0,Standard_1080p_30fps_5s
2158,1,p8x8,3,0.6157864219350295,1,12,0,8,28.67455693226908,2:-2,none,1,435,3,dia,15,1,0,cbr,0,baseline,0.6493532546000097,48,11,92,2,81,11,24,2,0,2,Standard_1080p_30fps_5s
1157,0,p8x8,2,1.808177595813655,1,7,0,12,37.36255754594782,2:2,temporal,0,119,0,umh,36,0,0,none,0,baseline,0.3770737954321732,21,18,88,5,44,2,40,2,0,1,Standard_480p_60fps_20s
1974,0,p4x4,2,0.8031596101194036,0,7,0,1,25.059861731496472,-3:3,none,0,215,4,tesa,7,0,0,none,1,high,0.0125755748911785,39,5,212,10,73,1,35,1,0,1,Standard_480p_60fps_20s
2094,0,"p8x8,b8x8,i8x8,i4x4",0,0.3148879351383072,0,6,0,-6,35.744686063810704,5:-5,none,0,215,4,tesa,7,0,0,none,1,high,0.0125755748911785,39,5,212,10,73,1,35,1,0,1,Standard_480p_60fps_20s
1974,0,p4x4,2,0.8031596101194036,1,7,0,1,25.059861731496472,-3:3,none,1,215,4,umh,10,0,0,cbr,1,high,0.3663521095829675,38,5,197,14,35,4,12,2,0,0,Standard_480p_60fps_20s
1754,0,p4x4,2,0.8031596101194036,0,7,0,1,25.059861731496472,-3:3,none,0,119,0,umh,36,0,0,none,0,baseline,0.3770737954321732,21,16,88,12,44,0,40,2,0,1,Standard_480p_60fps_20s
1157,1,p8x8,2,1.808177595813655,1,7,0,12,37.36255754594782,-6:6,none,0,215,4,tesa,7,0,0,none,1,high,0.0125755748911785,39,5,212,10,73,1,60,1,0,1,Standard_480p_60fps_20s
1974,0,p4x4,2,0.8031596101194036,1,7,1,1,25.059861731496472,-3:3,none,1,215,4,umh,10,0,0,cbr,1,high,0.5585211604241007,32,0,230,10,32,5,19,2,0,0,Standard_480p_60fps_20s
1974,0,p4x4,2,1.921379441446754,0,7,0,1,25.059861731496472,-3:3,none,0,215,4,tesa,63,0,0,none,0,baseline,0.0125755748911785,39,5,212,10,73,1,35,1,0,2,Standard_480p_60fps_20s
2094,1,"p8x8,b8x8,i8x8,i4x4",0,0.3148879351383072,0,6,0,-6,35.744686063810704,-5:5,none,0,215,4,tesa,7,0,0,none,1,high,0.0125755748911785,39,5,212,10,73,1,35,1,0,1,Standard_480p_60fps_20s
1974,0,p4x4,2,0.8031596101194036,1,7,0,1,25.059861731496472,-3:3,none,1,215,4,umh,10,0,0,cbr,1,high,0.2286278501524964,38,5,197,14,35,4,12,2,0,2,Standard_480p_60fps_20s
1677,0,all,2,1.9603130745095043,2,6,0,12,37.36255754594782,-6:6,none,0,215,4,tesa,7,0,0,none,1,high,0.0125755748911785,39,5,212,10,73,8,60,1,0,1,Standard_480p_60fps_20s
135,1,p4x4,2,1.376009286708871,0,0,0,12,45.97524640994949,-3:3,temporal,0,207,4,dia,7,0,0,none,1,main,0.0125755748911785,39,5,212,10,73,1,60,1,0,1,Standard_480p_60fps_20s
1582,0,all,2,0.7876201876686689,1,2,1,0,5.349209321643618,1:1,spatial,1,443,4,tesa,7,0,0,none,1,high,0.0125755748911785,39,5,212,10,97,1,35,1,1,1,Standard_480p_60fps_20s
1974,0,p4x4,2,0.8031596101194036,2,7,0,1,25.059861731496472,-3:3,none,0,215,4,dia,24,0,0,none,1,baseline,0.0125755748911785,39,5,67,10,80,1,35,1,1,1,Standard_480p_60fps_20s
1974,0,all,2,0.8031596101194036,1,7,0,1,25.059861731496472,-3:3,none,1,215,4,tesa,10,0,0,cbr,1,high,0.2286278501524964,38,5,112,14,35,9,12,2,0,2,Standard_480p_60fps_20s
1974,0,p4x4,0,1.921379441446754,0,7,0,1,1.6698100565910112,-3:3,none,0,215,4,tesa,32,0,0,cbr,0,baseline,0.7840365949882372,41,9,217,9,56,5,24,2,0,2,Standard_480p_60fps_20s
2338,0,p4x4,2,0.8031596101194036,2,7,0,1,24.078821898900205,-3:3,auto,1,162,4,umh,10,0,1,cbr,1,high,0.2286278501524964,38,17,197,10,73,1,35,1,0,1,Standard_480p_60fps_20s
2094,1,"p8x8,b8x8,i8x8,i4x4",0,0.3148879351383072,0,6,0,-6,35.744686063810704,-5:5,none,0,215,1,tesa,7,0,0,none,1,high,0.0125755748911785,25,5,212,14,35,4,12,2,0,2,Standard_480p_60fps_20s
473,1,"p8x8,b8x8,i8x8,i4x4",2,1.376009286708871,0,0,0,1,4.288775714325351,-3:3,none,0,215,4,tesa,63,0,0,none,0,baseline,0.0125755748911785,39,5,212,10,73,1,35,1,0,1,Standard_480p_60fps_20s
2132,0,p4x4,1,1.921379441446754,0,7,0,1,25.059861731496472,-3:3,none,0,215,4,tesa,63,0,0,none,0,baseline,0.0125755748911785,39,5,212,10,73,1,35,2,1,2,Standard_480p_60fps_20s
901,0,none,0,1.1105357946224923,0,1,1,8,27.8211599730834,4:4,temporal,1,372,2,hex,32,1,0,none,1,main,0.6243479434565511,32,13,62,6,37,2,39,2,0,2,Big_480p_60fps_15s
2051,0,all,2,0.0520260669292369,1,0,1,11,11.817946525232552,6:-6,none,1,127,2,hex,32,0,0,none,1,main,0.6243479434565511,32,13,62,6,37,2,39,0,0,2,Big_480p_60fps_15s
2051,0,p8x8,2,0.0520260669292369,1,0,1,11,11.817946525232552,6:-6,none,1,127,2,hex,32,0,0,none,1,baseline,0.6493532546000097,22,4,55,3,80,0,2,0,0,0,Big_480p_60fps_15s
667,0,p8x8,2,0.5313281874777983,1,10,1,-10,27.07511018995715,6:6,spatial,0,154,3,hex,10,0,1,vbr,1,baseline,0.4204335832076066,22,4,55,3,62,0,2,0,0,0,Big_480p_60fps_15s
1079,0,p8x8,2,0.296249058842245,1,10,1,-10,29.32159763936856,-4:4,spatial,0,100,3,tesa,45,0,0,vbr,0,baseline,0.6493532546000097,48,11,92,2,92,0,2,0,0,0,Big_480p_60fps_15s
1894,0,p8x8,2,0.296249058842245,2,10,1,-10,29.32159763936856,-4:4,spatial,0,146,3,tesa,45,0,0,vbr,0,baseline,0.6493532546000097,48,11,92,2,92,0,2,0,0,0,Big_480p_60fps_15s
2051,1,p8x8,2,0.296249058842245,1,10,1,-10,29.32159763936856,6:6,spatial,0,39,3,tesa,45,0,0,vbr,0,baseline,0.2115404214338969,31,7,107,2,92,0,2,0,0,0,Big_480p_60fps_15s
2051,0,p8x8,3,0.296249058842245,1,10,1,-10,23.312004829095628,-4:4,spatial,0,100,3,tesa,45,0,0,vbr,0,high,0.2115404214338969,20,11,92,2,84,8,2,0,0,1,Big_480p_60fps_15s
2051,0,p8x8,2,0.296249058842245,1,6,1,-10,29.32159763936856,6:6,spatial,0,39,3,tesa,45,0,0,vbr,0,main,0.2115404214338969,35,7,107,2,92,0,2,0,0,0,Big_480p_60fps_15s
1401,1,p4x4,3,1.356481654370557,1,12,1,-2,34.48035889971309,6:6,spatial,1,39,3,tesa,12,0,0,vbr,1,baseline,0.6493532546000097,48,6,92,2,92,0,2,0,0,0,Big_480p_60fps_15s
2051,1,p8x8,2,0.296249058842245,1,9,1,-10,29.32159763936856,4:4,spatial,0,39,3,hex,10,0,0,none,1,baseline,0.9859873526355616,22,17,240,2,81,11,24,2,0,2,Big_480p_60fps_15s
2051,1,p8x8,2,1.478171640546586,1,10,1,-10,27.07511018995715,6:6,spatial,0,127,1,hex,10,0,0,vbr,1,baseline,0.6493532546000097,46,4,111,3,80,0,2,0,0,1,Big_480p_60fps_15s
1894,0,p8x8,2,0.5627110727333691,2,10,1,-10,29.32159763936856,-4:4,spatial,0,146,3,tesa,37,0,0,vbr,0,baseline,0.6493532546000097,48,11,92,2,92,0,2,0,0,0,Big_480p_60fps_15s
2051,0,p8x8,2,0.296249058842245,1,10,1,1,15.759421606152248,-1:1,spatial,0,100,3,tesa,45,0,0,vbr,0,high,0.2115404214338969,20,11,92,2,92,0,2,0,0,0,Big_480p_60fps_15s
2051,0,"p8x8,b8x8,i8x8,i4x4",2,1.478171640546586,1,10,1,-10,27.07511018995715,6:6,spatial,0,127,1,hex,10,0,0,vbr,1,baseline,0.6493532546000097,46,4,111,3,80,0,2,0,0,1,Big_480p_60fps_15s
2051,1,p8x8,2,1.478171640546586,1,10,1,-10,27.07511018995715,-6:6,spatial,0,127,1,hex,10,0,0,vbr,1,baseline,0.6361813150539242,46,4,111,3,80,0,2,1,0,1,Big_480p_60fps_15s
2051,1,all,2,1.478171640546586,1,3,1,-10,27.07511018995715,6:6,spatial,0,127,1,hex,10,0,0,vbr,1,baseline,0.6493532546000097,46,4,111,3,80,0,2,0,0,1,Big_480p_60fps_15s
667,0,p8x8,2,0.5313281874777983,1,10,1,-10,27.07511018995715,6:6,spatial,0,100,3,umh,45,0,0,vbr,0,baseline,0.6493532546000097,48,11,92,10,92,0,2,0,0,0,Big_480p_60fps_15s
2051,1,p8x8,2,1.478171640546586,1,10,1,-10,27.07511018995715,-5:5,spatial,0,127,3,tesa,37,0,0,vbr,0,baseline,0.6493532546000097,48,11,92,2,92,0,2,0,0,0,Big_480p_60fps_15s
1401,0,p4x4,1,1.356481654370557,1,12,1,-2,34.48035889971309,5:5,temporal,1,39,3,tesa,12,0,0,vbr,1,baseline,0.1782623695082673,48,6,92,2,92,0,2,0,0,2,Big_480p_60fps_15s
1565,1,all,2,0.9990668565461452,0,11,0,11,44.608662334883306,4:-4,temporal,1,401,3,dia,22,0,1,cbr,0,baseline,0.363347386675311,40,12,182,13,64,3,31,0,1,0,Standard_1080p_60fps_15s
757,1,none,0,1.9835703071312232,1,11,0,1,44.608662334883306,6:6,temporal,1,401,3,dia,22,0,1,cbr,1,main,0.363347386675311,40,5,182,13,50,0,57,0,0,2,Standard_1080p_60fps_15s
1565,1,all,2,0.9990668565461452,0,11,0,11,44.608662334883306,4:-4,temporal,1,401,3,dia,22,0,1,cbr,0,baseline,0.363347386675311,40,12,182,13,50,0,57,0,0,2,Standard_1080p_60fps_15s
1889,1,none,1,0.61390793336796,1,1,0,-5,17.900243077481445,-1:1,temporal,1,401,3,dia,22,0,1,cbr,0,baseline,0.363347386675311,40,12,182,13,50,4,40,0,0,2,Standard_1080p_60fps_15s
1466,1,all,2,0.9990668565461452,0,11,0,11,44.608662334883306,4:-4,temporal,1,401,3,dia,22,0,1,cbr,0,baseline,0.363347386675311,40,12,182,13,50,0,57,0,0,2,Standard_1080p_60fps_15s
1889,1,none,1,0.61390793336796,0,7,1,11,36.4526879545092,4:-4,temporal,1,401,3,dia,22,0,1,cbr,0,baseline,0.2774819550020612,40,12,182,13,50,0,57,0,0,2,Standard_1080p_60fps_15s
1565,1,p8x8,2,0.9990668565461452,0,11,0,11,44.608662334883306,4:-4,temporal,1,401,3,dia,22,0,1,cbr,0,baseline,0.363347386675311,40,12,182,13,50,0,57,0,0,0,Standard_1080p_60fps_15s
1344,1,"p8x8,b8x8,i8x8,i4x4",1,1.4994125947692052,0,3,1,11,44.608662334883306,4:-4,temporal,1,401,3,dia,22,0,1,cbr,0,high,0.363347386675311,40,12,182,13,50,0,57,0,1,2,Standard_1080p_60fps_15s
757,1,none,3,1.9835703071312232,1,9,1,1,37.888880390523255,5:5,none,1,334,3,dia,22,0,1,cbr,0,baseline,0.363347386675311,40,12,182,13,50,4,40,0,0,2,Standard_1080p_60fps_15s
757,1,none,3,1.9835703071312232,1,9,1,1,37.888880390523255,5:5,spatial,0,334,1,hex,6,1,1,cbr,0,high,0.3341435203941505,33,18,41,3,32,5,42,2,0,2,Standard_1080p_60fps_15s
1344,1,"p8x8,b8x8,i8x8,i4x4",1,1.4994125947692052,0,3,1,-10,8.95525222069977,-3:3,spatial,1,352,3,dia,45,1,1,cbr,0,high,0.0018151682110434,42,1,216,10,14,4,13,2,0,0,Standard_1080p_60fps_15s
1344,1,"p8x8,b8x8,i8x8,i4x4",1,1.4994125947692052,0,3,1,2,8.95525222069977,-3:3,spatial,1,314,3,dia,45,1,1,cbr,0,high,0.0018151682110434,42,1,216,10,14,4,13,2,0,0,Standard_1080p_60fps_15s
241,0,none,1,0.61390793336796,0,1,1,-2,33.659914367378114,3:3,none,1,278,1,umh,10,0,1,cbr,0,baseline,0.6243479434565511,49,18,135,2,34,3,31,1,1,0,Standard_1080p_60fps_15s
241,0,none,1,0.61390793336796,0,1,1,-2,33.659914367378114,3:3,none,1,278,1,umh,10,0,1,cbr,1,baseline,0.363347386675311,40,12,182,13,37,0,57,0,1,2,Standard_1080p_60fps_15s
1401,1,p4x4,3,1.356481654370557,1,12,0,-2,33.659914367378114,3:3,none,1,278,1,hex,10,0,0,cbr,1,baseline,0.6243479434565511,49,18,135,2,64,3,31,1,1,0,Standard_1080p_60fps_15s
876,1,none,1,1.830235495576655,0,15,0,-1,16.29015290146609,5:-5,temporal,1,278,3,hex,10,0,0,cbr,1,baseline,0.6243479434565511,49,18,135,2,64,3,31,1,1,0,Standard_1080p_60fps_15s
1889,0,none,1,0.61390793336796,0,1,1,-2,33.659914367378114,3:3,none,1,278,1,hex,10,0,0,cbr,0,baseline,0.6243479434565511,49,18,135,2,64,3,31,1,1,0,Standard_1080p_60fps_15s
1401,1,p4x4,3,1.356481654370557,2,12,0,-2,33.659914367378114,3:3,spatial,1,278,1,hex,10,0,0,cbr,1,baseline,0.6243479434565511,49,18,135,2,64,3,31,0,1,0,Standard_1080p_60fps_15s
1401,1,p4x4,3,1.356481654370557,2,12,0,-2,33.659914367378114,3:3,none,0,278,1,hex,10,0,0,none,1,baseline,0.6243479434565511,49,20,135,2,64,3,31,1,1,2,Standard_1080p_60fps_15s
1401,1,p4x4,3,1.356481654370557,1,12,0,-2,33.659914367378114,3:3,none,1,424,1,hex,22,1,0,cbr,0,baseline,0.6243479434565511,49,5,135,2,81,3,31,1,1,0,Standard_1080p_60fps_15s
1079,0,p8x8,2,1.7703159785329992,1,10,1,-10,29.32159763936856,-4:4,auto,0,100,3,tesa,45,0,0,none,1,main,0.9544631986942628,25,3,141,7,40,5,63,1,0,1,Still_image_480p_25fps_15s
1079,0,p8x8,0,1.7703159785329992,1,10,1,-10,29.32159763936856,-4:4,none,0,100,3,tesa,45,0,0,none,1,main,0.2829198489071013,25,3,141,7,29,5,63,1,0,1,Still_image_480p_25fps_15s
1079,0,p8x8,2,1.7703159785329992,1,10,1,-10,29.32159763936856,-4:4,none,0,100,3,tesa,45,0,0,none,1,main,0.2829198489071013,25,3,134,7,40,5,63,1,0,1,Still_image_480p_25fps_15s
1079,0,p8x8,2,1.7703159785329992,1,10,1,-10,29.32159763936856,-4:4,none,0,100,3,tesa,45,0,0,none,1,main,0.2829198489071013,25,3,141,7,40,5,63,1,0,1,Still_image_480p_25fps_15s
1079,0,p8x8,0,1.7703159785329992,1,10,1,-3,29.32159763936856,-4:4,none,0,100,3,tesa,45,0,0,none,1,main,0.2829198489071013,25,3,141,7,29,5,63,1,0,1,Still_image_480p_25fps_15s
2283,1,all,1,0.0520260669292369,2,0,0,11,17.913017377509092,6:-6,auto,1,458,2,hex,10,1,0,vbr,1,baseline,0.9859873526355616,22,14,240,2,81,11,24,2,0,2,Still_image_480p_25fps_15s
2283,1,all,2,0.0520260669292369,2,0,0,11,17.913017377509092,6:-6,spatial,0,100,3,hex,45,0,0,vbr,1,baseline,0.6493532546000097,48,8,28,2,92,7,2,0,0,1,Still_image_480p_25fps_15s
2283,1,all,1,0.0520260669292369,2,0,0,11,17.913017377509092,6:-6,spatial,0,278,3,hex,45,0,0,vbr,1,baseline,0.6493532546000097,48,8,188,15,92,7,31,0,0,1,Still_image_480p_25fps_15s
1166,0,none,2,1.419806761705947,2,10,1,-11,29.32159763936856,2:-2,auto,1,458,0,hex,10,1,0,vbr,1,baseline,0.9859873526355616,22,14,240,2,81,11,24,2,0,2,Still_image_480p_25fps_15s
1565,1,all,2,0.9990668565461452,0,11,0,11,44.608662334883306,4:-4,temporal,1,401,3,dia,22,0,1,cbr,0,baseline,0.363347386675311,40,12,182,13,64,3,31,0,1,0,Still_image_480p_25fps_15s
1079,0,p8x8,2,0.296249058842245,1,10,1,-10,29.32159763936856,-4:4,spatial,0,100,3,tesa,45,0,0,vbr,0,baseline,0.6493532546000097,48,11,92,2,92,0,2,0,0,0,Still_image_480p_25fps_15s
2002,0,p8x8,2,0.296249058842245,2,10,1,-10,29.32159763936856,6:-6,spatial,0,100,3,tesa,45,0,0,vbr,0,baseline,0.6493532546000097,48,15,92,2,92,7,2,0,0,0,Still_image_480p_25fps_15s
1079,0,p8x8,2,0.296249058842245,1,10,1,-10,29.32159763936856,-4:4,spatial,0,100,3,tesa,45,0,0,vbr,0,baseline,0.6493532546000097,48,11,92,1,64,3,31,0,0,0,Still_image_480p_25fps_15s
2002,0,p8x8,2,0.296249058842245,1,10,1,-10,29.32159763936856,6:-6,spatial,0,100,3,esa,45,0,1,vbr,0,baseline,0.6493532546000097,48,11,92,2,92,0,2,0,0,0,Still_image_480p_25fps_15s
382,0,p8x8,2,0.296249058842245,0,10,1,-10,29.32159763936856,-4:4,spatial,0,171,3,tesa,45,0,0,vbr,0,baseline,0.6493532546000097,48,15,92,2,92,7,2,0,0,0,Still_image_480p_25fps_15s
1166,0,none,2,1.419806761705947,2,10,1,-11,29.32159763936856,2:-2,spatial,0,100,3,hex,45,0,0,vbr,1,baseline,0.6493532546000097,48,8,28,2,92,7,2,0,0,1,Still_image_480p_25fps_15s
1320,0,p4x4,3,1.2028142322233848,1,12,0,8,28.67455693226908,2:-2,spatial,1,458,3,hex,10,0,0,vbr,1,baseline,0.9859873526355616,22,14,18,2,81,11,24,0,0,2,Still_image_480p_25fps_15s
2283,1,all,2,1.2028142322233848,1,12,0,8,28.67455693226908,2:-2,spatial,1,458,3,hex,10,0,0,vbr,1,baseline,0.9859873526355616,22,14,18,2,81,11,24,0,0,1,Still_image_480p_25fps_15s
2283,1,all,3,1.2028142322233848,1,12,0,8,28.67455693226908,2:-2,spatial,1,458,3,hex,10,0,0,vbr,1,baseline,0.9859873526355616,22,14,146,2,81,11,24,0,0,2,Still_image_480p_25fps_15s
1166,0,none,2,1.419806761705947,2,10,1,-11,29.32159763936856,1:1,spatial,0,100,3,tesa,45,0,0,vbr,1,baseline,0.6493532546000097,48,15,92,2,92,7,2,0,0,0,Still_image_480p_25fps_15s
1079,0,p8x8,2,1.7703159785329992,1,10,1,-10,29.32159763936856,-4:4,none,0,100,3,tesa,45,0,0,none,1,main,0.2829198489071013,25,3,141,7,40,5,63,1,0,1,Big_480p_25fps_20s
1079,0,p8x8,2,1.7703159785329992,1,10,1,-10,29.32159763936856,-4:4,auto,0,100,3,tesa,45,0,0,none,1,main,0.9544631986942628,25,3,141,7,40,5,63,1,0,1,Big_480p_25fps_20s
1079,0,p8x8,2,1.7703159785329992,1,10,1,-10,29.32159763936856,-4:4,none,0,100,3,tesa,45,0,0,none,1,main,0.2829198489071013,25,3,134,7,40,5,63,1,0,1,Big_480p_25fps_20s
1079,0,p8x8,0,1.7703159785329992,1,10,1,-10,29.32159763936856,-4:4,none,0,100,3,tesa,45,0,0,none,1,main,0.2829198489071013,25,3,141,7,29,5,63,1,0,1,Big_480p_25fps_20s
1079,0,p8x8,0,1.7703159785329992,1,10,1,-3,29.32159763936856,-4:4,none,0,100,3,tesa,45,0,0,none,1,main,0.2829198489071013,25,3,141,7,29,5,63,1,0,1,Big_480p_25fps_20s
1565,1,all,2,0.9990668565461452,0,11,0,11,44.608662334883306,4:-4,temporal,1,401,3,dia,22,0,1,cbr,0,baseline,0.363347386675311,40,12,182,13,64,3,31,0,1,0,Big_480p_25fps_20s
1565,1,all,2,0.9990668565461452,0,11,0,11,44.608662334883306,4:-4,temporal,1,401,3,dia,22,0,1,cbr,0,baseline,0.363347386675311,34,12,157,13,64,3,31,0,1,0,Big_480p_25fps_20s
1565,1,all,2,0.9990668565461452,0,11,0,11,44.608662334883306,4:-4,temporal,1,401,3,dia,22,0,1,cbr,0,baseline,0.363347386675311,34,12,157,13,64,3,31,0,1,1,Big_480p_25fps_20s
1974,0,p4x4,2,0.9990668565461452,0,11,0,11,44.608662334883306,4:-4,temporal,1,401,3,dia,22,0,1,cbr,0,baseline,0.363347386675311,40,12,182,13,64,3,31,0,1,0,Big_480p_25fps_20s
1974,1,p4x4,2,0.8031596101194036,1,7,0,1,25.059861731496472,4:-4,none,1,215,4,dia,10,0,0,cbr,1,baseline,0.363347386675311,40,12,122,13,64,3,31,0,1,0,Big_480p_25fps_20s
2283,1,all,1,0.0520260669292369,2,0,0,11,17.913017377509092,6:-6,auto,1,458,2,hex,10,1,0,vbr,1,baseline,0.9859873526355616,22,14,240,2,81,11,24,2,0,2,Big_480p_25fps_20s
2283,1,all,2,0.0520260669292369,2,0,0,11,17.913017377509092,6:-6,spatial,0,100,3,hex,45,0,0,vbr,1,baseline,0.6493532546000097,48,8,28,2,92,7,2,0,0,1,Big_480p_25fps_20s
2283,1,all,1,0.0520260669292369,2,0,0,11,17.913017377509092,6:-6,spatial,0,278,3,hex,45,0,0,vbr,1,baseline,0.6493532546000097,48,8,188,15,92,7,31,0,0,1,Big_480p_25fps_20s
2283,1,all,1,0.0520260669292369,2,0,0,12,17.913017377509092,6:-6,auto,1,458,2,hex,10,1,0,vbr,1,baseline,0.9859873526355616,22,14,240,2,81,11,24,2,0,2,Big_480p_25fps_20s
1166,0,none,2,1.419806761705947,2,10,1,-11,29.32159763936856,2:-2,auto,1,458,0,hex,10,1,0,vbr,1,baseline,0.9859873526355616,22,14,240,2,81,11,24,2,0,2,Big_480p_25fps_20s
1166,1,none,0,0.4072525850672805,2,10,1,-11,29.32159763936856,2:-2,auto,1,402,2,hex,10,1,1,vbr,1,baseline,0.9859873526355616,22,14,240,2,81,11,24,2,0,2,Big_480p_25fps_20s
1974,0,p4x4,2,0.8031596101194036,1,7,1,1,25.059861731496472,-3:3,none,1,215,4,umh,10,0,0,cbr,1,high,0.5585211604241007,32,0,230,10,32,5,19,2,0,0,Big_480p_25fps_20s
1157,1,p8x8,2,1.808177595813655,1,7,0,12,37.36255754594782,-6:6,none,0,215,4,tesa,7,0,0,none,1,high,0.0125755748911785,39,5,212,10,73,1,60,1,0,1,Big_480p_25fps_20s
1754,0,p4x4,2,0.8031596101194036,0,7,0,1,25.059861731496472,-3:3,none,0,119,0,umh,36,0,0,none,0,baseline,0.3770737954321732,21,16,88,12,44,0,40,2,0,1,Big_480p_25fps_20s
2094,0,"p8x8,b8x8,i8x8,i4x4",0,0.3148879351383072,0,6,0,-6,35.744686063810704,5:-5,none,0,215,4,tesa,7,0,0,none,1,high,0.0125755748911785,39,5,212,10,73,1,35,1,0,1,Big_480p_25fps_20s
1974,0,p4x4,2,0.8031596101194036,1,7,0,1,25.059861731496472,5:-5,auto,1,215,4,umh,10,0,0,cbr,1,baseline,0.6493532546000097,22,4,111,3,80,0,2,0,0,0,Standard_480p_25fps_5s
1974,0,p4x4,2,0.8031596101194036,1,7,1,1,25.059861731496472,5:-5,auto,1,215,4,umh,10,0,0,cbr,1,baseline,0.2858662216079829,22,5,111,3,80,0,2,0,0,0,Standard_480p_25fps_5s
1157,0,p8x8,2,1.808177595813655,1,7,0,12,37.36255754594782,2:2,temporal,0,119,0,umh,36,0,0,none,0,baseline,0.3770737954321732,21,18,88,5,44,2,40,2,0,1,Standard_480p_25fps_5s
1079,0,p8x8,2,0.296249058842245,1,10,1,-10,29.32159763936856,-4:4,spatial,0,100,3,tesa,45,0,0,vbr,0,baseline,0.6493532546000097,48,11,92,2,92,0,2,0,0,0,Standard_480p_25fps_5s
2094,0,"p8x8,b8x8,i8x8,i4x4",0,1.3472394274614126,1,10,1,-10,29.32159763936856,-4:4,spatial,0,100,3,tesa,27,0,0,vbr,0,baseline,0.6493532546000097,48,11,141,2,92,0,2,0,0,0,Standard_480p_25fps_5s
1974,0,"p8x8,b8x8,i8x8,i4x4",2,0.8031596101194036,1,7,0,1,40.17304319775817,4:-4,auto,1,215,4,umh,10,0,0,cbr,0,baseline,0.3770737954321732,21,16,88,12,44,0,40,2,0,1,Standard_480p_25fps_5s
1079,1,p8x8,2,0.296249058842245,1,10,1,-10,29.32159763936856,-4:4,spatial,0,100,3,tesa,45,0,0,vbr,0,baseline,0.495485102509096,48,11,92,2,92,0,2,0,0,0,Standard_480p_25fps_5s
2094,0,"p8x8,b8x8,i8x8,i4x4",0,1.3285780518934895,0,10,1,-10,29.32159763936856,-4:4,temporal,0,100,3,tesa,27,0,0,vbr,0,baseline,0.9696461911517028,48,11,141,2,92,0,9,0,0,0,Standard_480p_25fps_5s
1726,0,"p8x8,b8x8,i8x8,i4x4",2,0.8031596101194036,1,7,0,1,40.17304319775817,4:-4,auto,0,215,4,umh,10,0,0,cbr,0,baseline,0.3770737954321732,21,16,88,12,44,0,40,2,0,1,Standard_480p_25fps_5s
2283,1,all,1,0.0520260669292369,2,0,0,11,17.913017377509092,6:-6,auto,1,458,2,hex,10,1,0,vbr,1,baseline,0.9859873526355616,22,14,240,2,81,11,24,2,0,2,Standard_480p_25fps_5s
2094,1,"p8x8,b8x8,i8x8,i4x4",0,0.3148879351383072,0,6,0,-6,35.744686063810704,-5:5,auto,1,458,2,hex,10,1,0,none,1,baseline,0.9859873526355616,22,14,240,2,81,11,45,2,0,2,Standard_480p_25fps_5s
1974,0,p4x4,2,0.8031596101194036,1,7,0,1,25.059861731496472,-3:3,none,1,215,4,umh,10,0,0,cbr,1,high,0.2286278501524964,38,5,197,14,35,4,12,2,0,2,Standard_480p_25fps_5s
2094,1,"p8x8,b8x8,i8x8,i4x4",0,0.3148879351383072,0,6,0,-6,35.744686063810704,-5:5,none,0,215,4,tesa,7,0,0,none,1,high,0.0125755748911785,39,5,212,10,73,1,35,1,0,1,Standard_480p_25fps_5s
1974,0,p4x4,2,1.921379441446754,0,7,0,1,25.059861731496472,-3:3,none,0,215,4,tesa,63,0,0,none,0,baseline,0.0125755748911785,39,5,212,10,73,1,35,1,0,2,Standard_480p_25fps_5s
1974,0,p4x4,2,0.8031596101194036,1,7,1,1,25.059861731496472,-3:3,none,1,215,4,umh,10,0,0,cbr,1,high,0.5585211604241007,32,0,230,10,32,5,19,2,0,0,Standard_480p_25fps_5s
1157,1,p8x8,2,1.808177595813655,1,7,0,12,37.36255754594782,-6:6,none,0,215,4,tesa,7,0,0,none,1,high,0.0125755748911785,39,5,212,10,73,1,60,1,0,1,Standard_480p_25fps_5s
1754,0,p4x4,2,0.8031596101194036,0,7,0,1,25.059861731496472,-3:3,none,0,119,0,umh,36,0,0,none,0,baseline,0.3770737954321732,21,16,88,12,44,0,40,2,0,1,Standard_480p_25fps_5s
1974,0,p4x4,2,0.8031596101194036,1,7,0,1,25.059861731496472,-3:3,none,1,215,4,umh,10,0,0,cbr,1,high,0.3663521095829675,38,5,197,14,35,4,12,2,0,0,Standard_480p_25fps_5s
2094,0,"p8x8,b8x8,i8x8,i4x4",0,0.3148879351383072,0,6,0,-6,35.744686063810704,5:-5,none,0,215,4,tesa,7,0,0,none,1,high,0.0125755748911785,39,5,212,10,73,1,35,1,0,1,Standard_480p_25fps_5s
1974,0,p4x4,2,0.8031596101194036,0,7,0,1,25.059861731496472,-3:3,none,0,215,4,tesa,7,0,0,none,1,high,0.0125755748911785,39,5,212,10,73,1,35,1,0,1,Standard_480p_25fps_5s
1079,0,p8x8,0,1.7703159785329992,1,10,1,-3,29.32159763936856,-4:4,none,0,100,3,tesa,45,0,0,none,1,main,0.2829198489071013,25,3,141,7,29,5,63,1,0,1,Standard_720p_30fps_15s
1079,0,p8x8,0,1.7703159785329992,1,10,1,-10,29.32159763936856,-4:4,none,0,100,3,tesa,45,0,0,none,1,main,0.2829198489071013,25,3,141,7,29,5,63,1,0,1,Standard_720p_30fps_15s
1079,0,p8x8,2,1.7703159785329992,1,10,1,-10,29.32159763936856,-4:4,none,0,100,3,tesa,45,0,0,none,1,main,0.2829198489071013,25,3,134,7,40,5,63,1,0,1,Standard_720p_30fps_15s
1079,0,p8x8,2,1.7703159785329992,1,10,1,-10,29.32159763936856,-4:4,auto,0,100,3,tesa,45,0,0,none,1,main,0.9544631986942628,25,3,141,7,40,5,63,1,0,1,Standard_720p_30fps_15s
1079,0,p8x8,2,1.7703159785329992,1,10,1,-10,29.32159763936856,-4:4,none,0,100,3,tesa,45,0,0,none,1,main,0.2829198489071013,25,3,141,7,40,5,63,1,0,1,Standard_720p_30fps_15s
1079,0,p8x8,0,1.7703159785329992,1,10,1,-10,29.32159763936856,-4:4,none,0,100,3,tesa,35,0,0,none,1,main,0.2829198489071013,49,3,134,7,40,5,63,1,0,1,Standard_720p_30fps_15s
1079,0,p8x8,2,1.7703159785329992,1,5,1,-5,29.32159763936856,-4:4,none,0,100,3,tesa,45,0,0,none,1,main,0.2829198489071013,25,3,141,6,29,5,63,1,0,1,Standard_720p_30fps_15s
1079,0,p8x8,2,0.296249058842245,1,10,1,-10,29.32159763936856,-4:4,spatial,0,100,3,tesa,45,0,0,vbr,0,baseline,0.6493532546000097,48,11,92,2,92,0,2,0,0,0,Standard_720p_30fps_15s
1079,0,p8x8,0,1.7703159785329992,0,10,1,-10,29.32159763936856,-4:4,spatial,1,100,3,tesa,45,0,0,vbr,0,baseline,0.6493532546000097,48,11,92,2,92,0,2,0,0,0,Standard_720p_30fps_15s
1974,0,p8x8,2,0.296249058842245,1,10,1,-10,29.32159763936856,-4:4,spatial,0,100,3,tesa,45,1,0,vbr,0,baseline,0.6493532546000097,48,11,92,2,92,0,2,0,0,0,Standard_720p_30fps_15s
2283,1,all,1,0.0520260669292369,2,0,0,11,17.913017377509092,6:-6,auto,1,458,2,hex,10,1,0,vbr,1,baseline,0.9859873526355616,22,14,240,2,81,11,24,2,0,2,Standard_720p_30fps_15s
1974,0,p4x4,2,0.9990668565461452,0,11,0,11,44.608662334883306,4:-4,temporal,1,401,3,dia,22,0,1,cbr,0,baseline,0.363347386675311,40,12,182,13,64,3,31,0,1,0,Standard_720p_30fps_15s
1565,1,all,2,0.9990668565461452,0,11,0,11,44.608662334883306,4:-4,temporal,1,401,3,dia,22,0,1,cbr,0,baseline,0.363347386675311,34,12,157,13,64,3,31,0,1,1,Standard_720p_30fps_15s
1565,1,all,2,0.9990668565461452,0,11,0,11,44.608662334883306,4:-4,temporal,1,401,3,dia,22,0,1,cbr,0,baseline,0.363347386675311,34,12,157,13,64,3,31,0,1,0,Standard_720p_30fps_15s
1565,1,all,2,0.9990668565461452,0,11,0,11,44.608662334883306,4:-4,temporal,1,401,3,dia,22,0,1,cbr,0,baseline,0.363347386675311,40,12,182,13,64,3,31,0,1,0,Standard_720p_30fps_15s
1079,0,p8x8,2,0.296249058842245,1,10,1,8,44.608662334883306,4:-4,temporal,1,401,3,dia,22,0,1,cbr,1,baseline,0.363347386675311,40,12,148,8,64,3,31,2,0,1,Standard_720p_30fps_15s
1079,0,p8x8,2,0.296249058842245,1,10,1,8,44.608662334883306,4:-4,temporal,1,401,3,dia,22,0,1,cbr,0,baseline,0.363347386675311,40,12,182,8,64,3,31,0,1,0,Standard_720p_30fps_15s
1079,0,p8x8,2,1.7703159785329992,1,11,0,11,44.608662334883306,4:-4,temporal,1,401,3,dia,22,0,0,cbr,0,high,0.363347386675311,34,12,157,13,64,3,31,0,1,0,Standard_720p_30fps_15s
1079,0,p4x4,2,0.9990668565461452,0,11,0,11,44.608662334883306,4:-4,temporal,1,401,3,dia,22,1,1,cbr,1,main,0.363347386675311,40,12,182,13,29,3,31,0,1,0,Standard_720p_30fps_15s
2051,0,p8x8,2,0.296249058842245,1,10,1,-10,29.32159763936856,-4:4,spatial,0,100,3,tesa,45,0,0,vbr,0,baseline,0.2115404214338969,20,7,107,12,7,7,56,2,0,0,Standard_720p_30fps_15s
1079,0,p8x8,0,1.7703159785329992,1,10,1,-10,29.32159763936856,-4:4,none,0,100,3,tesa,45,0,0,none,1,main,0.2829198489071013,25,3,141,7,29,5,63,1,0,1,Still_image_480p_60fps_10s
1079,0,p8x8,2,1.7703159785329992,1,10,1,-10,29.32159763936856,-4:4,auto,0,100,3,tesa,45,0,0,none,1,main,0.9544631986942628,25,3,141,7,40,5,63,1,0,1,Still_image_480p_60fps_10s
1079,0,p8x8,2,1.7703159785329992,1,10,1,-10,29.32159763936856,-4:4,none,0,100,3,tesa,45,0,0,none,1,main,0.2829198489071013,25,3,134,7,40,5,63,1,0,1,Still_image_480p_60fps_10s
1079,0,p8x8,2,1.7703159785329992,1,10,1,-10,29.32159763936856,-4:4,none,0,100,3,tesa,45,0,0,none,1,main,0.2829198489071013,25,3,141,7,40,5,63,1,0,1,Still_image_480p_60fps_10s
1079,0,p8x8,2,0.296249058842245,1,10,1,-10,29.32159763936856,-4:4,auto,0,100,4,tesa,45,0,0,none,1,baseline,0.9544631986942628,25,3,141,7,40,5,63,1,0,1,Still_image_480p_60fps_10s
1079,0,p8x8,0,1.7703159785329992,1,10,1,-10,29.32159763936856,-4:4,none,0,100,3,tesa,45,0,0,none,1,main,0.2829198489071013,25,3,141,7,29,5,63,0,0,2,Still_image_480p_60fps_10s
1125,0,p8x8,2,1.7703159785329992,1,10,1,-10,29.32159763936856,-4:4,none,0,100,3,tesa,45,0,0,none,1,main,0.2829198489071013,25,3,141,7,40,1,63,1,0,1,Still_image_480p_60fps_10s
1079,0,p8x8,2,0.296249058842245,1,10,1,-10,29.32159763936856,-4:4,none,0,100,3,umh,45,0,0,none,1,main,0.2829198489071013,25,3,134,7,40,5,63,1,0,1,Still_image_480p_60fps_10s
2283,1,all,1,0.0520260669292369,2,0,0,11,17.913017377509092,6:-6,auto,1,458,2,hex,10,1,0,vbr,1,baseline,0.9859873526355616,22,14,240,2,81,11,24,2,0,2,Still_image_480p_60fps_10s
2002,0,p8x8,2,0.296249058842245,2,10,1,-10,29.32159763936856,6:-6,spatial,0,100,3,tesa,45,0,0,vbr,0,baseline,0.6493532546000097,48,15,92,2,92,7,2,0,0,0,Still_image_480p_60fps_10s
1079,0,p8x8,2,0.296249058842245,1,10,1,-10,29.32159763936856,-4:4,spatial,0,100,3,tesa,45,0,0,vbr,0,baseline,0.6493532546000097,48,11,92,2,92,0,2,0,0,0,Still_image_480p_60fps_10s
2002,0,p8x8,2,0.296249058842245,2,10,1,-10,29.32159763936856,6:-6,spatial,0,100,0,umh,45,0,0,vbr,0,baseline,0.6493532546000097,48,15,92,2,92,0,2,0,0,1,Still_image_480p_60fps_10s
1079,0,p8x8,0,1.7703159785329992,1,10,1,-10,29.32159763936856,-4:4,spatial,0,100,3,tesa,45,0,0,vbr,0,baseline,0.6493532546000097,48,11,48,2,92,7,2,0,0,0,Still_image_480p_60fps_10s
1079,0,p8x8,2,1.7703159785329992,1,10,1,-10,29.32159763936856,-4:4,spatial,0,100,1,tesa,45,0,0,vbr,0,baseline,0.6493532546000097,48,11,163,2,92,7,2,0,0,0,Still_image_480p_60fps_10s
1320,0,p4x4,3,1.2028142322233848,1,12,0,8,28.67455693226908,2:-2,spatial,1,458,3,hex,10,0,0,vbr,1,baseline,0.9859873526355616,22,14,18,2,81,11,24,0,0,2,Still_image_480p_60fps_10s
1079,1,p8x8,2,1.7703159785329992,1,10,1,-10,29.32159763936856,-4:4,none,1,458,2,hex,10,1,0,vbr,1,baseline,0.9859873526355616,22,14,240,2,81,11,24,2,0,2,Still_image_480p_60fps_10s
1320,0,p4x4,3,1.2028142322233848,1,16,0,8,28.67455693226908,2:-2,spatial,1,458,3,hex,10,0,0,vbr,1,baseline,0.9859873526355616,22,14,6,7,40,5,63,1,0,1,Still_image_480p_60fps_10s
1079,0,p4x4,2,1.7703159785329992,1,9,1,-10,28.67455693226908,2:-2,spatial,1,458,3,hex,10,0,0,vbr,1,baseline,0.9859873526355616,22,14,18,2,81,11,24,0,0,2,Still_image_480p_60fps_10s
1320,0,p4x4,3,1.2028142322233848,1,16,1,8,28.67455693226908,2:-2,spatial,1,458,3,hex,10,0,0,vbr,1,baseline,0.9859873526355616,22,14,6,7,40,5,63,1,0,2,Still_image_480p_60fps_10s
1125,1,"p8x8,b8x8,i8x8,i4x4",0,0.0520260669292369,1,0,1,11,17.913017377509092,-4:4,auto,0,11,2,tesa,45,0,0,vbr,0,baseline,0.6493532546000097,26,16,92,9,70,11,24,2,0,2,Still_image_480p_60fps_10s
2002,0,p8x8,2,0.296249058842245,2,10,1,-10,29.32159763936856,6:-6,spatial,0,100,3,tesa,45,0,0,vbr,0,baseline,0.6493532546000097,48,15,92,2,92,7,2,0,0,0,Big_1080p_25fps_5s
2051,0,p8x8,2,0.296249058842245,1,6,1,-10,29.32159763936856,6:6,spatial,0,39,3,tesa,45,0,0,vbr,0,main,0.2115404214338969,35,7,107,2,92,0,2,0,0,0,Big_1080p_25fps_5s
2051,1,p8x8,2,0.296249058842245,1,10,1,-10,29.32159763936856,6:6,spatial,0,39,3,tesa,45,0,0,vbr,0,baseline,0.2115404214338969,31,7,107,2,92,0,2,0,0,0,Big_1080p_25fps_5s
2051,0,p8x8,3,0.296249058842245,1,10,1,-10,23.312004829095628,-4:4,spatial,0,100,3,tesa,45,0,0,vbr,0,high,0.2115404214338969,20,11,92,2,84,8,2,0,0,1,Big_1080p_25fps_5s
1894,0,p8x8,2,0.296249058842245,2,10,1,-10,29.32159763936856,-4:4,spatial,0,146,3,tesa,45,0,0,vbr,0,baseline,0.6493532546000097,48,11,92,2,92,0,2,0,0,0,Big_1080p_25fps_5s
1079,0,p8x8,2,0.296249058842245,1,10,1,-10,29.32159763936856,-4:4,spatial,0,100,3,tesa,45,0,0,vbr,0,baseline,0.6493532546000097,48,11,92,2,92,0,2,0,0,0,Big_1080p_25fps_5s
1079,0,p8x8,0,1.7703159785329992,0,10,1,-10,29.32159763936856,6:-6,spatial,0,100,3,tesa,45,0,0,vbr,1,baseline,0.2591799775771372,22,15,92,2,92,7,2,0,0,0,Big_1080p_25fps_5s
2051,1,p8x8,2,0.296249058842245,1,10,1,-10,29.32159763936856,6:6,spatial,0,199,1,tesa,45,0,0,vbr,0,baseline,0.2115404214338969,31,7,107,2,92,0,2,0,0,0,Big_1080p_25fps_5s
2002,0,p8x8,2,0.296249058842245,2,10,1,-10,29.32159763936856,-4:4,spatial,0,100,3,tesa,45,0,0,vbr,1,baseline,0.6493532546000097,49,15,92,2,92,7,2,0,0,0,Big_1080p_25fps_5s
2002,0,p8x8,3,0.296249058842245,2,10,1,-10,29.32159763936856,6:-6,spatial,0,100,3,tesa,45,0,0,vbr,0,baseline,0.6493532546000097,20,11,92,8,84,8,2,0,0,1,Big_1080p_25fps_5s
2051,0,p8x8,3,0.296249058842245,1,10,1,-10,23.312004829095628,-4:4,spatial,0,100,3,dia,45,0,0,vbr,0,high,0.2115404214338969,48,15,92,2,92,7,2,0,0,0,Big_1080p_25fps_5s
1079,0,p8x8,2,0.296249058842245,1,10,1,-10,5.100508447678601,-4:4,spatial,0,100,3,tesa,45,0,0,vbr,0,baseline,0.6493532546000097,48,15,92,2,92,7,2,0,0,0,Big_1080p_25fps_5s
1079,0,p8x8,0,1.7703159785329992,0,10,1,-10,29.32159763936856,6:-6,spatial,0,100,3,tesa,45,0,0,vbr,1,baseline,0.2591799775771372,22,15,92,2,92,7,59,0,0,0,Big_1080p_25fps_5s
1079,0,p8x8,2,0.296249058842245,1,10,1,-10,33.33409056605145,-4:4,spatial,0,100,3,tesa,45,0,0,vbr,1,baseline,0.6493532546000097,49,14,92,2,92,7,2,0,0,0,Big_1080p_25fps_5s
2002,0,all,2,0.296249058842245,2,2,1,-10,12.70039942180088,6:-6,spatial,0,100,3,tesa,45,0,0,vbr,0,baseline,0.6493532546000097,48,15,92,2,92,7,2,0,0,0,Big_1080p_25fps_5s
2051,1,p8x8,2,0.296249058842245,1,10,1,-10,29.32159763936856,1:-1,spatial,0,39,3,tesa,45,0,0,vbr,0,baseline,0.2115404214338969,31,7,107,2,92,0,2,0,0,0,Big_1080p_25fps_5s
1079,0,p8x8,2,0.296249058842245,1,10,1,-10,29.32159763936856,-4:4,spatial,0,100,3,tesa,45,0,0,vbr,0,baseline,0.2115404214338969,31,7,107,2,92,0,2,0,0,0,Big_1080p_25fps_5s
1079,0,p8x8,2,0.296249058842245,1,10,1,-10,29.32159763936856,-4:4,none,0,100,3,umh,45,0,0,none,1,main,0.2829198489071013,25,3,134,7,40,5,63,1,0,1,Big_1080p_25fps_5s
1125,0,p8x8,2,1.7703159785329992,1,10,1,-10,29.32159763936856,-4:4,none,0,100,3,tesa,45,0,0,none,1,main,0.2829198489071013,25,3,141,7,40,1,63,1,0,1,Big_1080p_25fps_5s
1079,0,p8x8,0,1.7703159785329992,1,10,1,-10,29.32159763936856,-4:4,none,0,100,3,tesa,45,0,0,none,1,main,0.2829198489071013,25,3,141,7,29,5,63,0,0,2,Big_1080p_25fps_5s
1079,0,p8x8,0,1.7703159785329992,1,10,1,-10,29.32159763936856,-4:4,none,0,100,3,tesa,45,0,0,none,1,main,0.2829198489071013,25,3,141,7,29,5,63,1,0,1,Standard_720p_60fps_5s
1079,0,p8x8,2,1.7703159785329992,1,10,1,-10,29.32159763936856,-4:4,none,0,100,3,tesa,45,0,0,none,1,main,0.2829198489071013,25,3,134,7,40,5,63,1,0,1,Standard_720p_60fps_5s
1079,0,p8x8,2,1.7703159785329992,1,10,1,-10,29.32159763936856,-4:4,none,0,100,3,tesa,45,0,0,none,1,main,0.2829198489071013,25,3,141,7,40,5,63,1,0,1,Standard_720p_60fps_5s
1079,0,p8x8,0,1.7703159785329992,1,10,1,-3,29.32159763936856,-4:4,none,0,100,3,tesa,45,0,0,none,1,main,0.2829198489071013,25,3,141,7,29,5,63,1,0,1,Standard_720p_60fps_5s
1079,0,p8x8,2,1.7703159785329992,1,10,1,-10,29.32159763936856,-4:4,auto,0,100,3,tesa,45,0,0,none,1,main,0.9544631986942628,25,3,141,7,40,5,63,1,0,1,Standard_720p_60fps_5s
1079,0,p8x8,0,1.7703159785329992,1,10,1,-10,29.32159763936856,-4:4,none,0,100,3,tesa,35,0,0,none,1,main,0.2829198489071013,49,3,134,7,40,5,63,1,0,1,Standard_720p_60fps_5s
1079,0,p8x8,2,1.7703159785329992,1,5,1,-5,29.32159763936856,-4:4,none,0,100,3,tesa,45,0,0,none,1,main,0.2829198489071013,25,3,141,6,29,5,63,1,0,1,Standard_720p_60fps_5s
1079,0,p8x8,1,1.7703159785329992,1,10,0,-10,29.32159763936856,2:2,none,0,100,3,tesa,45,0,0,none,1,main,0.2829198489071013,25,3,134,7,40,5,63,1,0,1,Standard_720p_60fps_5s
1079,0,p8x8,1,1.7703159785329992,1,10,1,7,29.32159763936856,-4:4,none,0,100,3,tesa,35,0,0,none,1,main,0.2829198489071013,25,3,141,7,29,5,63,1,0,1,Standard_720p_60fps_5s
1079,0,p8x8,2,1.9962941833638503,1,10,1,-10,29.32159763936856,-4:4,auto,0,100,3,tesa,45,0,0,none,1,main,0.9544631986942628,22,3,141,7,40,5,63,1,0,1,Standard_720p_60fps_5s
1460,0,p8x8,2,1.7703159785329992,1,10,1,-10,29.32159763936856,-4:4,none,0,100,3,tesa,45,0,0,none,1,main,0.2829198489071013,25,3,4,7,40,5,63,1,0,1,Standard_720p_60fps_5s
746,0,p8x8,0,1.7703159785329992,1,10,1,-10,29.32159763936856,-4:4,none,0,100,4,tesa,35,0,0,none,1,main,0.2829198489071013,49,3,226,7,40,2,63,0,0,1,Standard_720p_60fps_5s
1079,0,p8x8,0,1.7703159785329992,1,10,1,-10,29.32159763936856,-4:4,none,0,100,3,tesa,45,0,0,none,1,main,0.2829198489071013,25,3,141,7,29,5,63,1,0,2,Standard_720p_60fps_5s
1079,0,p8x8,2,1.7703159785329992,1,10,1,-10,29.32159763936856,-4:4,none,0,100,3,tesa,45,0,0,none,1,main,0.2829198489071013,38,3,141,7,29,5,63,1,0,1,Standard_720p_60fps_5s
1079,0,p8x8,0,1.7703159785329992,1,10,1,-10,29.32159763936856,5:-5,none,0,100,3,tesa,35,0,0,none,1,main,0.2829198489071013,49,3,134,7,40,5,63,1,0,1,Standard_720p_60fps_5s
1079,0,p8x8,2,1.7703159785329992,1,10,1,-10,29.32159763936856,4:-4,none,0,100,3,tesa,45,0,0,none,1,main,0.2829198489071013,25,3,141,13,40,5,63,1,0,1,Standard_720p_60fps_5s
1974,0,p8x8,2,0.296249058842245,1,10,1,-10,29.32159763936856,-4:4,spatial,0,100,3,tesa,45,1,0,vbr,0,baseline,0.6493532546000097,48,11,92,2,92,0,2,0,0,0,Standard_720p_60fps_5s
1079,0,p8x8,2,0.296249058842245,1,10,1,-10,29.32159763936856,-4:4,spatial,0,100,3,tesa,45,0,0,vbr,0,baseline,0.6493532546000097,48,11,92,2,92,0,2,0,0,0,Standard_720p_60fps_5s
1079,0,p8x8,0,1.7703159785329992,0,10,1,-10,29.32159763936856,-4:4,spatial,1,100,3,tesa,45,0,0,vbr,0,baseline,0.6493532546000097,48,11,92,2,92,0,2,0,0,0,Standard_720p_60fps_5s
1079,0,p8x8,2,0.296249058842245,1,10,1,-10,29.32159763936856,-4:4,spatial,0,100,3,tesa,51,0,0,vbr,0,baseline,0.6493532546000097,48,11,92,2,92,0,2,0,0,0,Standard_720p_60fps_5s
1974,0,p4x4,2,0.8031596101194036,1,7,1,1,25.059861731496472,5:-5,auto,1,215,4,umh,10,0,0,cbr,1,baseline,0.2858662216079829,22,5,111,3,80,0,2,0,0,0,Action_1080p_60fps_20s
1974,0,p4x4,2,0.8031596101194036,1,7,0,1,25.059861731496472,5:-5,auto,1,215,4,umh,10,0,0,cbr,1,baseline,0.6493532546000097,22,4,111,3,80,0,2,0,0,0,Action_1080p_60fps_20s
1974,0,p4x4,2,0.8031596101194036,1,7,0,1,25.059861731496472,5:-5,auto,1,215,4,umh,10,0,1,cbr,1,baseline,0.6493532546000097,22,4,111,3,80,0,2,0,0,0,Action_1080p_60fps_20s
1974,0,p4x4,2,0.8031596101194036,2,7,0,1,25.059861731496472,5:-5,auto,1,215,4,umh,10,0,0,cbr,1,baseline,0.6493532546000097,22,4,111,13,80,4,2,0,0,0,Action_1080p_60fps_20s
1079,0,p8x8,0,1.7703159785329992,1,7,0,1,25.059861731496472,5:-5,auto,1,215,4,umh,10,0,0,cbr,1,baseline,0.6493532546000097,22,4,111,3,80,0,2,0,0,0,Action_1080p_60fps_20s
1079,0,p8x8,0,1.2910063163943395,1,7,0,1,25.059861731496472,5:-5,auto,1,215,4,umh,10,0,0,cbr,1,baseline,0.2858662216079829,22,5,111,3,80,0,2,0,0,0,Action_1080p_60fps_20s
1079,0,p8x8,0,1.7703159785329992,1,10,1,-10,29.32159763936856,-4:4,none,0,100,3,tesa,35,0,0,none,1,main,0.2829198489071013,49,3,134,7,40,5,63,1,0,1,Action_1080p_60fps_20s
1079,0,p8x8,2,1.7703159785329992,1,10,1,-10,29.32159763936856,-4:4,none,0,100,3,tesa,45,0,0,none,1,main,0.2829198489071013,25,3,141,7,40,5,63,1,0,1,Action_1080p_60fps_20s
1079,0,p8x8,2,1.7703159785329992,1,10,1,-10,29.32159763936856,-4:4,auto,0,100,3,tesa,45,0,0,none,1,main,0.9544631986942628,25,3,141,7,40,5,63,1,0,1,Action_1080p_60fps_20s
1079,0,p8x8,2,1.7703159785329992,1,10,1,-10,29.32159763936856,-4:4,none,0,100,3,tesa,45,0,0,none,1,main,0.2829198489071013,25,3,134,7,40,5,63,1,0,1,Action_1080p_60fps_20s
1079,0,p8x8,0,1.7703159785329992,1,10,1,-10,29.32159763936856,-4:4,none,0,100,3,tesa,45,0,0,none,1,main,0.2829198489071013,25,3,141,7,29,5,63,1,0,1,Action_1080p_60fps_20s
1079,0,p8x8,0,1.7703159785329992,1,10,1,-3,29.32159763936856,-4:4,none,0,100,3,tesa,45,0,0,none,1,main,0.2829198489071013,25,3,141,7,29,5,63,1,0,1,Action_1080p_60fps_20s
1079,0,p8x8,2,1.7703159785329992,1,5,1,-5,29.32159763936856,-4:4,none,0,100,3,tesa,45,0,0,none,1,main,0.2829198489071013,25,3,141,6,29,5,63,1,0,1,Action_1080p_60fps_20s
1079,0,p8x8,0,1.7703159785329992,1,10,1,-10,29.32159763936856,-4:4,none,0,100,3,tesa,35,0,0,none,1,main,0.2829198489071013,49,3,134,2,92,0,24,0,0,1,Action_1080p_60fps_20s
1079,0,p8x8,2,1.7703159785329992,1,5,0,-5,29.32159763936856,-4:4,none,1,100,0,tesa,30,0,0,none,1,main,0.2829198489071013,25,12,141,7,29,5,63,1,0,1,Action_1080p_60fps_20s
1079,0,p8x8,2,1.7703159785329992,1,10,0,-10,23.00527624823679,2:-2,none,0,100,3,tesa,45,0,0,none,1,main,0.1439335687857583,25,3,134,7,40,5,63,1,0,1,Action_1080p_60fps_20s
1079,0,p8x8,2,1.7703159785329992,1,10,1,-10,29.32159763936856,-4:4,none,0,100,3,tesa,45,0,0,none,1,main,0.2829198489071013,25,3,141,8,40,5,63,1,0,1,Action_1080p_60fps_20s
1079,0,p8x8,0,0.3349388951485356,2,10,1,-10,29.32159763936856,2:-2,none,0,100,3,tesa,35,0,0,none,1,main,0.2829198489071013,51,3,134,7,40,5,63,1,0,1,Action_1080p_60fps_20s
1079,0,p8x8,2,1.7703159785329992,1,10,1,-10,29.32159763936856,-5:5,auto,0,450,3,tesa,45,0,0,none,1,main,0.2829198489071013,25,3,161,7,40,5,63,1,0,1,Action_1080p_60fps_20s
1079,0,p8x8,2,1.7703159785329992,1,10,1,-10,29.32159763936856,2:-2,temporal,0,100,3,tesa,35,1,0,none,1,main,0.2829198489071013,51,3,134,7,40,5,63,1,0,1,Action_1080p_60fps_20s
1079,0,p8x8,2,1.7703159785329992,1,10,1,-10,29.32159763936856,-4:4,auto,0,100,3,tesa,45,0,0,none,1,main,0.9544631986942628,25,3,141,7,40,5,63,1,0,1,Standard_480p_30fps_10s
1079,0,p8x8,2,1.7703159785329992,1,10,1,-10,29.32159763936856,-4:4,none,0,100,3,tesa,45,0,0,none,1,main,0.2829198489071013,25,3,134,7,40,5,63,1,0,1,Standard_480p_30fps_10s
1079,0,p8x8,0,1.7703159785329992,1,10,1,-10,29.32159763936856,-4:4,none,0,100,3,tesa,45,0,0,none,1,main,0.2829198489071013,25,3,141,7,29,5,63,1,0,1,Standard_480p_30fps_10s
1079,0,p8x8,0,1.7703159785329992,1,10,1,-3,29.32159763936856,-4:4,none,0,100,3,tesa,45,0,0,none,1,main,0.2829198489071013,25,3,141,7,29,5,63,1,0,1,Standard_480p_30fps_10s
1079,0,p8x8,2,1.7703159785329992,1,10,1,-10,29.32159763936856,-4:4,none,0,100,3,tesa,45,0,0,none,1,main,0.2829198489071013,25,3,141,7,40,5,63,1,0,1,Standard_480p_30fps_10s
1079,0,p8x8,2,1.7703159785329992,1,5,1,-5,29.32159763936856,-4:4,none,0,100,3,tesa,45,0,0,none,1,main,0.2829198489071013,25,3,141,6,29,5,63,1,0,1,Standard_480p_30fps_10s
1079,0,p8x8,0,1.7703159785329992,1,10,1,-10,29.32159763936856,-4:4,none,0,100,3,tesa,35,0,0,none,1,main,0.2829198489071013,49,3,134,7,40,5,63,1,0,1,Standard_480p_30fps_10s
1079,0,p8x8,2,1.9962941833638503,1,10,1,-10,29.32159763936856,-4:4,auto,0,100,3,tesa,45,0,0,none,1,main,0.9544631986942628,22,3,141,7,40,5,63,1,0,1,Standard_480p_30fps_10s
1079,0,p8x8,1,1.7703159785329992,1,10,0,-10,29.32159763936856,2:2,none,0,100,3,tesa,45,0,0,none,1,main,0.2829198489071013,25,3,134,7,40,5,63,1,0,1,Standard_480p_30fps_10s
1079,0,p8x8,1,1.7703159785329992,1,10,1,7,29.32159763936856,-4:4,none,0,100,3,tesa,35,0,0,none,1,main,0.2829198489071013,25,3,141,7,29,5,63,1,0,1,Standard_480p_30fps_10s
1079,0,p8x8,0,0.4120361562249873,1,10,1,-3,29.32159763936856,5:-5,none,0,100,3,tesa,45,0,0,none,1,main,0.2829198489071013,25,3,134,7,72,5,63,0,0,1,Standard_480p_30fps_10s
1079,0,p8x8,1,1.7703159785329992,1,10,0,-10,29.32159763936856,2:2,none,0,100,3,tesa,45,0,0,none,1,main,0.2829198489071013,25,3,141,7,29,5,63,1,0,1,Standard_480p_30fps_10s
1079,0,p8x8,1,1.7703159785329992,1,10,0,-5,29.32159763936856,-4:4,none,0,100,3,tesa,45,0,0,none,1,baseline,0.9008210893148192,25,3,141,6,29,5,63,1,0,1,Standard_480p_30fps_10s
1079,0,p8x8,2,1.9962941833638503,1,10,1,-10,29.32159763936856,-4:4,auto,0,100,1,tesa,35,0,0,none,1,main,0.2829198489071013,49,3,134,7,40,0,63,1,0,1,Standard_480p_30fps_10s
1079,0,p8x8,0,1.7703159785329992,1,10,1,-10,29.32159763936856,-4:4,none,0,121,3,tesa,35,0,0,none,1,main,0.2829198489071013,25,3,141,7,29,5,63,1,0,1,Standard_480p_30fps_10s
1163,0,p8x8,2,1.7703159785329992,1,10,1,-10,29.32159763936856,-4:4,auto,0,100,3,tesa,39,0,0,none,1,main,0.9544631986942628,25,3,141,7,40,5,59,1,0,1,Standard_480p_30fps_10s
1079,0,p8x8,1,1.7703159785329992,1,11,0,-10,29.32159763936856,2:2,none,0,100,3,tesa,45,0,0,vbr,1,main,0.2829198489071013,25,3,141,7,29,5,63,1,0,1,Standard_480p_30fps_10s
1079,0,p4x4,0,0.4120361562249873,1,10,1,-10,29.32159763936856,2:2,temporal,0,100,3,tesa,27,0,0,none,1,main,0.2829198489071013,25,3,141,7,29,5,63,1,0,1,Standard_480p_30fps_10s
1079,0,p8x8,0,1.7703159785329992,1,10,1,-10,29.32159763936856,-4:4,none,0,100,3,tesa,45,0,0,none,1,main,0.2829198489071013,25,3,141,7,40,5,63,1,0,1,Standard_480p_30fps_10s
1079,0,p8x8,2,1.7703159785329992,2,2,0,-10,29.32159763936856,2:2,temporal,0,100,3,tesa,45,0,0,vbr,1,main,0.2829198489071013,25,3,141,7,29,5,27,1,0,1,Standard_480p_30fps_10s
1974,0,p8x8,2,0.296249058842245,1,10,1,-10,29.32159763936856,-4:4,spatial,0,100,3,tesa,45,1,0,vbr,0,baseline,0.6493532546000097,48,11,92,2,92,0,2,0,0,0,Action_480p_25fps_5s
1079,0,p8x8,2,0.296249058842245,1,10,1,-10,29.32159763936856,-4:4,spatial,0,100,3,tesa,45,0,0,vbr,0,baseline,0.6493532546000097,48,11,92,2,92,0,2,0,0,0,Action_480p_25fps_5s
1079,0,p8x8,0,1.7703159785329992,0,10,1,-10,29.32159763936856,-4:4,spatial,1,100,3,tesa,45,0,0,vbr,0,baseline,0.6493532546000097,48,11,92,2,92,0,2,0,0,0,Action_480p_25fps_5s
1974,0,p4x4,2,0.8031596101194036,1,7,1,-3,29.32159763936856,-4:4,spatial,0,100,3,tesa,22,0,0,vbr,0,baseline,0.6493532546000097,48,11,92,2,92,0,2,0,0,0,Action_480p_25fps_5s
1079,0,p8x8,2,0.296249058842245,0,3,1,-10,29.32159763936856,-4:4,spatial,0,100,3,tesa,45,0,0,vbr,0,baseline,0.6493532546000097,21,11,213,2,92,0,2,1,0,1,Action_480p_25fps_5s
1974,0,p8x8,2,1.1599928883229642,1,10,0,-10,28.02215460652033,-4:4,spatial,0,232,3,tesa,45,0,0,vbr,0,baseline,0.734870018166699,48,11,225,15,92,0,2,0,0,0,Action_480p_25fps_5s
1974,0,p8x8,2,1.1599928883229642,1,10,0,-10,28.02215460652033,-4:4,spatial,0,232,3,tesa,28,0,0,vbr,0,baseline,0.734870018166699,48,11,225,1,92,0,2,0,0,0,Action_480p_25fps_5s
1079,0,p8x8,0,1.7703159785329992,0,10,1,-10,29.32159763936856,-4:4,spatial,0,100,3,tesa,45,0,0,vbr,0,baseline,0.6493532546000097,21,11,213,2,92,0,2,0,0,1,Action_480p_25fps_5s
1974,0,p4x4,2,0.8031596101194036,2,7,0,1,25.059861731496472,5:-5,auto,1,215,4,umh,10,0,0,cbr,1,baseline,0.6493532546000097,22,4,111,13,80,4,2,0,0,0,Action_480p_25fps_5s
1079,0,p8x8,0,1.7703159785329992,1,7,0,1,25.059861731496472,5:-5,auto,1,215,4,umh,10,0,0,cbr,1,baseline,0.6493532546000097,22,4,111,3,80,0,2,0,0,0,Action_480p_25fps_5s
1079,0,p8x8,0,1.2910063163943395,1,7,0,1,25.059861731496472,5:-5,auto,1,215,4,umh,10,0,0,cbr,1,baseline,0.2858662216079829,22,5,111,3,80,0,2,0,0,0,Action_480p_25fps_5s
1974,0,p4x4,2,0.8031596101194036,1,7,0,1,25.059861731496472,5:-5,auto,1,215,4,umh,10,0,1,cbr,1,baseline,0.6493532546000097,22,4,111,3,80,0,2,0,0,0,Action_480p_25fps_5s
1974,0,p4x4,2,0.8031596101194036,1,7,0,1,25.059861731496472,5:-5,auto,1,215,4,umh,10,0,0,cbr,1,baseline,0.6493532546000097,22,4,111,3,80,0,2,0,0,0,Action_480p_25fps_5s
1974,0,p4x4,2,0.8031596101194036,1,7,1,1,25.059861731496472,5:-5,auto,1,215,4,umh,10,0,0,cbr,1,baseline,0.2858662216079829,22,5,111,3,80,0,2,0,0,0,Action_480p_25fps_5s
2283,0,p4x4,2,0.8031596101194036,1,7,0,1,25.059861731496472,5:-5,auto,1,215,4,umh,10,0,0,cbr,1,baseline,0.6493532546000097,22,4,111,3,80,0,2,0,1,0,Action_480p_25fps_5s
1974,0,p4x4,2,0.8031596101194036,1,7,1,1,25.059861731496472,5:-5,auto,1,215,4,umh,10,1,0,cbr,1,baseline,0.2858662216079829,22,5,111,3,80,0,2,0,1,0,Action_480p_25fps_5s
1079,0,p8x8,0,1.2910063163943395,0,10,1,-3,29.32159763936856,-4:4,spatial,1,450,3,tesa,45,0,0,vbr,0,baseline,0.6493532546000097,48,11,92,2,92,0,2,0,0,0,Action_480p_25fps_5s
1079,0,p8x8,0,1.7703159785329992,1,10,1,-10,29.32159763936856,-4:4,none,0,100,3,tesa,35,0,0,none,1,main,0.2829198489071013,49,3,134,7,40,5,63,1,0,1,Action_480p_25fps_5s
1079,0,p8x8,2,1.7703159785329992,1,10,1,-10,29.32159763936856,-4:4,none,0,100,3,tesa,45,0,0,none,1,main,0.2829198489071013,25,3,134,7,40,5,63,1,0,1,Action_480p_25fps_5s
1079,0,p8x8,2,1.7703159785329992,1,10,1,-10,29.32159763936856,-4:4,auto,0,100,3,tesa,45,0,0,none,1,main,0.9544631986942628,25,3,141,7,40,5,63,1,0,1,Action_480p_25fps_5s
1079,0,p8x8,2,0.296249058842245,1,10,1,-10,29.32159763936856,-4:4,none,0,100,3,umh,45,0,0,none,1,main,0.2829198489071013,25,3,134,7,40,5,63,1,0,1,Action_480p_30fps_10s
1125,0,p8x8,2,1.7703159785329992,1,10,1,-10,29.32159763936856,-4:4,none,0,100,3,tesa,45,0,0,none,1,main,0.2829198489071013,25,3,141,7,40,1,63,1,0,1,Action_480p_30fps_10s
1079,0,p8x8,0,1.7703159785329992,1,10,1,-10,29.32159763936856,-4:4,none,0,100,3,tesa,45,0,0,none,1,main,0.2829198489071013,25,3,141,7,29,5,63,0,0,2,Action_480p_30fps_10s
1079,0,p8x8,2,1.7703159785329992,1,10,1,-10,29.32159763936856,-4:4,none,0,100,3,tesa,45,0,0,none,1,main,0.2829198489071013,25,3,141,7,40,5,63,1,0,1,Action_480p_30fps_10s
1079,0,p8x8,2,1.7703159785329992,1,10,1,-10,29.32159763936856,-4:4,none,0,100,3,tesa,45,0,0,none,1,main,0.2829198489071013,25,3,134,7,40,5,63,1,0,1,Action_480p_30fps_10s
1079,0,p8x8,2,1.7703159785329992,1,10,1,-10,29.32159763936856,-4:4,auto,0,100,3,tesa,45,0,0,none,1,main,0.9544631986942628,25,3,141,7,40,5,63,1,0,1,Action_480p_30fps_10s
1079,0,p8x8,0,1.7703159785329992,1,10,1,-10,29.32159763936856,-4:4,none,0,100,3,tesa,45,0,0,none,1,main,0.2829198489071013,25,3,141,7,29,5,63,1,0,1,Action_480p_30fps_10s
1079,0,p8x8,2,0.296249058842245,1,10,1,-10,29.32159763936856,-4:4,auto,0,100,4,tesa,45,0,0,none,1,baseline,0.9544631986942628,25,3,141,7,40,5,63,1,0,1,Action_480p_30fps_10s
1570,0,p8x8,0,1.7703159785329992,0,10,0,-10,29.32159763936856,-4:4,none,0,100,3,tesa,45,0,0,none,1,main,0.2829198489071013,25,3,141,7,29,5,63,1,0,1,Action_480p_30fps_10s
1079,0,p8x8,2,1.190151413296486,1,10,0,-10,29.32159763936856,1:1,none,0,100,3,umh,45,0,0,none,1,main,0.2829198489071013,25,3,134,7,40,5,63,1,0,1,Action_480p_30fps_10s
1079,0,p8x8,2,1.7703159785329992,1,10,1,-10,29.32159763936856,-4:4,none,0,100,3,tesa,45,0,0,none,1,main,0.2829198489071013,28,3,129,7,40,2,63,1,0,1,Action_480p_30fps_10s
1079,0,p8x8,2,1.190151413296486,1,10,1,-10,29.32159763936856,-4:4,none,0,100,3,tesa,45,0,0,none,1,main,0.3157458481148581,25,3,141,7,15,1,63,1,0,1,Action_480p_30fps_10s
1079,0,p8x8,2,1.1758883109050595,1,10,1,-10,29.32159763936856,-4:4,auto,0,100,3,tesa,45,0,0,none,1,main,0.9544631986942628,25,3,141,7,29,5,63,1,0,1,Action_480p_30fps_10s
1079,0,p8x8,0,1.7703159785329992,1,10,1,-10,29.32159763936856,-4:4,temporal,0,46,3,tesa,45,0,0,none,1,main,0.2829198489071013,25,3,57,7,40,5,63,1,0,1,Action_480p_30fps_10s
1079,0,p8x8,2,1.7703159785329992,1,10,1,-10,29.611620464795628,-4:4,none,0,100,3,tesa,45,0,0,none,1,main,0.2829198489071013,25,3,141,7,29,5,63,1,0,1,Action_480p_30fps_10s
1570,0,all,2,1.190151413296486,0,10,0,-11,29.32159763936856,1:1,temporal,0,380,3,umh,45,1,0,none,1,main,0.2829198489071013,32,3,134,7,40,5,63,1,0,1,Action_480p_30fps_10s
1079,0,p8x8,0,1.7703159785329992,0,10,0,-10,29.32159763936856,-4:4,none,0,100,3,tesa,45,0,0,none,1,main,0.2829198489071013,25,3,141,7,29,5,63,1,0,1,Action_480p_30fps_10s
1125,0,p8x8,2,1.7703159785329992,1,10,0,-10,29.32159763936856,-4:4,none,0,100,3,tesa,45,0,0,none,1,main,0.2829198489071013,25,3,141,7,40,5,63,1,0,1,Action_480p_30fps_10s
1079,0,p8x8,2,1.7703159785329992,2,10,1,-10,29.32159763936856,-4:4,none,0,100,3,tesa,45,0,0,none,1,main,0.2829198489071013,25,3,141,7,40,1,63,1,0,2,Action_480p_30fps_10s
1570,0,p8x8,0,1.7703159785329992,0,10,0,-10,29.32159763936856,-4:4,none,0,100,3,tesa,45,0,0,none,1,main,0.2829198489071013,25,3,141,7,29,5,63,0,0,2,Action_480p_30fps_10s
1079,0,p8x8,0,1.7703159785329992,1,7,0,1,25.059861731496472,5:-5,auto,1,215,4,umh,10,0,0,cbr,1,baseline,0.6493532546000097,22,4,111,3,80,0,2,0,0,0,Big_720p_60fps_15s
1974,0,p4x4,2,0.8031596101194036,2,7,0,1,25.059861731496472,5:-5,auto,1,215,4,umh,10,0,0,cbr,1,baseline,0.6493532546000097,22,4,111,13,80,4,2,0,0,0,Big_720p_60fps_15s
1079,0,p4x4,2,0.8031596101194036,1,7,0,-11,25.059861731496472,5:-5,auto,1,215,4,umh,10,0,0,cbr,1,baseline,0.6493532546000097,22,4,111,10,80,4,2,0,0,1,Big_720p_60fps_15s
1974,0,p4x4,2,0.8031596101194036,1,7,0,1,25.059861731496472,5:-5,auto,1,215,4,umh,35,0,0,cbr,1,baseline,0.6493532546000097,22,4,111,3,80,0,2,0,0,0,Big_720p_60fps_15s
1974,0,p4x4,2,0.8031596101194036,2,7,0,1,25.059861731496472,5:-5,auto,1,184,4,dia,10,0,0,cbr,1,baseline,0.6493532546000097,22,4,111,1,92,0,2,0,0,0,Big_720p_60fps_15s
1079,0,p4x4,2,0.8031596101194036,1,10,0,-11,25.059861731496472,5:-5,auto,1,215,4,umh,10,0,0,cbr,1,baseline,0.6493532546000097,22,4,111,10,80,4,53,2,1,1,Big_720p_60fps_15s
1079,0,p8x8,2,0.9993384506162792,2,7,0,1,25.059861731496472,5:-5,auto,1,184,4,dia,10,0,0,cbr,1,baseline,0.6493532546000097,39,4,111,1,92,0,29,0,0,0,Big_720p_60fps_15s
1079,0,p8x8,0,1.7703159785329992,1,10,1,-10,29.32159763936856,-4:4,none,0,100,3,tesa,45,0,0,none,1,main,0.2829198489071013,25,3,141,7,29,5,63,1,0,1,Big_720p_60fps_15s
1079,0,p8x8,2,1.7703159785329992,1,10,1,-10,29.32159763936856,-4:4,none,0,100,3,tesa,45,0,0,none,1,main,0.2829198489071013,25,3,134,7,40,5,63,1,0,1,Big_720p_60fps_15s
1079,0,p8x8,2,1.7703159785329992,1,10,1,-10,29.32159763936856,-4:4,auto,0,100,3,tesa,45,0,0,none,1,main,0.9544631986942628,25,3,141,7,40,5,63,1,0,1,Big_720p_60fps_15s
1079,0,p8x8,0,1.7703159785329992,1,10,1,-3,29.32159763936856,-4:4,none,0,100,3,tesa,45,0,0,none,1,main,0.2829198489071013,25,3,141,7,29,5,63,1,0,1,Big_720p_60fps_15s
1079,0,p8x8,2,1.7703159785329992,1,10,1,-10,29.32159763936856,-4:4,none,0,100,3,tesa,45,0,0,none,1,main,0.2829198489071013,25,3,141,7,40,5,63,1,0,1,Big_720p_60fps_15s
1079,0,p8x8,0,1.7703159785329992,1,10,1,-10,29.32159763936856,-4:4,none,0,100,3,tesa,35,0,0,none,1,main,0.2829198489071013,49,3,134,7,40,5,63,1,0,1,Big_720p_60fps_15s
1079,0,p8x8,2,1.7703159785329992,1,5,1,-5,29.32159763936856,-4:4,none,0,100,3,tesa,45,0,0,none,1,main,0.2829198489071013,25,3,141,6,29,5,63,1,0,1,Big_720p_60fps_15s
1079,0,p8x8,2,1.9962941833638503,1,10,1,-10,29.32159763936856,-4:4,auto,0,100,3,tesa,45,0,0,none,1,main,0.9544631986942628,22,3,141,7,40,5,63,1,0,1,Big_720p_60fps_15s
1079,0,p8x8,1,1.7703159785329992,1,10,1,7,29.32159763936856,-4:4,none,0,100,3,tesa,35,0,0,none,1,main,0.2829198489071013,25,3,141,7,29,5,63,1,0,1,Big_720p_60fps_15s
1079,0,p8x8,1,1.7703159785329992,1,10,0,-10,29.32159763936856,2:2,none,0,100,3,tesa,45,0,0,none,1,main,0.2829198489071013,25,3,134,7,40,5,63,1,0,1,Big_720p_60fps_15s
1079,0,p8x8,1,1.7703159785329992,1,10,0,-10,29.32159763936856,2:2,none,0,100,3,tesa,33,0,0,none,1,main,0.2829198489071013,25,3,134,3,80,11,2,0,0,0,Big_720p_60fps_15s
1079,0,p8x8,0,1.77093486943483,2,10,1,-10,29.32159763936856,-4:4,none,0,100,3,tesa,35,0,0,none,1,main,0.2829198489071013,49,3,134,7,40,5,63,1,0,1,Big_720p_60fps_15s
1079,0,p8x8,1,1.7703159785329992,1,10,0,-10,29.32159763936856,2:2,none,0,100,3,tesa,33,0,0,none,1,main,0.2829198489071013,25,3,134,3,79,11,2,0,0,0,Big_720p_60fps_15s
1079,0,p8x8,2,0.296249058842245,1,10,1,-10,29.32159763936856,-4:4,none,0,100,3,umh,45,0,0,none,1,main,0.2829198489071013,25,3,134,7,40,5,63,1,0,1,Big_1080p_25fps_10s
1125,0,p8x8,2,1.7703159785329992,1,10,1,-10,29.32159763936856,-4:4,none,0,100,3,tesa,45,0,0,none,1,main,0.2829198489071013,25,3,141,7,40,1,63,1,0,1,Big_1080p_25fps_10s
1079,0,p8x8,2,1.7703159785329992,1,10,1,-10,29.32159763936856,-4:4,auto,0,100,3,tesa,45,0,0,none,1,main,0.9544631986942628,25,3,141,7,40,5,63,1,0,1,Big_1080p_25fps_10s
1079,0,p8x8,2,1.7703159785329992,1,10,1,-10,29.32159763936856,-4:4,none,0,100,3,tesa,45,0,0,none,1,main,0.2829198489071013,25,3,134,7,40,5,63,1,0,1,Big_1080p_25fps_10s
1079,0,p8x8,2,1.7703159785329992,1,10,1,-10,29.32159763936856,-4:4,none,0,100,3,tesa,45,0,0,none,1,main,0.2829198489071013,25,3,141,7,40,5,63,1,0,1,Big_1080p_25fps_10s
1079,0,p8x8,2,0.296249058842245,1,10,1,-10,29.32159763936856,-4:4,auto,0,100,4,tesa,45,0,0,none,1,baseline,0.9544631986942628,25,3,141,7,40,5,63,1,0,1,Big_1080p_25fps_10s
1079,0,p8x8,0,1.7703159785329992,1,10,1,-10,29.32159763936856,-4:4,none,0,100,3,tesa,45,0,0,none,1,main,0.2829198489071013,25,3,141,7,29,5,63,0,0,2,Big_1080p_25fps_10s
1079,0,p8x8,0,1.7703159785329992,1,10,1,-10,29.32159763936856,-4:4,none,0,100,3,tesa,45,0,0,none,1,main,0.2829198489071013,25,3,141,7,29,5,63,1,0,1,Big_1080p_25fps_10s
1079,0,p8x8,2,1.190151413296486,1,10,0,-10,29.32159763936856,1:1,none,0,100,3,umh,45,0,0,none,1,main,0.2829198489071013,25,3,134,7,40,5,63,1,0,1,Big_1080p_25fps_10s
1570,0,p8x8,0,1.7703159785329992,0,10,0,-10,29.32159763936856,-4:4,none,0,100,3,tesa,45,0,0,none,1,main,0.2829198489071013,25,3,141,7,29,5,63,1,0,1,Big_1080p_25fps_10s
1125,0,p8x8,2,1.7703159785329992,1,10,1,-10,42.93938292828113,-4:4,auto,0,100,3,tesa,35,0,0,none,1,main,0.2829198489071013,25,3,134,7,40,5,63,0,0,1,Big_1080p_25fps_10s
1079,0,p8x8,2,1.7703159785329992,1,10,1,-10,29.32159763936856,-4:4,auto,0,208,3,tesa,45,0,0,none,1,main,0.9544631986942628,25,3,141,15,40,5,63,1,0,1,Big_1080p_25fps_10s
957,0,p8x8,2,0.296249058842245,1,10,1,-10,29.32159763936856,-4:4,none,0,100,3,tesa,45,0,0,none,1,main,0.2829198489071013,25,3,141,7,40,5,63,1,0,1,Big_1080p_25fps_10s
2051,0,p8x8,2,0.296249058842245,1,10,1,-10,29.32159763936856,6:6,auto,0,100,3,tesa,45,0,0,none,1,main,0.2829198489071013,25,3,141,15,29,5,63,1,0,1,Big_1080p_25fps_10s
1570,0,p8x8,0,0.2717856770502375,0,10,0,-10,29.32159763936856,-4:4,none,0,100,3,tesa,45,0,0,none,0,main,0.9276825233585752,25,3,141,7,29,7,63,1,0,1,Big_1080p_25fps_10s
1079,0,p8x8,2,1.066755341828073,1,10,0,-10,29.32159763936856,1:1,none,0,100,4,umh,22,0,0,none,1,main,0.2829198489071013,25,3,141,7,40,5,63,1,0,1,Big_1080p_25fps_10s
1079,0,p8x8,2,1.7703159785329992,1,10,1,-3,29.32159763936856,-4:4,none,0,271,3,tesa,45,0,1,none,1,main,0.2829198489071013,25,3,134,7,40,5,63,1,0,1,Big_1080p_25fps_10s
1079,0,p8x8,0,1.7703159785329992,1,10,1,9,29.32159763936856,-4:4,none,0,100,3,tesa,10,0,0,none,1,main,0.2829198489071013,25,3,134,7,40,5,63,1,0,1,Big_1080p_25fps_10s
1079,0,p8x8,2,1.7703159785329992,1,10,1,-10,29.32159763936856,6:6,none,0,100,3,tesa,45,0,0,none,1,main,0.2829198489071013,25,3,141,7,29,5,63,0,0,2,Big_1080p_25fps_10s
1079,0,p8x8,2,1.7703159785329992,1,10,0,-10,29.32159763936856,-4:4,none,0,483,3,tesa,55,0,0,none,1,main,0.2829198489071013,25,3,141,7,69,6,63,1,0,1,Big_1080p_25fps_10s
1079,0,p8x8,0,1.7703159785329992,1,10,1,-10,29.32159763936856,-4:4,none,0,100,3,tesa,45,0,0,none,1,main,0.2829198489071013,25,3,141,7,29,5,63,1,0,1,Action_1080p_25fps_10s
1079,0,p8x8,2,1.7703159785329992,1,10,1,-10,29.32159763936856,-4:4,auto,0,100,3,tesa,45,0,0,none,1,main,0.9544631986942628,25,3,141,7,40,5,63,1,0,1,Action_1080p_25fps_10s
1079,0,p8x8,2,1.7703159785329992,1,10,1,-10,29.32159763936856,-4:4,none,0,100,3,tesa,45,0,0,none,1,main,0.2829198489071013,25,3,134,7,40,5,63,1,0,1,Action_1080p_25fps_10s
1079,0,p8x8,2,1.7703159785329992,1,10,1,-10,29.32159763936856,-4:4,none,0,100,3,tesa,45,0,0,none,1,main,0.2829198489071013,25,3,141,7,40,5,63,1,0,1,Action_1080p_25fps_10s
1570,0,p8x8,0,1.7703159785329992,0,10,0,-10,29.32159763936856,-4:4,none,0,100,3,tesa,45,0,0,none,1,main,0.2829198489071013,25,3,141,7,29,5,63,1,0,1,Action_1080p_25fps_10s
1079,0,p8x8,2,1.190151413296486,1,10,0,-10,29.32159763936856,1:1,none,0,100,3,umh,45,0,0,none,1,main,0.2829198489071013,25,3,134,7,40,5,63,1,0,1,Action_1080p_25fps_10s
1079,0,p8x8,0,1.7703159785329992,1,10,1,-10,29.32159763936856,-4:4,none,0,100,3,tesa,45,0,0,none,1,main,0.2829198489071013,25,3,141,7,29,5,63,0,0,2,Action_1080p_25fps_10s
1125,0,p8x8,2,1.7703159785329992,1,10,1,-10,29.32159763936856,-4:4,none,0,100,3,tesa,45,0,0,none,1,main,0.2829198489071013,25,3,141,7,40,1,63,1,0,1,Action_1080p_25fps_10s
1079,0,p8x8,2,0.296249058842245,1,10,1,-10,29.32159763936856,-4:4,none,0,100,3,umh,45,0,0,none,1,main,0.2829198489071013,25,3,134,7,40,5,63,1,0,1,Action_1080p_25fps_10s
1079,0,p8x8,2,0.296249058842245,1,10,1,-10,29.32159763936856,-4:4,auto,0,100,4,tesa,45,0,0,none,1,baseline,0.9544631986942628,25,3,141,7,40,5,63,1,0,1,Action_1080p_25fps_10s
1079,0,p8x8,2,1.7703159785329992,1,5,1,-5,29.32159763936856,-4:4,none,0,100,3,tesa,45,0,0,none,1,main,0.2829198489071013,25,3,141,6,29,5,63,1,0,1,Action_1080p_25fps_10s
1079,0,p8x8,0,1.7703159785329992,1,10,1,-10,29.32159763936856,-4:4,none,0,100,3,tesa,35,0,0,none,1,main,0.2829198489071013,49,3,134,7,40,5,63,1,0,1,Action_1080p_25fps_10s
1079,0,p8x8,2,0.6946107451703206,1,10,1,-10,11.241846059980343,-2:2,auto,0,100,4,tesa,45,0,0,none,1,baseline,0.2829198489071013,25,3,134,7,40,5,63,1,0,1,Action_1080p_25fps_10s
1570,0,p8x8,2,0.296249058842245,1,10,1,6,29.32159763936856,-2:2,temporal,0,100,3,tesa,37,0,0,none,1,high,0.9544631986942628,25,3,141,7,40,5,63,1,0,1,Action_1080p_25fps_10s
1079,0,none,3,1.7703159785329992,1,10,0,-10,29.32159763936856,-4:4,none,0,100,3,tesa,45,0,0,none,1,main,0.2829198489071013,25,11,141,7,40,5,63,1,0,1,Action_1080p_25fps_10s
1079,0,p8x8,3,1.3247740024623245,1,10,0,-10,29.32159763936856,-4:4,none,0,100,3,tesa,45,0,0,none,1,main,0.2829198489071013,38,12,141,6,29,5,63,1,0,1,Action_1080p_25fps_10s
1079,0,p8x8,2,1.7703159785329992,1,5,1,-5,29.32159763936856,-4:4,none,0,100,3,tesa,45,0,0,none,1,main,0.2829198489071013,25,3,141,6,64,1,63,1,0,1,Action_1080p_25fps_10s
1079,0,p8x8,2,0.6946107451703206,1,10,1,-10,11.241846059980343,-2:2,spatial,0,100,4,tesa,45,0,0,none,1,baseline,0.2829198489071013,25,3,134,1,40,5,63,1,0,1,Action_1080p_25fps_10s
857,0,p8x8,2,1.7703159785329992,1,10,1,-10,29.32159763936856,-4:4,none,0,100,3,tesa,45,0,0,none,1,main,0.2829198489071013,25,3,141,7,40,5,63,1,0,1,Action_1080p_25fps_10s
1079,0,p8x8,2,1.7703159785329992,1,5,0,-5,29.32159763936856,-4:4,none,0,100,3,tesa,45,0,0,none,1,main,0.2829198489071013,25,3,141,7,29,5,63,1,0,1,Action_1080p_25fps_10s
1079,0,p8x8,2,0.296249058842245,1,10,1,-10,29.32159763936856,-4:4,none,0,100,3,umh,45,0,0,none,1,main,0.2829198489071013,25,3,134,7,40,5,63,1,0,1,Action_480p_25fps_20s
1125,0,p8x8,2,1.7703159785329992,1,10,1,-10,29.32159763936856,-4:4,none,0,100,3,tesa,45,0,0,none,1,main,0.2829198489071013,25,3,141,7,40,1,63,1,0,1,Action_480p_25fps_20s
1079,0,p8x8,0,1.7703159785329992,1,10,1,-10,29.32159763936856,-4:4,none,0,100,3,tesa,45,0,0,none,1,main,0.2829198489071013,25,3,141,7,29,5,63,0,0,2,Action_480p_25fps_20s
1079,0,p8x8,2,0.296249058842245,1,10,1,-10,29.32159763936856,-4:4,auto,0,100,4,tesa,45,0,0,none,1,baseline,0.9544631986942628,25,3,141,7,40,5,63,1,0,1,Action_480p_25fps_20s
1079,0,p8x8,2,1.7703159785329992,1,10,1,-10,29.32159763936856,-4:4,none,0,100,3,tesa,45,0,0,none,1,main,0.2829198489071013,25,3,141,7,40,5,63,1,0,1,Action_480p_25fps_20s
1079,0,p8x8,2,1.7703159785329992,1,10,1,-10,29.32159763936856,-4:4,none,0,100,3,tesa,45,0,0,none,1,main,0.2829198489071013,25,3,134,7,40,5,63,1,0,1,Action_480p_25fps_20s
1079,0,p8x8,2,1.7703159785329992,1,10,1,-10,29.32159763936856,-4:4,auto,0,100,3,tesa,45,0,0,none,1,main,0.9544631986942628,25,3,141,7,40,5,63,1,0,1,Action_480p_25fps_20s
1079,0,p8x8,0,1.7703159785329992,1,10,1,-10,29.32159763936856,-4:4,none,0,100,3,tesa,45,0,0,none,1,main,0.2829198489071013,25,3,141,7,29,5,63,1,0,1,Action_480p_25fps_20s
1079,0,p8x8,2,0.296249058842245,1,10,1,-10,29.32159763936856,-4:4,none,0,304,3,tesa,45,0,0,none,1,main,0.2829198489071013,40,3,141,7,40,7,63,1,0,2,Action_480p_25fps_20s
1125,0,p8x8,2,1.7703159785329992,1,10,1,-10,29.32159763936856,-4:4,temporal,0,100,3,tesa,45,1,0,none,1,main,0.2829198489071013,25,19,141,7,29,5,63,1,1,1,Action_480p_25fps_20s
1079,0,p8x8,0,0.9371347697722828,1,10,1,-10,29.32159763936856,-4:4,none,0,100,3,tesa,45,0,0,none,1,main,0.2829198489071013,25,3,141,7,40,1,63,1,0,1,Action_480p_25fps_20s
1125,0,p8x8,2,1.7703159785329992,1,0,0,-10,29.32159763936856,-4:4,none,0,100,3,tesa,45,1,0,none,1,main,0.2829198489071013,28,3,134,7,40,5,63,1,0,1,Action_480p_25fps_20s
1079,0,p8x8,2,0.296249058842245,1,10,1,-10,29.32159763936856,-4:4,none,0,304,3,hex,45,0,0,none,1,main,0.4042248166211642,25,3,141,7,40,5,63,1,0,1,Action_480p_25fps_20s
1125,0,p8x8,2,1.7703159785329992,0,10,0,-10,29.32159763936856,-4:4,none,0,100,3,tesa,45,0,0,none,1,main,0.2829198489071013,25,3,134,7,40,5,51,1,0,1,Action_480p_25fps_20s
1079,0,p8x8,0,1.7703159785329992,1,10,1,-10,29.32159763936856,-4:4,none,0,286,3,tesa,45,1,0,none,1,main,0.2829198489071013,25,3,141,7,29,5,63,1,0,1,Action_480p_25fps_20s
1079,0,p8x8,2,0.296249058842245,1,14,1,-10,29.32159763936856,-4:4,temporal,0,444,4,tesa,45,0,0,none,1,baseline,0.9544631986942628,25,3,141,7,40,1,63,1,0,0,Action_480p_25fps_20s
1079,0,p8x8,2,0.296249058842245,1,10,1,-10,43.51075598609806,-4:4,none,0,304,3,tesa,45,0,0,none,1,main,0.1148135053369912,40,3,141,7,40,5,63,1,0,1,Action_480p_25fps_20s
1125,0,p8x8,2,1.7703159785329992,1,11,0,11,44.608662334883306,4:-4,auto,1,401,0,dia,22,0,1,cbr,0,baseline,0.1213291061632721,40,12,140,13,64,3,31,0,1,0,Action_480p_25fps_20s
2283,1,all,1,0.0520260669292369,2,0,0,11,17.913017377509092,6:-6,auto,1,458,2,hex,10,1,0,vbr,1,baseline,0.9859873526355616,22,14,240,2,81,11,24,2,0,2,Action_480p_25fps_20s
2002,0,p8x8,2,0.296249058842245,2,10,1,-10,29.32159763936856,6:-6,spatial,0,100,3,tesa,45,0,0,vbr,0,baseline,0.6493532546000097,48,15,92,2,92,7,2,0,0,0,Action_480p_25fps_20s
1079,0,p8x8,2,1.7703159785329992,1,10,1,-10,29.32159763936856,-4:4,none,0,100,3,tesa,45,0,0,none,1,main,0.2829198489071013,25,3,134,7,40,5,63,1,0,1,Big_480p_30fps_15s
1079,0,p8x8,2,1.7703159785329992,1,10,1,-10,29.32159763936856,-4:4,auto,0,100,3,tesa,45,0,0,none,1,main,0.9544631986942628,25,3,141,7,40,5,63,1,0,1,Big_480p_30fps_15s
1079,0,p8x8,0,1.7703159785329992,1,10,1,-10,29.32159763936856,-4:4,none,0,100,3,tesa,45,0,0,none,1,main,0.2829198489071013,25,3,141,7,29,5,63,1,0,1,Big_480p_30fps_15s
1079,0,p8x8,2,1.190151413296486,1,10,0,-10,29.32159763936856,1:1,none,0,100,3,umh,45,0,0,none,1,main,0.2829198489071013,25,3,134,7,40,5,63,1,0,1,Big_480p_30fps_15s
1570,0,p8x8,0,1.7703159785329992,0,10,0,-10,29.32159763936856,-4:4,none,0,100,3,tesa,45,0,0,none,1,main,0.2829198489071013,25,3,141,7,29,5,63,1,0,1,Big_480p_30fps_15s
1079,0,p8x8,2,1.7703159785329992,1,10,1,-10,29.32159763936856,-4:4,none,0,100,3,tesa,45,0,0,none,1,main,0.2829198489071013,25,3,141,7,40,5,63,1,0,1,Big_480p_30fps_15s
1079,0,p8x8,2,0.296249058842245,1,10,1,-10,29.32159763936856,-4:4,auto,0,100,4,tesa,45,0,0,none,1,baseline,0.9544631986942628,25,3,141,7,40,5,63,1,0,1,Big_480p_30fps_15s
1079,0,p8x8,0,1.7703159785329992,1,10,1,-10,29.32159763936856,-4:4,none,0,100,3,tesa,45,0,0,none,1,main,0.2829198489071013,25,3,141,7,29,5,63,0,0,2,Big_480p_30fps_15s
1079,0,p8x8,2,0.296249058842245,1,10,1,-10,29.32159763936856,-4:4,none,0,100,3,umh,45,0,0,none,1,main,0.2829198489071013,25,3,134,7,40,5,63,1,0,1,Big_480p_30fps_15s
1125,0,p8x8,2,1.7703159785329992,1,10,1,-10,29.32159763936856,-4:4,none,0,100,3,tesa,45,0,0,none,1,main,0.2829198489071013,25,3,141,7,40,1,63,1,0,1,Big_480p_30fps_15s
2002,0,p8x8,3,0.296249058842245,1,10,1,-10,29.32159763936856,-4:4,none,0,100,3,hex,45,0,0,none,1,main,0.2829198489071013,25,3,141,7,29,5,63,0,0,1,Big_480p_30fps_15s
1079,0,p8x8,0,1.7703159785329992,1,10,1,-10,29.32159763936856,-4:4,none,0,100,3,tesa,45,0,0,none,1,main,0.2829198489071013,25,3,134,7,40,5,63,1,0,1,Big_480p_30fps_15s
1079,0,p8x8,2,1.190151413296486,1,11,0,-10,29.32159763936856,1:1,none,0,100,3,umh,45,0,0,none,0,main,0.2829198489071013,25,6,134,1,29,0,63,1,0,1,Big_480p_30fps_15s
1079,0,p8x8,0,0.3337954328233935,1,10,1,5,29.32159763936856,-4:4,none,0,100,3,tesa,45,0,0,none,1,main,0.2829198489071013,25,13,141,13,40,5,63,1,0,1,Big_480p_30fps_15s
1576,0,p8x8,2,1.7703159785329992,1,10,1,-10,41.68122106603114,-4:4,none,0,61,3,tesa,45,0,0,none,1,main,0.2829198489071013,25,13,141,13,40,5,63,1,0,1,Big_480p_30fps_15s
1079,0,p8x8,0,1.7703159785329992,1,10,1,-1,29.32159763936856,-4:4,none,0,100,3,tesa,45,0,0,none,1,main,0.9544631986942628,25,3,92,7,19,5,63,2,0,1,Big_480p_30fps_15s
1079,0,p8x8,2,1.7703159785329992,1,10,1,-10,29.32159763936856,-4:4,none,0,100,3,tesa,45,0,0,none,1,main,0.2829198489071013,25,3,24,16,40,5,63,1,0,1,Big_480p_30fps_15s
641,0,p8x8,3,0.3391928165299907,1,10,1,-10,29.32159763936856,-4:4,none,0,100,3,hex,18,0,0,none,1,main,0.2829198489071013,25,3,141,7,29,5,63,0,0,0,Big_480p_30fps_15s
2002,0,p8x8,3,1.190151413296486,1,10,0,-10,39.00938915308258,1:1,none,0,100,3,umh,45,0,0,none,1,main,0.6754435211854483,25,3,134,12,40,5,63,1,0,1,Big_480p_30fps_15s
2408,0,p8x8,2,1.7703159785329992,1,10,1,-10,29.32159763936856,-4:4,none,0,100,3,tesa,45,0,0,none,1,main,0.2829198489071013,25,3,141,7,40,1,63,1,0,1,Big_480p_30fps_15s
2283,1,all,1,0.0520260669292369,2,0,0,11,17.913017377509092,6:-6,auto,1,458,2,hex,10,1,0,vbr,1,baseline,0.9859873526355616,22,14,240,2,81,11,24,2,0,2,Standard_720p_30fps_5s
2051,1,p8x8,1,0.0520260669292369,2,0,0,11,17.769431101041743,6:-6,auto,1,458,2,hex,10,0,0,vbr,1,baseline,0.9859873526355616,22,14,240,2,81,11,24,2,0,2,Standard_720p_30fps_5s
2051,0,p8x8,1,0.0520260669292369,2,0,0,11,17.769431101041743,6:-6,auto,0,458,4,hex,10,0,0,vbr,1,baseline,0.9859873526355616,22,14,240,2,81,11,24,2,0,2,Standard_720p_30fps_5s
1894,0,p8x8,2,0.296249058842245,2,10,1,-10,29.32159763936856,-4:4,spatial,0,146,3,tesa,45,0,0,vbr,0,baseline,0.6493532546000097,48,11,92,2,92,0,2,0,0,0,Standard_720p_30fps_5s
1079,0,p8x8,2,0.296249058842245,1,10,1,-10,29.32159763936856,-4:4,spatial,0,100,3,tesa,45,0,0,vbr,0,baseline,0.6493532546000097,48,11,92,2,92,0,2,0,0,0,Standard_720p_30fps_5s
2051,0,p8x8,2,0.296249058842245,1,6,1,-10,29.32159763936856,6:6,spatial,0,39,3,tesa,45,0,0,vbr,0,main,0.2115404214338969,35,7,107,2,92,0,2,0,0,0,Standard_720p_30fps_5s
2051,0,p8x8,3,0.296249058842245,1,10,1,-10,23.312004829095628,-4:4,spatial,0,100,3,tesa,45,0,0,vbr,0,high,0.2115404214338969,20,11,92,2,84,8,2,0,0,1,Standard_720p_30fps_5s
2051,1,p8x8,2,0.296249058842245,1,10,1,-10,29.32159763936856,6:6,spatial,0,39,3,tesa,45,0,0,vbr,0,baseline,0.2115404214338969,31,7,107,2,92,0,2,0,0,0,Standard_720p_30fps_5s
2051,0,p8x8,2,0.907099530447366,1,6,1,-10,29.32159763936856,6:6,spatial,0,39,3,hex,63,1,0,vbr,0,baseline,0.2115404214338969,35,7,107,2,65,1,2,0,0,0,Standard_720p_30fps_5s
2051,0,p8x8,2,0.296249058842245,2,6,1,-10,29.32159763936856,6:6,spatial,0,39,1,tesa,45,0,0,vbr,0,main,0.2115404214338969,35,7,107,2,92,0,2,0,0,0,Standard_720p_30fps_5s
1079,0,p8x8,2,1.7703159785329992,1,6,1,-10,29.32159763936856,6:6,temporal,0,39,1,tesa,45,0,0,vbr,1,high,0.2115404214338969,35,7,107,2,92,7,2,0,0,0,Standard_720p_30fps_5s
667,0,p8x8,2,0.5313281874777983,1,10,1,-10,27.07511018995715,6:6,spatial,0,154,3,hex,10,0,1,vbr,1,baseline,0.4204335832076066,22,4,55,3,62,0,2,0,0,0,Standard_720p_30fps_5s
1079,0,p8x8,2,0.296249058842245,1,10,1,-10,29.32159763936856,-4:4,auto,0,100,4,tesa,45,0,0,none,1,baseline,0.9544631986942628,25,3,141,7,40,5,63,1,0,1,Standard_720p_30fps_5s
1079,0,p8x8,2,0.296249058842245,1,10,1,-10,29.32159763936856,-4:4,none,0,100,3,umh,45,0,0,none,1,main,0.2829198489071013,25,3,134,7,40,5,63,1,0,1,Standard_720p_30fps_5s
1079,0,p8x8,2,1.7703159785329992,1,10,1,-10,29.32159763936856,-4:4,none,0,100,3,tesa,45,0,0,none,1,main,0.2829198489071013,25,3,134,7,40,5,63,1,0,1,Standard_720p_30fps_5s
1079,0,p8x8,2,1.7703159785329992,1,10,1,-10,29.32159763936856,-4:4,none,0,100,3,tesa,45,0,0,none,1,main,0.2829198489071013,25,3,141,7,40,5,63,1,0,1,Standard_720p_30fps_5s
1570,0,p8x8,0,1.7703159785329992,0,10,0,-10,29.32159763936856,-4:4,none,0,100,3,tesa,45,0,0,none,1,main,0.2829198489071013,25,3,141,7,29,5,63,1,0,1,Standard_720p_30fps_5s
1079,0,p8x8,2,1.190151413296486,1,10,0,-10,29.32159763936856,1:1,none,0,100,3,umh,45,0,0,none,1,main,0.2829198489071013,25,3,134,7,40,5,63,1,0,1,Standard_720p_30fps_5s
1079,0,p8x8,0,1.7703159785329992,1,10,1,-10,29.32159763936856,-4:4,none,0,100,3,tesa,45,0,0,none,1,main,0.2829198489071013,25,3,141,7,29,5,63,0,0,2,Standard_720p_30fps_5s
1125,0,p8x8,2,1.7703159785329992,1,10,1,-10,29.32159763936856,-4:4,none,0,100,3,tesa,45,0,0,none,1,main,0.2829198489071013,25,3,141,7,40,1,63,1,0,1,Standard_720p_30fps_5s
1079,0,p8x8,2,1.7703159785329992,1,10,1,-10,29.32159763936856,-4:4,auto,0,100,3,tesa,45,0,0,none,1,main,0.9544631986942628,25,3,141,7,40,5,63,1,0,1,Still_image_1080p_60fps_15s
1079,0,p8x8,2,1.7703159785329992,1,10,1,-10,29.32159763936856,-4:4,none,0,100,3,tesa,45,0,0,none,1,main,0.2829198489071013,25,3,141,7,40,5,63,1,0,1,Still_image_1080p_60fps_15s
1079,0,p8x8,0,1.7703159785329992,1,10,1,-10,29.32159763936856,-4:4,none,0,100,3,tesa,45,0,0,none,1,main,0.2829198489071013,25,3,141,7,29,5,63,1,0,1,Still_image_1080p_60fps_15s
1079,0,p8x8,2,1.7703159785329992,1,10,1,-10,29.32159763936856,-4:4,none,0,100,3,tesa,45,0,0,none,1,main,0.2829198489071013,25,3,134,7,40,5,63,1,0,1,Still_image_1080p_60fps_15s
1079,0,p8x8,2,0.296249058842245,1,10,1,-10,29.32159763936856,-4:4,auto,0,100,4,tesa,45,0,0,none,1,baseline,0.9544631986942628,25,3,141,7,40,5,63,1,0,1,Still_image_1080p_60fps_15s
1079,0,p8x8,0,1.7703159785329992,1,10,1,-10,29.32159763936856,-4:4,none,0,100,3,tesa,45,0,0,none,1,main,0.2829198489071013,25,3,141,7,29,5,63,0,0,2,Still_image_1080p_60fps_15s
1079,0,p8x8,2,0.296249058842245,1,10,1,-10,29.32159763936856,-4:4,none,0,100,3,umh,45,0,0,none,1,main,0.2829198489071013,25,3,134,7,40,5,63,1,0,1,Still_image_1080p_60fps_15s
1125,0,p8x8,2,1.7703159785329992,1,10,1,-10,29.32159763936856,-4:4,none,0,100,3,tesa,45,0,0,none,1,main,0.2829198489071013,25,3,141,7,40,1,63,1,0,1,Still_image_1080p_60fps_15s
1079,0,p8x8,2,1.190151413296486,1,10,0,-10,29.32159763936856,1:1,none,0,100,3,umh,45,0,0,none,1,main,0.2829198489071013,25,3,134,7,40,5,63,1,0,1,Still_image_1080p_60fps_15s
1570,0,p8x8,0,1.7703159785329992,0,10,0,-10,29.32159763936856,-4:4,none,0,100,3,tesa,45,0,0,none,1,main,0.2829198489071013,25,3,141,7,29,5,63,1,0,1,Still_image_1080p_60fps_15s
1079,0,p8x8,2,1.7703159785329992,1,10,1,-10,29.32159763936856,-4:4,none,0,100,3,tesa,45,0,0,none,1,main,0.2829198489071013,25,3,134,7,40,1,63,0,0,1,Still_image_1080p_60fps_15s
2213,0,p8x8,2,0.9308959757744592,1,6,1,-10,19.737654889640883,6:6,spatial,0,39,3,tesa,45,0,0,none,1,main,0.2829198489071013,25,3,222,7,29,5,63,0,0,2,Still_image_1080p_60fps_15s
1079,0,p8x8,2,0.296249058842245,1,10,1,-10,18.11970141975201,-4:4,temporal,0,100,3,umh,15,0,0,none,1,main,0.2829198489071013,25,3,134,7,40,5,63,1,0,2,Still_image_1080p_60fps_15s
1079,0,"p8x8,b8x8,i8x8,i4x4",2,1.7703159785329992,1,10,1,-10,29.32159763936856,-6:6,temporal,0,100,3,tesa,45,0,0,none,1,main,0.2829198489071013,25,3,134,7,40,1,63,0,0,1,Still_image_1080p_60fps_15s
1079,0,p8x8,0,1.7703159785329992,0,10,0,-10,29.32159763936856,-4:4,none,0,100,3,tesa,45,0,0,none,1,main,0.2829198489071013,25,16,141,16,29,5,63,1,0,1,Still_image_1080p_60fps_15s
1079,0,p8x8,2,1.7703159785329992,1,10,1,-10,29.32159763936856,5:-5,temporal,0,100,3,tesa,45,0,0,none,1,main,0.9544631986942628,25,3,14,7,29,5,63,1,0,1,Still_image_1080p_60fps_15s
1125,0,p8x8,2,1.7703159785329992,1,10,1,-10,29.32159763936856,-3:3,none,0,100,3,tesa,45,0,0,none,1,main,0.2829198489071013,25,17,141,7,40,1,63,1,0,1,Still_image_1080p_60fps_15s
1079,0,p8x8,2,1.7703159785329992,1,10,1,-10,29.32159763936856,-4:4,none,0,100,3,tesa,45,0,0,none,1,main,0.2829198489071013,25,3,222,7,29,5,63,0,0,2,Still_image_1080p_60fps_15s
1079,0,p8x8,2,0.296249058842245,1,10,0,-10,29.32159763936856,6:-6,none,0,287,3,tesa,45,0,0,vbr,1,main,0.2829198489071013,24,3,141,7,40,5,63,1,0,1,Still_image_1080p_60fps_15s
1079,0,p8x8,2,0.296249058842245,1,2,1,-10,18.11970141975201,-5:5,temporal,0,100,3,umh,15,0,0,none,1,main,0.2829198489071013,25,3,134,7,40,4,63,1,0,1,Still_image_1080p_60fps_15s
1079,0,p8x8,1,1.7703159785329992,1,10,1,7,29.32159763936856,-4:4,none,0,100,3,tesa,35,0,0,none,1,main,0.2829198489071013,25,3,141,7,29,5,63,1,0,1,Standard_480p_25fps_20s
1079,0,p8x8,2,1.9962941833638503,1,10,1,-10,29.32159763936856,-4:4,auto,0,100,3,tesa,45,0,0,none,1,main,0.9544631986942628,22,3,141,7,40,5,63,1,0,1,Standard_480p_25fps_20s
1079,0,p8x8,1,1.7703159785329992,1,10,0,-10,29.32159763936856,2:2,none,0,100,3,tesa,45,0,0,none,1,main,0.2829198489071013,25,3,134,7,40,5,63,1,0,1,Standard_480p_25fps_20s
1079,0,p8x8,0,1.7703159785329992,1,10,1,-10,29.32159763936856,-4:4,none,0,100,3,tesa,45,0,0,none,1,main,0.2829198489071013,25,3,141,7,29,5,63,1,0,1,Standard_480p_25fps_20s
1079,0,p8x8,2,1.7703159785329992,1,10,1,-10,29.32159763936856,-4:4,none,0,100,3,tesa,45,0,0,none,1,main,0.2829198489071013,25,3,134,7,40,5,63,1,0,1,Standard_480p_25fps_20s
1079,0,p8x8,2,1.7703159785329992,1,10,1,-10,29.32159763936856,-4:4,none,0,100,3,tesa,45,0,0,none,1,main,0.2829198489071013,25,3,141,7,40,5,63,1,0,1,Standard_480p_25fps_20s
1079,0,p8x8,0,1.7703159785329992,1,10,1,-3,29.32159763936856,-4:4,none,0,100,3,tesa,45,0,0,none,1,main,0.2829198489071013,25,3,141,7,29,5,63,1,0,1,Standard_480p_25fps_20s
1079,0,p8x8,2,1.7703159785329992,1,10,1,-10,29.32159763936856,-4:4,auto,0,100,3,tesa,45,0,0,none,1,main,0.9544631986942628,25,3,141,7,40,5,63,1,0,1,Standard_480p_25fps_20s
1079,0,p8x8,1,1.7703159785329992,1,10,1,7,29.32159763936856,-4:4,none,0,100,3,tesa,35,0,0,none,1,main,0.2829198489071013,49,3,141,7,29,5,63,0,0,0,Standard_480p_25fps_20s
1079,0,all,1,1.7703159785329992,1,10,0,-10,29.32159763936856,2:2,none,0,100,3,tesa,45,0,0,none,1,main,0.2829198489071013,25,8,126,7,86,5,63,1,0,1,Standard_480p_25fps_20s
1079,0,p8x8,2,1.9962941833638503,1,10,1,-10,18.41062109531667,-4:4,none,0,100,3,tesa,45,0,0,none,1,main,0.2829198489071013,25,3,141,1,40,5,63,1,0,1,Standard_480p_25fps_20s
1079,0,p8x8,2,1.7703159785329992,1,10,1,-10,29.32159763936856,-4:4,temporal,0,100,3,tesa,52,0,0,none,1,main,0.9544631986942628,22,3,141,7,44,5,63,1,0,1,Standard_480p_25fps_20s
1079,0,p8x8,0,1.7703159785329992,1,10,1,-3,29.32159763936856,-4:4,none,0,227,3,tesa,45,0,0,none,1,main,0.2829198489071013,25,3,141,7,29,5,63,1,0,1,Standard_480p_25fps_20s
1079,0,p8x8,2,1.7703159785329992,1,10,1,-10,24.92800644527524,-4:4,none,0,100,3,tesa,45,0,0,none,1,main,0.2829198489071013,25,3,141,7,40,5,63,1,0,1,Standard_480p_25fps_20s
1079,0,p8x8,2,1.7703159785329992,1,10,1,-2,2.070035113395108,-4:4,temporal,0,100,3,tesa,45,0,0,none,1,main,0.9544631986942628,25,3,134,7,40,5,63,1,0,1,Standard_480p_25fps_20s
1079,0,p8x8,2,1.7703159785329992,1,10,1,-10,29.32159763936856,-4:4,auto,0,100,1,tesa,45,0,0,none,1,main,0.9544631986942628,40,3,141,7,40,5,63,1,0,1,Standard_480p_25fps_20s
1079,0,p8x8,0,1.7703159785329992,2,10,1,-7,29.32159763936856,-4:4,none,0,100,3,tesa,45,0,0,none,1,main,0.2829198489071013,25,3,141,7,29,5,63,1,0,1,Standard_480p_25fps_20s
1079,0,p8x8,2,1.7703159785329992,1,10,1,-10,29.32159763936856,-4:4,none,0,100,3,tesa,45,0,0,none,1,main,0.2829198489071013,25,3,141,7,29,5,63,1,0,1,Standard_480p_25fps_20s
2283,1,all,1,0.0520260669292369,2,0,0,11,17.913017377509092,6:-6,auto,1,458,2,hex,10,1,0,vbr,1,baseline,0.9859873526355616,22,14,240,2,81,11,24,2,0,2,Standard_480p_25fps_20s
2051,1,p8x8,1,0.0520260669292369,2,0,0,11,17.769431101041743,6:-6,auto,1,458,2,hex,10,0,0,vbr,1,baseline,0.9859873526355616,22,14,240,2,81,11,24,2,0,2,Standard_480p_25fps_20s
1079,0,p8x8,2,1.7703159785329992,1,10,1,-10,29.32159763936856,-4:4,auto,0,100,3,tesa,45,0,0,none,1,main,0.9544631986942628,25,3,141,7,40,5,63,1,0,1,Big_1080p_60fps_20s
1079,0,p8x8,2,1.7703159785329992,1,10,1,-10,29.32159763936856,-4:4,none,0,100,3,tesa,45,0,0,none,1,main,0.2829198489071013,25,3,134,7,40,5,63,1,0,1,Big_1080p_60fps_20s
1079,0,p8x8,0,1.7703159785329992,1,10,1,-10,29.32159763936856,-4:4,none,0,100,3,tesa,45,0,0,none,1,main,0.2829198489071013,25,3,141,7,29,5,63,1,0,1,Big_1080p_60fps_20s
1079,0,p8x8,2,1.7703159785329992,1,10,1,-10,29.32159763936856,-4:4,none,0,100,3,tesa,45,0,0,none,1,main,0.2829198489071013,25,3,141,7,40,5,63,1,0,1,Big_1080p_60fps_20s
1079,0,p8x8,0,1.7703159785329992,1,10,1,-3,29.32159763936856,-4:4,none,0,100,3,tesa,45,0,0,none,1,main,0.2829198489071013,25,3,141,7,29,5,63,1,0,1,Big_1080p_60fps_20s
1079,0,p8x8,0,1.7703159785329992,1,10,1,-10,29.32159763936856,-4:4,none,0,100,3,tesa,35,0,0,none,1,main,0.2829198489071013,49,3,134,7,40,5,63,1,0,1,Big_1080p_60fps_20s
1079,0,p8x8,2,1.7703159785329992,1,5,1,-5,29.32159763936856,-4:4,none,0,100,3,tesa,45,0,0,none,1,main,0.2829198489071013,25,3,141,6,29,5,63,1,0,1,Big_1080p_60fps_20s
1079,0,p8x8,1,1.7703159785329992,1,10,0,-10,29.32159763936856,2:2,none,0,100,3,tesa,45,0,0,none,1,main,0.2829198489071013,25,3,134,7,40,5,63,1,0,1,Big_1080p_60fps_20s
1079,0,p8x8,1,1.7703159785329992,1,10,1,7,29.32159763936856,-4:4,none,0,100,3,tesa,35,0,0,none,1,main,0.2829198489071013,25,3,141,7,29,5,63,1,0,1,Big_1080p_60fps_20s
1079,0,p8x8,2,1.9962941833638503,1,10,1,-10,29.32159763936856,-4:4,auto,0,100,3,tesa,45,0,0,none,1,main,0.9544631986942628,22,3,141,7,40,5,63,1,0,1,Big_1080p_60fps_20s
1079,0,p8x8,0,1.7703159785329992,1,15,1,-3,29.32159763936856,-4:4,none,0,100,3,tesa,49,0,0,none,1,main,0.2829198489071013,25,3,141,7,29,5,63,2,0,1,Big_1080p_60fps_20s
1079,0,p8x8,0,1.7703159785329992,1,10,1,-7,29.32159763936856,0:0,none,0,338,3,tesa,35,0,0,vbr,1,main,0.2829198489071013,24,3,141,7,29,2,63,1,0,1,Big_1080p_60fps_20s
1079,0,p8x8,2,1.7703159785329992,1,10,1,-3,29.32159763936856,-4:4,none,0,100,3,tesa,45,0,0,none,1,main,0.2829198489071013,36,3,141,7,29,5,63,1,0,1,Big_1080p_60fps_20s
1079,0,p8x8,2,1.7703159785329992,1,5,1,-3,29.32159763936856,-2:2,none,0,100,3,tesa,49,0,0,none,1,main,0.2829198489071013,25,3,141,7,29,5,63,2,0,1,Big_1080p_60fps_20s
1079,0,p8x8,2,0.1970180466395333,1,15,1,-10,29.32159763936856,-4:4,temporal,0,283,3,tesa,45,0,0,none,0,high,0.2829198489071013,25,9,134,7,40,5,63,1,0,1,Big_1080p_60fps_20s
1079,1,p8x8,1,1.7703159785329992,1,10,0,-10,29.32159763936856,2:2,none,0,100,4,tesa,25,0,0,none,1,main,0.2829198489071013,25,3,134,2,40,10,63,1,0,1,Big_1080p_60fps_20s
1079,0,p8x8,0,1.7703159785329992,1,11,1,-2,29.32159763936856,-4:4,none,0,100,3,tesa,35,0,0,none,1,main,0.2829198489071013,49,3,134,7,40,5,63,1,0,1,Big_1080p_60fps_20s
1079,0,p8x8,2,1.7703159785329992,1,10,1,-10,29.32159763936856,-4:4,auto,0,100,3,tesa,45,0,0,none,1,main,0.9544631986942628,43,3,141,7,40,5,63,1,0,1,Big_1080p_60fps_20s
1079,0,p8x8,0,0.4619099798523075,1,10,0,-10,29.32159763936856,-4:4,auto,0,100,3,tesa,45,0,0,none,1,main,0.2829198489071013,25,16,141,6,29,5,63,1,0,1,Big_1080p_60fps_20s
1079,0,p8x8,0,1.7703159785329992,1,10,1,-10,29.32159763936856,6:6,none,0,100,0,tesa,35,0,0,none,1,main,0.6600674791983947,49,3,6,7,40,0,63,1,0,1,Big_1080p_60fps_20s
1974,0,p4x4,2,0.8031596101194036,2,7,0,1,25.059861731496472,5:-5,auto,1,215,4,umh,10,0,0,cbr,1,baseline,0.6493532546000097,22,4,111,13,80,4,2,0,0,0,Big_1080p_60fps_15s
1079,0,p8x8,0,1.7703159785329992,1,7,0,1,25.059861731496472,5:-5,auto,1,215,4,umh,10,0,0,cbr,1,baseline,0.6493532546000097,22,4,111,3,80,0,2,0,0,0,Big_1080p_60fps_15s
1974,0,p4x4,2,0.8031596101194036,1,7,1,1,25.059861731496472,5:-5,auto,1,215,4,umh,10,0,0,cbr,1,baseline,0.2858662216079829,22,5,111,3,80,0,2,0,0,0,Big_1080p_60fps_15s
1974,0,p4x4,2,0.8031596101194036,1,7,0,1,25.059861731496472,5:-5,auto,1,215,4,umh,10,0,0,cbr,1,baseline,0.6493532546000097,22,4,111,3,80,0,2,0,0,0,Big_1080p_60fps_15s
1974,0,p8x8,2,1.1599928883229642,2,15,0,1,25.059861731496472,5:-5,auto,1,215,4,umh,10,0,0,cbr,1,baseline,0.6493532546000097,22,4,111,3,77,0,2,0,0,0,Big_1080p_60fps_15s
1974,0,p4x4,2,1.694979844616895,1,7,0,-10,25.059861731496472,5:-5,auto,1,215,4,dia,10,0,0,cbr,1,baseline,0.6493532546000097,27,4,111,3,80,0,2,0,0,0,Big_1080p_60fps_15s
1079,0,p8x8,2,0.296249058842245,0,3,1,-10,29.32159763936856,5:-5,auto,1,405,4,umh,10,0,0,cbr,1,baseline,0.2858662216079829,22,5,111,3,80,0,2,0,0,0,Big_1080p_60fps_15s
1974,0,p4x4,2,0.7613989319090995,1,7,0,1,25.059861731496472,5:-5,auto,1,424,4,umh,13,0,0,cbr,1,baseline,0.6493532546000097,22,4,111,3,80,0,2,0,0,0,Big_1080p_60fps_15s
1974,0,p8x8,2,0.8031596101194036,2,7,0,12,25.059861731496472,5:-5,auto,1,215,4,umh,10,0,0,cbr,1,baseline,0.6493532546000097,22,4,111,13,80,4,2,0,0,0,Big_1080p_60fps_15s
1974,0,p8x8,2,0.8031596101194036,2,7,0,1,25.059861731496472,5:-5,auto,1,215,4,umh,10,0,0,cbr,1,baseline,0.9562827234845592,22,4,128,8,80,4,60,0,0,0,Big_1080p_60fps_15s
2283,1,all,1,0.0520260669292369,2,0,0,11,17.913017377509092,6:-6,auto,1,458,2,hex,10,1,0,vbr,1,baseline,0.9859873526355616,22,14,240,2,81,11,24,2,0,2,Big_1080p_60fps_15s
1974,0,p4x4,1,0.8031596101194036,1,7,0,1,25.059861731496472,5:-5,auto,1,458,2,hex,42,1,0,vbr,1,baseline,0.9859873526355616,22,4,240,2,81,11,24,2,0,2,Big_1080p_60fps_15s
1079,0,p8x8,2,0.296249058842245,1,10,1,-10,29.32159763936856,-4:4,spatial,0,100,3,tesa,45,0,0,vbr,0,baseline,0.6493532546000097,48,11,92,2,92,0,2,0,0,0,Big_1080p_60fps_15s
1079,0,p8x8,0,1.7703159785329992,0,10,1,-10,29.32159763936856,-4:4,spatial,0,100,3,tesa,45,0,0,vbr,0,baseline,0.6493532546000097,21,11,213,2,92,0,2,0,0,1,Big_1080p_60fps_15s
1974,0,p8x8,2,1.1599928883229642,1,10,0,-10,28.02215460652033,-4:4,spatial,0,232,3,tesa,45,0,0,vbr,0,baseline,0.734870018166699,48,11,225,15,92,0,2,0,0,0,Big_1080p_60fps_15s
1974,0,p8x8,2,1.1599928883229642,1,10,0,-10,28.02215460652033,-4:4,spatial,0,232,3,tesa,28,0,0,vbr,0,baseline,0.734870018166699,48,11,225,1,92,0,2,0,0,0,Big_1080p_60fps_15s
1079,0,p8x8,2,0.296249058842245,0,3,1,-10,29.32159763936856,-4:4,spatial,0,100,3,tesa,45,0,0,vbr,0,baseline,0.6493532546000097,21,11,213,2,92,0,2,1,0,1,Big_1080p_60fps_15s
1974,0,p4x4,2,0.8031596101194036,1,7,1,-3,29.32159763936856,-4:4,spatial,0,100,3,tesa,22,0,0,vbr,0,baseline,0.6493532546000097,48,11,92,2,92,0,2,0,0,0,Big_1080p_60fps_15s
1079,0,p8x8,0,1.7703159785329992,0,10,1,-10,29.32159763936856,-4:4,spatial,1,100,3,tesa,45,0,0,vbr,0,baseline,0.6493532546000097,48,11,92,2,92,0,2,0,0,0,Big_1080p_60fps_15s
1974,0,p8x8,2,0.296249058842245,1,10,1,-10,29.32159763936856,-4:4,spatial,0,100,3,tesa,45,1,0,vbr,0,baseline,0.6493532546000097,48,11,92,2,92,0,2,0,0,0,Big_1080p_60fps_15s
1079,0,p8x8,2,1.7703159785329992,1,10,1,-10,29.32159763936856,-4:4,auto,0,100,3,tesa,45,0,0,none,1,main,0.9544631986942628,25,3,141,7,40,5,63,1,0,1,Still_image_1080p_25fps_20s
1079,0,p8x8,2,1.7703159785329992,1,10,1,-10,29.32159763936856,-4:4,none,0,100,3,tesa,45,0,0,none,1,main,0.2829198489071013,25,3,141,7,40,5,63,1,0,1,Still_image_1080p_25fps_20s
1079,0,p8x8,2,1.7703159785329992,1,10,1,-10,29.32159763936856,-4:4,none,0,100,3,tesa,45,0,0,none,1,main,0.2829198489071013,25,3,134,7,40,5,63,1,0,1,Still_image_1080p_25fps_20s
1079,0,p8x8,0,1.7703159785329992,1,10,1,-10,29.32159763936856,-4:4,none,0,100,3,tesa,45,0,0,none,1,main,0.2829198489071013,25,3,141,7,29,5,63,1,0,1,Still_image_1080p_25fps_20s
1079,0,p8x8,1,1.7703159785329992,1,10,1,7,29.32159763936856,-4:4,none,0,100,3,tesa,35,0,0,none,1,main,0.2829198489071013,25,3,141,7,29,5,63,1,0,1,Still_image_1080p_25fps_20s
1079,0,p8x8,1,1.7703159785329992,1,10,0,-10,29.32159763936856,2:2,none,0,100,3,tesa,45,0,0,none,1,main,0.2829198489071013,25,3,134,7,40,5,63,1,0,1,Still_image_1080p_25fps_20s
1079,0,p8x8,2,1.9962941833638503,1,10,1,-10,29.32159763936856,-4:4,auto,0,100,3,tesa,45,0,0,none,1,main,0.9544631986942628,22,3,141,7,40,5,63,1,0,1,Still_image_1080p_25fps_20s
1079,0,p8x8,0,1.7703159785329992,1,10,1,-3,29.32159763936856,-4:4,none,0,100,3,tesa,45,0,0,none,1,main,0.2829198489071013,25,3,141,7,29,5,63,1,0,1,Still_image_1080p_25fps_20s
1079,0,p8x8,0,1.7703159785329992,1,10,1,-10,29.32159763936856,-4:4,none,0,100,3,tesa,35,0,0,none,1,main,0.2829198489071013,49,3,134,7,40,5,63,1,0,1,Still_image_1080p_25fps_20s
1079,0,p8x8,2,1.7703159785329992,1,5,1,-5,29.32159763936856,-4:4,none,0,100,3,tesa,45,0,0,none,1,main,0.2829198489071013,25,3,141,6,29,5,63,1,0,1,Still_image_1080p_25fps_20s
1079,0,p8x8,2,0.296249058842245,1,10,1,-10,29.32159763936856,-4:4,none,0,100,3,umh,45,0,0,none,1,main,0.2829198489071013,25,3,134,7,40,5,63,1,0,1,Still_image_1080p_25fps_20s
1079,0,p8x8,2,0.296249058842245,1,10,1,-10,29.32159763936856,-4:4,auto,0,100,4,tesa,45,0,0,none,1,baseline,0.9544631986942628,25,3,141,7,40,5,63,1,0,1,Still_image_1080p_25fps_20s
1079,0,p8x8,0,1.7703159785329992,1,10,1,-10,29.32159763936856,-4:4,none,0,100,3,tesa,45,0,0,none,1,main,0.2829198489071013,25,3,141,7,29,5,63,0,0,2,Still_image_1080p_25fps_20s
1125,0,p8x8,2,1.7703159785329992,1,10,1,-10,29.32159763936856,-4:4,none,0,100,3,tesa,45,0,0,none,1,main,0.2829198489071013,25,3,141,7,40,1,63,1,0,1,Still_image_1080p_25fps_20s
1079,0,all,1,1.7703159785329992,1,10,0,-10,29.32159763936856,2:2,none,0,100,3,tesa,45,0,0,none,1,main,0.2829198489071013,25,8,126,7,86,5,63,1,0,1,Still_image_1080p_25fps_20s
1079,0,p8x8,1,1.7703159785329992,1,10,1,7,29.32159763936856,-4:4,none,0,100,3,tesa,35,0,0,none,1,main,0.2829198489071013,49,3,141,7,29,5,63,0,0,0,Still_image_1080p_25fps_20s
1570,0,p8x8,0,1.7703159785329992,0,10,0,-10,29.32159763936856,-4:4,none,0,100,3,tesa,45,0,0,none,1,main,0.2829198489071013,25,3,141,7,29,5,63,1,0,1,Still_image_1080p_25fps_20s
1079,0,p8x8,2,1.190151413296486,1,10,0,-10,29.32159763936856,1:1,none,0,100,3,umh,45,0,0,none,1,main,0.2829198489071013,25,3,134,7,40,5,63,1,0,1,Still_image_1080p_25fps_20s
1125,0,p8x8,2,1.7703159785329992,1,10,1,-10,29.32159763936856,-4:4,temporal,0,100,3,tesa,45,1,0,none,1,main,0.2829198489071013,25,19,141,7,29,5,63,1,1,1,Still_image_1080p_25fps_20s
1079,0,p8x8,2,0.296249058842245,1,10,1,-10,29.32159763936856,-4:4,none,0,304,3,tesa,45,0,0,none,1,main,0.2829198489071013,40,3,141,7,40,7,63,1,0,2,Still_image_1080p_25fps_20s
1079,0,p8x8,2,1.7703159785329992,1,10,1,-10,29.32159763936856,-4:4,none,0,100,3,tesa,45,0,0,none,1,main,0.2829198489071013,25,3,141,7,40,5,63,1,0,1,Still_image_1080p_60fps_20s
1079,0,p8x8,2,1.7703159785329992,1,10,1,-10,29.32159763936856,-4:4,none,0,100,3,tesa,45,0,0,none,1,main,0.2829198489071013,25,3,134,7,40,5,63,1,0,1,Still_image_1080p_60fps_20s
1079,0,p8x8,0,1.7703159785329992,1,10,1,-3,29.32159763936856,-4:4,none,0,100,3,tesa,45,0,0,none,1,main,0.2829198489071013,25,3,141,7,29,5,63,1,0,1,Still_image_1080p_60fps_20s
1079,0,p8x8,2,1.7703159785329992,1,10,1,-10,29.32159763936856,-4:4,auto,0,100,3,tesa,45,0,0,none,1,main,0.9544631986942628,25,3,141,7,40,5,63,1,0,1,Still_image_1080p_60fps_20s
1079,0,p8x8,0,1.7703159785329992,1,10,1,-10,29.32159763936856,-4:4,none,0,100,3,tesa,45,0,0,none,1,main,0.2829198489071013,25,3,141,7,29,5,63,1,0,1,Still_image_1080p_60fps_20s
1079,0,p8x8,1,1.7703159785329992,1,10,1,7,29.32159763936856,-4:4,none,0,100,3,tesa,35,0,0,none,1,main,0.2829198489071013,25,3,141,7,29,5,63,1,0,1,Still_image_1080p_60fps_20s
1079,0,p8x8,1,1.7703159785329992,1,10,0,-10,29.32159763936856,2:2,none,0,100,3,tesa,45,0,0,none,1,main,0.2829198489071013,25,3,134,7,40,5,63,1,0,1,Still_image_1080p_60fps_20s
1079,0,p8x8,2,1.9962941833638503,1,10,1,-10,29.32159763936856,-4:4,auto,0,100,3,tesa,45,0,0,none,1,main,0.9544631986942628,22,3,141,7,40,5,63,1,0,1,Still_image_1080p_60fps_20s
1079,0,all,1,1.7703159785329992,1,10,0,-10,29.32159763936856,2:2,none,0,100,3,tesa,45,0,0,none,1,main,0.2829198489071013,25,8,126,7,86,5,63,1,0,1,Still_image_1080p_60fps_20s
1079,0,p8x8,1,1.7703159785329992,1,10,1,7,29.32159763936856,-4:4,none,0,100,3,tesa,35,0,0,none,1,main,0.2829198489071013,49,3,141,7,29,5,63,0,0,0,Still_image_1080p_60fps_20s
1079,0,p8x8,0,1.7703159785329992,1,10,1,-10,29.32159763936856,-4:4,none,0,100,3,tesa,35,0,0,none,1,main,0.2829198489071013,49,3,134,7,40,5,63,1,0,1,Still_image_1080p_60fps_20s
1079,0,p8x8,2,1.7703159785329992,1,5,1,-5,29.32159763936856,-4:4,none,0,100,3,tesa,45,0,0,none,1,main,0.2829198489071013,25,3,141,6,29,5,63,1,0,1,Still_image_1080p_60fps_20s
1079,0,p8x8,1,1.9962941833638503,1,3,1,-10,29.32159763936856,-4:4,auto,0,100,3,tesa,5,0,0,none,1,main,0.7505916630254259,25,3,108,7,29,5,63,1,1,1,Still_image_1080p_60fps_20s
1079,0,p8x8,2,1.7703159785329992,1,10,0,-10,29.32159763936856,-4:4,auto,0,100,0,tesa,35,0,0,none,1,main,0.2829198489071013,25,3,141,7,29,5,48,1,0,1,Still_image_1080p_60fps_20s
1079,0,p8x8,0,0.4986790154006542,0,14,0,-10,29.32159763936856,2:2,none,0,100,3,hex,45,0,0,none,1,main,0.2829198489071013,25,8,126,7,86,5,63,1,0,1,Still_image_1080p_60fps_20s
1079,0,p8x8,1,1.7703159785329992,1,10,1,7,29.32159763936856,-4:4,none,0,100,3,tesa,35,0,0,none,1,main,0.8309780989038396,49,3,141,7,29,5,63,0,0,0,Still_image_1080p_60fps_20s
1079,0,p8x8,2,1.7703159785329992,1,10,1,-3,29.32159763936856,-4:4,none,0,100,3,tesa,10,1,0,none,1,main,0.2829198489071013,25,3,141,7,29,5,58,1,0,1,Still_image_1080p_60fps_20s
1079,0,p8x8,0,1.7703159785329992,1,10,1,-10,29.32159763936856,-4:4,none,0,100,3,tesa,45,0,0,none,1,main,0.2829198489071013,49,3,134,7,71,5,63,1,0,1,Still_image_1080p_60fps_20s
1079,0,p8x8,2,1.7703159785329992,1,10,0,-10,29.32159763936856,3:3,none,0,24,3,tesa,45,0,0,none,1,main,0.2829198489071013,47,3,134,7,40,1,63,1,1,1,Still_image_1080p_60fps_20s
1177,0,p8x8,0,0.4986790154006542,0,13,1,-10,29.32159763936856,-4:4,none,0,100,3,tesa,45,0,0,none,1,main,0.2829198489071013,25,3,134,7,40,5,63,1,0,1,Still_image_1080p_60fps_20s
1974,0,p4x4,2,0.8031596101194036,2,7,0,1,25.059861731496472,5:-5,auto,1,215,4,umh,10,0,0,cbr,1,baseline,0.6493532546000097,22,4,111,13,80,4,2,0,0,0,Big_480p_60fps_10s
1079,0,p8x8,0,1.7703159785329992,1,7,0,1,25.059861731496472,5:-5,auto,1,215,4,umh,10,0,0,cbr,1,baseline,0.6493532546000097,22,4,111,3,80,0,2,0,0,0,Big_480p_60fps_10s
1974,0,p4x4,2,0.8031596101194036,2,7,0,1,25.059861731496472,5:-5,auto,1,184,4,dia,10,0,0,cbr,1,baseline,0.6493532546000097,22,4,111,1,92,0,2,0,0,0,Big_480p_60fps_10s
1079,0,p4x4,2,0.8031596101194036,1,10,0,-11,25.059861731496472,5:-5,auto,1,215,4,umh,10,0,0,cbr,1,baseline,0.6493532546000097,22,4,111,10,80,4,53,2,1,1,Big_480p_60fps_10s
1974,0,p4x4,2,0.8031596101194036,2,7,0,1,25.059861731496472,3:-3,auto,1,215,4,umh,21,0,0,cbr,1,baseline,0.6493532546000097,22,4,111,13,80,4,2,0,0,0,Big_480p_60fps_10s
1079,0,p8x8,3,1.7703159785329992,1,7,0,1,25.059861731496472,5:-5,auto,1,215,4,umh,10,0,0,cbr,1,baseline,0.6493532546000097,22,4,111,13,80,4,2,0,0,0,Big_480p_60fps_10s
1079,0,p8x8,2,1.7703159785329992,1,10,1,-10,29.32159763936856,-4:4,none,0,100,3,tesa,45,0,0,none,1,main,0.2829198489071013,25,3,134,7,40,5,63,1,0,1,Big_480p_60fps_10s
1079,0,p8x8,2,1.7703159785329992,1,10,1,-10,29.32159763936856,-4:4,auto,0,100,3,tesa,45,0,0,none,1,main,0.9544631986942628,25,3,141,7,40,5,63,1,0,1,Big_480p_60fps_10s
1079,0,p8x8,0,1.7703159785329992,1,10,1,-10,29.32159763936856,-4:4,none,0,100,3,tesa,45,0,0,none,1,main,0.2829198489071013,25,3,141,7,29,5,63,1,0,1,Big_480p_60fps_10s
1079,0,p8x8,2,1.7703159785329992,1,10,1,-10,29.32159763936856,-4:4,none,0,100,3,tesa,45,0,0,none,1,main,0.2829198489071013,25,3,141,7,40,5,63,1,0,1,Big_480p_60fps_10s
1079,0,p8x8,0,1.7703159785329992,1,10,1,-3,29.32159763936856,-4:4,none,0,100,3,tesa,45,0,0,none,1,main,0.2829198489071013,25,3,141,7,29,5,63,1,0,1,Big_480p_60fps_10s
1079,0,p8x8,1,1.7703159785329992,1,10,1,7,29.32159763936856,-4:4,none,0,100,3,tesa,35,0,0,none,1,main,0.2829198489071013,25,3,141,7,29,5,63,1,0,1,Big_480p_60fps_10s
1079,0,p8x8,2,1.9962941833638503,1,10,1,-10,29.32159763936856,-4:4,auto,0,100,3,tesa,45,0,0,none,1,main,0.9544631986942628,22,3,141,7,40,5,63,1,0,1,Big_480p_60fps_10s
1079,0,p8x8,1,1.7703159785329992,1,10,0,-10,29.32159763936856,2:2,none,0,100,3,tesa,45,0,0,none,1,main,0.2829198489071013,25,3,134,7,40,5,63,1,0,1,Big_480p_60fps_10s
1079,0,p8x8,1,1.7703159785329992,1,10,1,7,29.32159763936856,-4:4,none,0,100,3,tesa,35,0,0,none,1,main,0.2829198489071013,49,3,141,7,29,5,63,0,0,0,Big_480p_60fps_10s
1079,0,all,1,1.7703159785329992,1,10,0,-10,29.32159763936856,2:2,none,0,100,3,tesa,45,0,0,none,1,main,0.2829198489071013,25,8,126,7,86,5,63,1,0,1,Big_480p_60fps_10s
1125,0,p8x8,2,1.7703159785329992,1,10,1,-10,29.32159763936856,-4:4,none,0,100,3,tesa,45,0,0,none,1,main,0.2829198489071013,25,3,141,7,40,1,63,1,0,1,Big_480p_60fps_10s
1079,0,p8x8,0,1.7703159785329992,1,10,1,-10,29.32159763936856,-4:4,none,0,100,3,tesa,45,0,0,none,1,main,0.2829198489071013,25,3,141,7,29,5,63,0,0,2,Big_480p_60fps_10s
1079,0,p8x8,2,0.296249058842245,1,10,1,-10,29.32159763936856,-4:4,none,0,100,3,umh,45,0,0,none,1,main,0.2829198489071013,25,3,134,7,40,5,63,1,0,1,Big_480p_60fps_10s
1079,0,p8x8,2,0.296249058842245,1,10,1,-10,29.32159763936856,-4:4,auto,0,100,4,tesa,45,0,0,none,1,baseline,0.9544631986942628,25,3,141,7,40,5,63,1,0,1,Big_480p_60fps_10s
1079,0,p8x8,2,1.7703159785329992,1,10,1,-10,29.32159763936856,-4:4,none,0,100,3,tesa,45,0,0,none,1,main,0.2829198489071013,25,3,141,7,40,5,63,1,0,1,Still_image_720p_25fps_15s
1079,0,p8x8,2,1.7703159785329992,1,10,1,-10,29.32159763936856,-4:4,auto,0,100,3,tesa,45,0,0,none,1,main,0.9544631986942628,25,3,141,7,40,5,63,1,0,1,Still_image_720p_25fps_15s
1079,0,p8x8,0,1.7703159785329992,1,10,1,-10,29.32159763936856,-4:4,none,0,100,3,tesa,45,0,0,none,1,main,0.2829198489071013,25,3,141,7,29,5,63,1,0,1,Still_image_720p_25fps_15s
1079,0,p8x8,2,1.7703159785329992,1,10,1,-10,29.32159763936856,-4:4,none,0,100,3,tesa,45,0,0,none,1,main,0.2829198489071013,25,3,134,7,40,5,63,1,0,1,Still_image_720p_25fps_15s
1079,0,p8x8,0,1.7703159785329992,1,10,1,-3,29.32159763936856,-4:4,none,0,100,3,tesa,45,0,0,none,1,main,0.2829198489071013,25,3,141,7,29,5,63,1,0,1,Still_image_720p_25fps_15s
1079,0,p8x8,2,1.7703159785329992,1,5,1,-5,29.32159763936856,-4:4,none,0,100,3,tesa,45,0,0,none,1,main,0.2829198489071013,25,3,141,6,29,5,63,1,0,1,Still_image_720p_25fps_15s
1079,0,p8x8,1,1.7703159785329992,1,10,1,7,29.32159763936856,-4:4,none,0,100,3,tesa,35,0,0,none,1,main,0.2829198489071013,25,3,141,7,29,5,63,1,0,1,Still_image_720p_25fps_15s
1079,0,p8x8,0,1.7703159785329992,1,10,1,-10,29.32159763936856,-4:4,none,0,100,3,tesa,35,0,0,none,1,main,0.2829198489071013,49,3,134,7,40,5,63,1,0,1,Still_image_720p_25fps_15s
1079,0,p8x8,1,1.7703159785329992,1,10,0,-10,29.32159763936856,2:2,none,0,100,3,tesa,45,0,0,none,1,main,0.2829198489071013,25,3,134,7,40,5,63,1,0,1,Still_image_720p_25fps_15s
1079,0,p8x8,2,1.9962941833638503,1,10,1,-10,29.32159763936856,-4:4,auto,0,100,3,tesa,45,0,0,none,1,main,0.9544631986942628,22,3,141,7,40,5,63,1,0,1,Still_image_720p_25fps_15s
1570,0,p8x8,0,1.7703159785329992,0,10,0,-10,29.32159763936856,-4:4,none,0,100,3,tesa,45,0,0,none,1,main,0.2829198489071013,25,3,141,7,29,5,63,1,0,1,Still_image_720p_25fps_15s
1079,0,p8x8,0,1.7703159785329992,1,10,1,-10,29.32159763936856,-4:4,none,0,100,3,tesa,45,0,0,none,1,main,0.2829198489071013,25,3,141,7,29,5,63,0,0,2,Still_image_720p_25fps_15s
1079,0,p8x8,2,0.296249058842245,1,10,1,-10,29.32159763936856,-4:4,none,0,100,3,umh,45,0,0,none,1,main,0.2829198489071013,25,3,134,7,40,5,63,1,0,1,Still_image_720p_25fps_15s
1079,0,p8x8,2,0.296249058842245,1,10,1,-10,29.32159763936856,-4:4,auto,0,100,4,tesa,45,0,0,none,1,baseline,0.9544631986942628,25,3,141,7,40,5,63,1,0,1,Still_image_720p_25fps_15s
1125,0,p8x8,2,1.7703159785329992,1,10,1,-10,29.32159763936856,-4:4,none,0,100,3,tesa,45,0,0,none,1,main,0.2829198489071013,25,3,141,7,40,1,63,1,0,1,Still_image_720p_25fps_15s
1079,0,p8x8,2,1.190151413296486,1,10,0,-10,29.32159763936856,1:1,none,0,100,3,umh,45,0,0,none,1,main,0.2829198489071013,25,3,134,7,40,5,63,1,0,1,Still_image_720p_25fps_15s
2024,0,p8x8,1,1.7703159785329992,1,15,0,-10,29.32159763936856,2:2,spatial,0,100,3,tesa,45,0,0,none,1,main,0.2829198489071013,25,3,134,7,40,5,62,1,0,1,Still_image_720p_25fps_15s
1079,0,p8x8,1,1.8439025236102176,1,10,1,-10,29.32159763936856,2:2,none,0,471,3,tesa,23,0,0,none,1,main,0.2829198489071013,25,3,134,7,40,5,25,1,0,1,Still_image_720p_25fps_15s
1079,0,p8x8,2,1.9962941833638503,1,10,1,-10,29.32159763936856,-4:4,auto,0,100,3,tesa,14,0,0,none,1,main,0.8497455607985438,22,3,141,7,40,5,63,1,0,1,Still_image_720p_25fps_15s
1079,0,p8x8,2,1.9962941833638503,1,10,0,-12,29.32159763936856,-4:4,auto,0,100,2,tesa,14,0,0,cbr,1,main,0.8497455607985438,35,3,55,12,40,1,63,1,0,1,Still_image_720p_25fps_15s
1125,0,p8x8,2,1.7703159785329992,1,10,1,-10,29.32159763936856,-4:4,temporal,0,100,3,tesa,45,1,0,none,1,main,0.2829198489071013,25,19,141,7,29,5,63,1,1,1,Big_1080p_60fps_10s
1079,0,p8x8,2,1.7703159785329992,1,10,1,-10,29.32159763936856,-4:4,none,0,100,3,tesa,45,0,0,none,1,main,0.2829198489071013,25,3,141,7,40,5,63,1,0,1,Big_1080p_60fps_10s
1079,0,p8x8,2,1.7703159785329992,1,10,1,-10,29.32159763936856,-4:4,none,0,100,3,tesa,45,0,0,none,1,main,0.2829198489071013,25,3,134,7,40,5,63,1,0,1,Big_1080p_60fps_10s
1079,0,p8x8,2,1.7703159785329992,1,10,1,-10,29.32159763936856,-4:4,auto,0,100,3,tesa,45,0,0,none,1,main,0.9544631986942628,25,3,141,7,40,5,63,1,0,1,Big_1080p_60fps_10s
1079,0,p8x8,0,1.7703159785329992,1,10,1,-10,29.32159763936856,-4:4,none,0,100,3,tesa,45,0,0,none,1,main,0.2829198489071013,25,3,141,7,29,5,63,1,0,1,Big_1080p_60fps_10s
1079,0,p8x8,2,0.296249058842245,1,10,1,-10,29.32159763936856,-4:4,none,0,304,3,tesa,45,0,0,none,1,main,0.2829198489071013,40,3,141,7,40,7,63,1,0,2,Big_1080p_60fps_10s
1079,0,p8x8,2,0.296249058842245,1,10,1,-10,29.32159763936856,-4:4,none,0,100,3,umh,45,0,0,none,1,main,0.2829198489071013,25,3,134,7,40,5,63,1,0,1,Big_1080p_60fps_10s
1079,0,p8x8,2,0.296249058842245,1,10,1,-10,29.32159763936856,-4:4,auto,0,100,4,tesa,45,0,0,none,1,baseline,0.9544631986942628,25,3,141,7,40,5,63,1,0,1,Big_1080p_60fps_10s
1079,0,p8x8,0,1.7703159785329992,1,10,1,-10,29.32159763936856,-4:4,none,0,100,3,tesa,45,0,0,none,1,main,0.2829198489071013,25,3,141,7,29,5,63,0,0,2,Big_1080p_60fps_10s
1079,0,p8x8,2,1.7703159785329992,1,10,1,-10,29.32159763936856,-4:4,auto,0,100,3,tesa,14,0,0,none,1,main,0.9544631986942628,25,3,141,7,29,5,52,0,0,2,Big_1080p_60fps_10s
1079,0,p8x8,0,1.7703159785329992,1,10,1,-10,29.32159763936856,-4:4,none,0,100,3,tesa,45,0,0,none,1,main,0.2829198489071013,25,3,141,7,62,5,63,1,0,1,Big_1080p_60fps_10s
1079,0,p8x8,0,1.7703159785329992,1,10,1,-10,29.32159763936856,-4:4,none,0,100,3,tesa,45,0,0,none,1,main,0.2829198489071013,25,3,141,7,29,5,63,0,0,1,Big_1080p_60fps_10s
1942,0,p8x8,2,1.7703159785329992,1,10,1,-10,29.32159763936856,-4:4,temporal,0,100,3,tesa,45,0,0,none,1,main,0.2829198489071013,25,3,141,7,40,5,63,1,0,1,Big_1080p_60fps_10s
1125,0,p8x8,2,1.7703159785329992,1,13,1,-10,29.32159763936856,-4:4,temporal,0,100,3,tesa,45,0,0,none,1,baseline,0.6554685905556891,25,3,141,10,40,5,63,1,0,1,Big_1080p_60fps_10s
1125,0,p8x8,3,1.7703159785329992,1,10,1,-10,29.32159763936856,-4:4,temporal,0,100,1,tesa,45,1,0,none,1,main,0.2829198489071013,25,19,10,7,29,5,63,0,1,1,Big_1080p_60fps_10s
1125,0,p8x8,2,1.7703159785329992,1,10,1,-4,29.32159763936856,-4:4,temporal,0,100,3,tesa,45,1,0,none,1,main,0.2829198489071013,25,19,141,2,29,6,63,1,0,2,Big_1080p_60fps_10s
1079,0,p8x8,0,1.7703159785329992,1,10,1,-10,29.32159763936856,-5:5,none,0,100,3,tesa,45,0,0,none,1,main,0.2829198489071013,25,3,141,7,29,11,63,1,0,1,Big_1080p_60fps_10s
1079,0,p8x8,0,1.7703159785329992,1,12,1,-10,29.32159763936856,-4:4,none,0,100,3,tesa,45,0,0,none,1,main,0.2829198489071013,25,3,141,7,29,5,63,1,0,1,Big_1080p_60fps_10s
1079,0,p8x8,2,1.7703159785329992,1,10,1,-10,29.32159763936856,-4:4,temporal,0,100,3,tesa,45,0,0,none,1,main,0.111171895271244,25,3,141,7,40,5,63,1,0,1,Big_1080p_60fps_10s
1974,0,p4x4,2,0.8031596101194036,1,7,0,1,25.059861731496472,5:-5,auto,1,215,4,umh,10,0,0,cbr,1,baseline,0.6493532546000097,22,4,111,3,80,0,2,0,0,0,Big_1080p_60fps_10s
1079,0,p8x8,0,1.7703159785329992,1,10,1,-10,29.32159763936856,-4:4,none,0,100,3,tesa,45,0,0,none,1,main,0.2829198489071013,25,3,141,7,29,5,63,1,0,1,Big_480p_60fps_20s
1079,0,p8x8,2,1.7703159785329992,1,10,1,-10,29.32159763936856,-4:4,auto,0,100,3,tesa,45,0,0,none,1,main,0.9544631986942628,25,3,141,7,40,5,63,1,0,1,Big_480p_60fps_20s
1079,0,p8x8,2,1.7703159785329992,1,10,1,-10,29.32159763936856,-4:4,none,0,100,3,tesa,45,0,0,none,1,main,0.2829198489071013,25,3,134,7,40,5,63,1,0,1,Big_480p_60fps_20s
1079,0,p8x8,2,1.7703159785329992,1,10,1,-10,29.32159763936856,-4:4,none,0,100,3,tesa,45,0,0,none,1,main,0.2829198489071013,25,3,141,7,40,5,63,1,0,1,Big_480p_60fps_20s
1079,0,p8x8,0,1.7703159785329992,1,10,1,-3,29.32159763936856,-4:4,none,0,100,3,tesa,45,0,0,none,1,main,0.2829198489071013,25,3,141,7,29,5,63,1,0,1,Big_480p_60fps_20s
1079,0,p8x8,2,1.7703159785329992,1,5,1,-5,29.32159763936856,-4:4,none,0,100,3,tesa,45,0,0,none,1,main,0.2829198489071013,25,3,141,6,29,5,63,1,0,1,Big_480p_60fps_20s
1079,0,p8x8,0,1.7703159785329992,1,10,1,-10,29.32159763936856,-4:4,none,0,100,3,tesa,35,0,0,none,1,main,0.2829198489071013,49,3,134,7,40,5,63,1,0,1,Big_480p_60fps_20s
1079,0,p8x8,1,1.7703159785329992,1,10,0,-10,29.32159763936856,2:2,none,0,100,3,tesa,45,0,0,none,1,main,0.2829198489071013,25,3,134,7,40,5,63,1,0,1,Big_480p_60fps_20s
1079,0,p8x8,1,1.7703159785329992,1,10,1,7,29.32159763936856,-4:4,none,0,100,3,tesa,35,0,0,none,1,main,0.2829198489071013,25,3,141,7,29,5,63,1,0,1,Big_480p_60fps_20s
1079,0,p8x8,2,1.9962941833638503,1,10,1,-10,29.32159763936856,-4:4,auto,0,100,3,tesa,45,0,0,none,1,main,0.9544631986942628,22,3,141,7,40,5,63,1,0,1,Big_480p_60fps_20s
1079,0,p8x8,0,1.7703159785329992,1,10,1,-10,29.32159763936856,-4:4,none,0,100,3,tesa,45,0,0,none,1,main,0.2829198489071013,25,3,141,7,29,5,63,0,0,2,Big_480p_60fps_20s
1125,0,p8x8,2,1.7703159785329992,1,10,1,-10,29.32159763936856,-4:4,none,0,100,3,tesa,45,0,0,none,1,main,0.2829198489071013,25,3,141,7,40,1,63,1,0,1,Big_480p_60fps_20s
1079,0,p8x8,2,1.190151413296486,1,10,0,-10,29.32159763936856,1:1,none,0,100,3,umh,45,0,0,none,1,main,0.2829198489071013,25,3,134,7,40,5,63,1,0,1,Big_480p_60fps_20s
1570,0,p8x8,0,1.7703159785329992,0,10,0,-10,29.32159763936856,-4:4,none,0,100,3,tesa,45,0,0,none,1,main,0.2829198489071013,25,3,141,7,29,5,63,1,0,1,Big_480p_60fps_20s
1079,0,p8x8,2,0.5102441015599384,1,10,1,-10,29.32159763936856,-4:4,auto,0,100,3,tesa,45,0,0,none,1,main,0.9544631986942628,22,3,141,7,11,5,63,0,0,2,Big_480p_60fps_20s
1079,0,p8x8,2,1.7703159785329992,1,10,1,-10,29.32159763936856,-4:4,none,0,100,3,hex,45,0,0,none,1,main,0.6609551586434541,25,3,39,7,40,1,63,1,0,1,Big_480p_60fps_20s
1079,0,p8x8,0,1.7703159785329992,1,10,0,-10,29.32159763936856,2:2,none,0,100,3,umh,7,0,0,none,1,main,0.2829198489071013,25,3,141,7,40,1,63,1,0,2,Big_480p_60fps_20s
1125,0,p8x8,2,1.7703159785329992,1,10,1,-10,1.1089465765148163,-4:4,none,0,100,3,tesa,45,0,0,none,1,main,0.2829198489071013,25,3,134,7,40,10,63,1,0,1,Big_480p_60fps_20s
1079,0,p8x8,2,1.7703159785329992,1,10,1,-10,29.32159763936856,-4:4,none,0,100,3,tesa,45,0,0,none,1,main,0.2829198489071013,24,3,141,7,40,5,63,1,0,1,Big_480p_60fps_20s
1079,0,p8x8,2,1.7703159785329992,1,10,1,-10,29.32159763936856,-4:4,auto,0,100,2,tesa,45,0,0,none,1,main,0.9544631986942628,25,3,141,7,40,6,63,1,0,1,Big_480p_60fps_20s
1079,0,p8x8,0,1.7703159785329992,1,10,1,-10,29.32159763936856,-4:4,none,0,100,3,tesa,45,0,0,none,1,main,0.2829198489071013,25,3,141,7,29,5,63,1,0,1,Still_image_1080p_30fps_15s
1079,0,p8x8,2,1.7703159785329992,1,10,1,-10,29.32159763936856,-4:4,auto,0,100,3,tesa,45,0,0,none,1,main,0.9544631986942628,25,3,141,7,40,5,63,1,0,1,Still_image_1080p_30fps_15s
1079,0,p8x8,2,1.7703159785329992,1,10,1,-10,29.32159763936856,-4:4,none,0,100,3,tesa,45,0,0,none,1,main,0.2829198489071013,25,3,134,7,40,5,63,1,0,1,Still_image_1080p_30fps_15s
1079,0,p8x8,2,1.7703159785329992,1,10,1,-10,29.32159763936856,-4:4,none,0,100,3,tesa,45,0,0,none,1,main,0.2829198489071013,25,3,141,7,40,5,63,1,0,1,Still_image_1080p_30fps_15s
1079,0,p8x8,2,0.296249058842245,1,10,1,-10,29.32159763936856,-4:4,auto,0,100,4,tesa,45,0,0,none,1,baseline,0.9544631986942628,25,3,141,7,40,5,63,1,0,1,Still_image_1080p_30fps_15s
1079,0,p8x8,0,1.7703159785329992,1,10,1,-10,29.32159763936856,-4:4,none,0,100,3,tesa,45,0,0,none,1,main,0.2829198489071013,25,3,141,7,29,5,63,0,0,2,Still_image_1080p_30fps_15s
1079,0,p8x8,2,0.296249058842245,1,10,1,-10,29.32159763936856,-4:4,none,0,100,3,umh,45,0,0,none,1,main,0.2829198489071013,25,3,134,7,40,5,63,1,0,1,Still_image_1080p_30fps_15s
1125,0,p8x8,2,1.7703159785329992,1,10,1,-10,29.32159763936856,-4:4,temporal,0,100,3,tesa,45,1,0,none,1,main,0.2829198489071013,25,19,141,7,29,5,63,1,1,1,Still_image_1080p_30fps_15s
1079,0,p8x8,2,0.296249058842245,1,10,1,-10,29.32159763936856,-4:4,none,0,304,3,tesa,45,0,0,none,1,main,0.2829198489071013,40,3,141,7,40,7,63,1,0,2,Still_image_1080p_30fps_15s
1079,0,p8x8,1,1.7703159785329992,1,10,0,-10,29.32159763936856,2:2,none,0,100,3,tesa,45,0,0,none,1,main,0.2829198489071013,25,3,134,7,40,5,63,1,0,1,Still_image_1080p_30fps_15s
1079,0,p8x8,0,1.7703159785329992,1,10,1,-3,29.32159763936856,-4:4,none,0,100,3,tesa,45,0,0,none,1,main,0.2829198489071013,25,3,141,7,29,5,63,1,0,1,Still_image_1080p_30fps_15s
1079,0,p8x8,2,1.9962941833638503,1,10,1,-10,29.32159763936856,-4:4,auto,0,100,3,tesa,45,0,0,none,1,main,0.9544631986942628,22,3,141,7,40,5,63,1,0,1,Still_image_1080p_30fps_15s
1079,0,p8x8,2,1.7703159785329992,1,5,1,-5,29.32159763936856,-4:4,none,0,100,3,tesa,45,0,0,none,1,main,0.2829198489071013,25,3,141,6,29,5,63,1,0,1,Still_image_1080p_30fps_15s
1079,0,p8x8,0,1.7703159785329992,1,10,1,-10,29.32159763936856,-4:4,none,0,100,3,tesa,35,0,0,none,1,main,0.2829198489071013,49,3,134,7,40,5,63,1,0,1,Still_image_1080p_30fps_15s
1079,0,p8x8,1,1.7703159785329992,1,10,1,7,29.32159763936856,-4:4,none,0,100,3,tesa,35,0,0,none,1,main,0.2829198489071013,25,3,141,7,29,5,63,1,0,1,Still_image_1080p_30fps_15s
1079,0,p8x8,2,1.7703159785329992,1,10,1,-10,29.32159763936856,-4:4,auto,0,100,3,tesa,14,0,0,none,1,main,0.9544631986942628,25,3,141,7,29,5,52,0,0,2,Still_image_1080p_30fps_15s
1125,0,p8x8,2,1.7703159785329992,1,10,1,-10,29.32159763936856,-4:4,none,0,100,3,tesa,45,0,0,none,1,main,0.2829198489071013,25,3,141,7,40,1,63,1,0,1,Still_image_1080p_30fps_15s
1079,0,p8x8,2,0.296249058842245,0,10,0,-10,29.32159763936856,-4:4,auto,0,100,4,tesa,45,0,0,none,1,baseline,0.9544631986942628,25,3,141,7,40,5,63,1,0,2,Still_image_1080p_30fps_15s
1079,0,p8x8,1,1.7703159785329992,1,10,0,-10,29.32159763936856,2:2,temporal,1,100,3,tesa,45,0,0,none,1,main,0.9544631986942628,25,3,141,7,40,5,63,1,0,1,Still_image_1080p_30fps_15s
1079,0,p8x8,2,1.4485846495920385,1,10,0,-10,29.32159763936856,-4:4,none,0,100,3,tesa,45,0,1,none,1,main,0.2829198489071013,25,3,141,7,40,10,63,1,0,1,Still_image_1080p_30fps_15s
1079,0,p8x8,2,0.296249058842245,1,10,1,-10,29.32159763936856,-4:4,spatial,0,100,3,tesa,45,0,0,vbr,0,baseline,0.6493532546000097,48,11,92,2,92,0,2,0,0,0,Standard_1080p_25fps_10s
1079,0,p8x8,0,1.7703159785329992,0,10,1,-10,29.32159763936856,-4:4,spatial,1,100,3,tesa,45,0,0,vbr,0,baseline,0.6493532546000097,48,11,92,2,92,0,2,0,0,0,Standard_1080p_25fps_10s
1079,0,p8x8,2,1.7703159785329992,1,10,1,-10,29.32159763936856,-5:5,auto,0,100,3,tesa,45,0,0,vbr,0,baseline,0.6493532546000097,43,14,92,2,92,0,2,0,0,0,Standard_1080p_25fps_10s
2349,0,p8x8,0,1.7703159785329992,0,10,1,-10,29.32159763936856,-4:4,spatial,1,100,2,tesa,45,0,0,vbr,0,baseline,0.6493532546000097,48,11,92,12,92,0,2,0,0,0,Standard_1080p_25fps_10s
1125,0,p8x8,2,1.7703159785329992,1,10,1,-10,29.32159763936856,-4:4,temporal,0,100,2,tesa,45,0,0,vbr,0,baseline,0.6493532546000097,48,11,92,2,92,0,2,1,0,0,Standard_1080p_25fps_10s
1079,0,p8x8,0,1.7703159785329992,1,10,1,-10,29.32159763936856,-4:4,spatial,0,100,2,tesa,45,0,0,vbr,0,baseline,0.6493532546000097,48,11,92,12,92,0,2,0,0,0,Standard_1080p_25fps_10s
2349,0,p8x8,0,1.7703159785329992,0,10,1,-10,29.32159763936856,-4:4,spatial,1,134,2,tesa,45,0,0,vbr,0,baseline,0.6493532546000097,48,11,92,12,92,0,2,1,0,1,Standard_1080p_25fps_10s
1079,0,p8x8,2,1.7703159785329992,1,10,1,-10,29.32159763936856,-4:4,none,0,100,3,tesa,45,0,0,none,1,main,0.2829198489071013,25,3,134,7,40,5,63,1,0,1,Standard_1080p_25fps_10s
1079,0,p8x8,2,1.7703159785329992,1,10,1,-10,29.32159763936856,-4:4,auto,0,100,3,tesa,45,0,0,none,1,main,0.9544631986942628,25,3,141,7,40,5,63,1,0,1,Standard_1080p_25fps_10s
1079,0,p8x8,2,1.7703159785329992,1,10,1,-10,29.32159763936856,-4:4,none,0,100,3,tesa,45,0,0,none,1,main,0.2829198489071013,25,3,141,7,40,5,63,1,0,1,Standard_1080p_25fps_10s
1079,0,p8x8,0,1.7703159785329992,1,10,1,-10,29.32159763936856,-4:4,none,0,100,3,tesa,45,0,0,none,1,main,0.2829198489071013,25,3,141,7,29,5,63,1,0,1,Standard_1080p_25fps_10s
1079,0,p8x8,0,1.7703159785329992,1,10,1,-10,29.32159763936856,-4:4,none,0,100,3,tesa,45,0,0,none,1,main,0.2829198489071013,25,3,141,7,29,5,63,0,0,2,Standard_1080p_25fps_10s
1079,0,p8x8,2,0.296249058842245,1,10,1,-10,29.32159763936856,-4:4,none,0,100,3,umh,45,0,0,none,1,main,0.2829198489071013,25,3,134,7,40,5,63,1,0,1,Standard_1080p_25fps_10s
1079,0,p8x8,2,0.296249058842245,1,10,1,-10,29.32159763936856,-4:4,auto,0,100,4,tesa,45,0,0,none,1,baseline,0.9544631986942628,25,3,141,7,40,5,63,1,0,1,Standard_1080p_25fps_10s
1079,0,p8x8,0,1.7703159785329992,1,10,1,-10,29.32159763936856,-4:4,none,0,100,3,tesa,35,0,0,none,1,main,0.2829198489071013,49,3,134,7,40,5,63,1,0,1,Standard_1080p_25fps_10s
1079,0,p8x8,1,1.7703159785329992,1,10,0,-10,29.32159763936856,2:2,none,0,100,3,tesa,45,0,0,none,1,main,0.2829198489071013,25,3,134,7,40,5,63,1,0,1,Standard_1080p_25fps_10s
1079,0,p8x8,0,1.7703159785329992,1,10,1,-3,29.32159763936856,-4:4,none,0,100,3,tesa,45,0,0,none,1,main,0.2829198489071013,25,3,141,7,29,5,63,1,0,1,Standard_1080p_25fps_10s
1079,0,p8x8,2,1.7703159785329992,1,5,1,-5,29.32159763936856,-4:4,none,0,100,3,tesa,45,0,0,none,1,main,0.2829198489071013,25,3,141,6,29,5,63,1,0,1,Standard_1080p_25fps_10s
1125,0,p8x8,2,1.7703159785329992,1,10,1,-10,29.32159763936856,-4:4,temporal,0,100,3,tesa,45,1,0,none,1,main,0.2829198489071013,25,19,141,7,29,5,63,1,1,1,Standard_1080p_25fps_10s
1079,0,p8x8,2,0.296249058842245,1,10,1,-10,29.32159763936856,-4:4,none,0,304,3,tesa,45,0,0,none,1,main,0.2829198489071013,40,3,141,7,40,7,63,1,0,2,Standard_1080p_25fps_10s
1079,0,p8x8,2,1.7703159785329992,1,10,1,-10,29.32159763936856,-4:4,none,0,100,3,tesa,45,0,0,none,1,main,0.2829198489071013,25,3,141,7,40,5,63,1,0,1,Action_480p_25fps_15s
1079,0,p8x8,2,1.7703159785329992,1,10,1,-10,29.32159763936856,-4:4,none,0,100,3,tesa,45,0,0,none,1,main,0.2829198489071013,25,3,134,7,40,5,63,1,0,1,Action_480p_25fps_15s
1079,0,p8x8,2,1.7703159785329992,1,10,1,-10,29.32159763936856,-4:4,auto,0,100,3,tesa,45,0,0,none,1,main,0.9544631986942628,25,3,141,7,40,5,63,1,0,1,Action_480p_25fps_15s
1079,0,p8x8,0,1.7703159785329992,1,10,1,-10,29.32159763936856,-4:4,none,0,100,3,tesa,45,0,0,none,1,main,0.2829198489071013,25,3,141,7,29,5,63,1,0,1,Action_480p_25fps_15s
1079,0,p8x8,0,1.7703159785329992,1,10,1,-10,29.32159763936856,-4:4,none,0,100,3,tesa,45,0,0,none,1,main,0.2829198489071013,25,3,141,7,29,5,63,0,0,2,Action_480p_25fps_15s
1079,0,p8x8,2,0.296249058842245,1,10,1,-10,29.32159763936856,-4:4,none,0,100,3,umh,45,0,0,none,1,main,0.2829198489071013,25,3,134,7,40,5,63,1,0,1,Action_480p_25fps_15s
1079,0,p8x8,2,0.296249058842245,1,10,1,-10,29.32159763936856,-4:4,auto,0,100,4,tesa,45,0,0,none,1,baseline,0.9544631986942628,25,3,141,7,40,5,63,1,0,1,Action_480p_25fps_15s
1125,0,p8x8,2,1.7703159785329992,1,10,1,-10,29.32159763936856,-4:4,temporal,0,100,3,tesa,45,1,0,none,1,main,0.2829198489071013,25,19,141,7,29,5,63,1,1,1,Action_480p_25fps_15s
1079,0,p8x8,2,0.296249058842245,1,10,1,-10,29.32159763936856,-4:4,none,0,304,3,tesa,45,0,0,none,1,main,0.2829198489071013,40,3,141,7,40,7,63,1,0,2,Action_480p_25fps_15s
1079,0,p8x8,2,1.7703159785329992,1,10,1,-10,29.32159763936856,-4:4,auto,0,100,3,tesa,14,0,0,none,1,main,0.9544631986942628,25,3,141,7,29,5,52,0,0,2,Action_480p_25fps_15s
1125,0,p8x8,2,1.7703159785329992,1,10,1,-10,29.32159763936856,-4:4,none,0,100,3,tesa,45,0,0,none,1,main,0.2829198489071013,25,3,141,7,40,1,63,1,0,1,Action_480p_25fps_15s
1079,1,p8x8,2,1.7703159785329992,1,10,1,-10,29.32159763936856,-4:4,auto,0,368,3,tesa,25,0,0,none,1,main,0.2829198489071013,25,3,134,7,40,5,63,1,0,1,Action_480p_25fps_15s
1079,0,p8x8,3,0.997204051885666,1,10,0,-10,29.32159763936856,-4:4,spatial,0,100,3,umh,45,0,0,none,1,main,0.9544631986942628,25,3,141,7,15,5,63,1,0,1,Action_480p_25fps_15s
1079,0,p8x8,2,0.296249058842245,1,10,1,-10,29.32159763936856,-4:4,auto,0,100,4,tesa,30,0,0,none,1,baseline,0.9544631986942628,25,3,141,7,40,5,63,1,0,1,Action_480p_25fps_15s
1079,0,p4x4,3,1.7703159785329992,1,10,1,-10,29.32159763936856,-4:4,auto,0,100,3,tesa,14,0,0,none,1,main,0.9544631986942628,25,3,141,7,29,5,52,0,0,0,Action_480p_25fps_15s
1079,0,p8x8,2,1.7703159785329992,2,10,1,-5,29.32159763936856,-4:4,auto,0,100,3,tesa,14,0,0,none,1,main,0.9544631986942628,25,3,141,7,40,5,63,1,0,1,Action_480p_25fps_15s
1079,0,p8x8,2,0.296249058842245,1,10,1,-10,29.32159763936856,-4:4,auto,0,100,4,tesa,30,0,0,none,1,main,0.9544631986942628,25,3,141,7,15,5,63,1,0,1,Action_480p_25fps_15s
1079,0,p8x8,2,1.7703159785329992,0,10,1,-12,29.32159763936856,-4:4,none,0,100,1,tesa,26,0,0,none,1,main,0.9544631986942628,25,3,141,7,29,5,52,0,0,0,Action_480p_25fps_15s
1079,1,p8x8,3,0.296249058842245,1,10,1,-10,29.32159763936856,-4:4,auto,0,180,4,tesa,30,0,0,none,1,main,0.0549602962498306,25,3,141,7,15,5,63,1,0,1,Action_480p_25fps_15s
1079,0,p8x8,2,1.7703159785329992,1,10,1,-10,29.32159763936856,-4:4,auto,0,368,3,tesa,25,0,0,none,1,main,0.2829198489071013,25,3,134,7,40,5,63,1,0,1,Action_480p_25fps_15s
1079,0,p8x8,3,1.7703159785329992,1,7,0,1,25.059861731496472,5:-5,auto,1,215,4,umh,10,0,0,cbr,1,baseline,0.6493532546000097,22,4,111,13,80,4,2,0,0,0,Big_720p_25fps_20s
1974,0,p4x4,2,0.8031596101194036,2,7,0,1,25.059861731496472,5:-5,auto,1,184,4,dia,10,0,0,cbr,1,baseline,0.6493532546000097,22,4,111,1,92,0,2,0,0,0,Big_720p_25fps_20s
1079,0,p4x4,2,0.8031596101194036,1,10,0,-11,25.059861731496472,5:-5,auto,1,215,4,umh,10,0,0,cbr,1,baseline,0.6493532546000097,22,4,111,10,80,4,53,2,1,1,Big_720p_25fps_20s
1974,0,p4x4,2,0.8031596101194036,2,7,0,1,25.059861731496472,3:-3,auto,1,215,4,umh,21,0,0,cbr,1,baseline,0.6493532546000097,22,4,111,13,80,4,2,0,0,0,Big_720p_25fps_20s
1079,0,p8x8,0,1.7703159785329992,1,7,0,1,25.059861731496472,5:-5,auto,1,215,4,umh,10,0,0,cbr,1,baseline,0.6493532546000097,22,4,111,3,80,0,2,0,0,0,Big_720p_25fps_20s
1974,0,p4x4,2,0.8031596101194036,2,7,0,1,25.059861731496472,5:-5,auto,1,215,4,umh,10,0,0,cbr,1,baseline,0.6493532546000097,22,4,111,13,80,4,2,0,0,0,Big_720p_25fps_20s
1974,0,p4x4,2,0.8031596101194036,2,7,0,1,25.059861731496472,5:5,auto,1,215,4,umh,10,0,0,cbr,1,baseline,0.6493532546000097,22,4,111,13,80,4,2,0,0,0,Big_720p_25fps_20s
1079,0,p8x8,3,1.7703159785329992,1,7,0,1,25.059861731496472,5:-5,auto,1,215,4,umh,10,1,0,cbr,1,baseline,0.6493532546000097,22,4,111,3,80,0,2,0,1,0,Big_720p_25fps_20s
1974,0,p4x4,2,0.8031596101194036,2,14,0,1,25.059861731496472,-3:3,auto,1,215,4,umh,10,0,0,cbr,1,baseline,0.6493532546000097,22,4,111,13,80,4,2,0,1,0,Big_720p_25fps_20s
1974,0,p4x4,2,0.8031596101194036,1,7,0,1,25.059861731496472,5:-5,auto,1,215,4,umh,10,0,0,cbr,1,baseline,0.6493532546000097,22,4,118,3,4,0,2,0,0,0,Big_720p_25fps_20s
83,0,p8x8,3,1.7703159785329992,1,7,0,-8,25.059861731496472,5:-5,none,1,215,4,umh,10,0,0,cbr,1,baseline,0.6493532546000097,22,4,111,3,80,0,2,0,1,0,Big_720p_25fps_20s
1079,0,all,2,0.8031596101194036,1,7,0,1,25.059861731496472,5:-5,auto,1,215,4,umh,20,0,0,cbr,1,baseline,0.6493532546000097,22,4,118,3,4,0,2,0,0,0,Big_720p_25fps_20s
1910,0,p8x8,0,1.7703159785329992,1,4,0,1,25.059861731496472,5:-5,auto,1,215,4,umh,10,0,0,cbr,1,baseline,0.6493532546000097,22,4,111,3,80,0,2,0,0,1,Big_720p_25fps_20s
1974,0,p4x4,2,0.8031596101194036,2,7,0,1,25.059861731496472,5:-5,auto,1,215,4,umh,10,0,0,cbr,1,main,0.4456181539665871,22,4,118,3,4,0,2,0,0,0,Big_720p_25fps_20s
1490,0,p4x4,2,0.8031596101194036,2,14,0,1,25.059861731496472,-3:3,auto,1,215,4,umh,50,1,0,cbr,1,baseline,0.6493532546000097,22,4,111,3,80,0,2,0,1,0,Big_720p_25fps_20s
1974,0,p4x4,2,0.8031596101194036,2,7,0,1,25.059861731496472,3:-3,auto,1,70,4,umh,10,0,0,cbr,1,baseline,0.6493532546000097,22,4,111,3,80,0,36,0,0,0,Big_720p_25fps_20s
1910,0,p8x8,0,1.7703159785329992,1,4,0,1,1.8992647866848085,5:-5,auto,1,215,4,umh,10,0,0,cbr,1,baseline,0.6493532546000097,22,7,111,3,80,8,2,0,1,0,Big_720p_25fps_20s
1974,0,p4x4,2,0.8031596101194036,2,7,0,1,25.059861731496472,5:-5,auto,0,215,4,umh,49,1,0,cbr,1,baseline,0.6493532546000097,36,4,111,3,80,0,2,0,1,0,Big_720p_25fps_20s
1079,0,p8x8,2,1.7703159785329992,1,10,1,-10,29.32159763936856,-4:4,none,0,100,3,tesa,45,0,0,none,1,main,0.2829198489071013,25,3,134,7,40,5,63,1,0,1,Big_720p_25fps_20s
1079,0,p8x8,0,1.7703159785329992,1,10,1,-10,29.32159763936856,-4:4,none,0,100,3,tesa,45,0,0,none,1,main,0.2829198489071013,25,3,141,7,29,5,63,1,0,1,Big_720p_25fps_20s
1079,0,p4x4,2,0.8031596101194036,1,10,0,-11,25.059861731496472,5:-5,auto,1,215,4,umh,10,0,0,cbr,1,baseline,0.6493532546000097,22,4,111,10,80,4,53,2,1,1,Still_image_480p_25fps_10s
1079,0,p8x8,0,1.7703159785329992,1,7,0,1,25.059861731496472,5:-5,auto,1,215,4,umh,10,0,0,cbr,1,baseline,0.6493532546000097,22,4,111,3,80,0,2,0,0,0,Still_image_480p_25fps_10s
1974,0,p4x4,2,0.8031596101194036,2,7,0,1,25.059861731496472,5:-5,auto,1,215,4,umh,10,0,0,cbr,1,baseline,0.6493532546000097,22,4,111,13,80,4,2,0,0,0,Still_image_480p_25fps_10s
1974,0,p4x4,2,0.8031596101194036,2,7,0,1,25.059861731496472,5:-5,auto,1,184,4,dia,10,0,0,cbr,1,baseline,0.6493532546000097,22,4,111,1,92,0,2,0,0,0,Still_image_480p_25fps_10s
1974,0,p4x4,2,0.8031596101194036,2,7,0,1,25.059861731496472,3:-3,auto,1,215,4,umh,21,0,0,cbr,1,baseline,0.6493532546000097,22,4,111,13,80,4,2,0,0,0,Still_image_480p_25fps_10s
1079,0,p8x8,3,1.7703159785329992,1,7,0,1,25.059861731496472,5:-5,auto,1,215,4,umh,10,0,0,cbr,1,baseline,0.6493532546000097,22,4,111,13,80,4,2,0,0,0,Still_image_480p_25fps_10s
1974,0,p4x4,2,0.8031596101194036,2,14,0,1,25.059861731496472,-3:3,auto,1,215,4,umh,10,0,0,cbr,1,baseline,0.6493532546000097,22,4,111,13,80,4,2,0,1,0,Still_image_480p_25fps_10s
1974,0,p4x4,2,0.8031596101194036,1,7,0,1,25.059861731496472,5:-5,auto,1,215,4,umh,10,0,0,cbr,1,baseline,0.6493532546000097,22,4,118,3,4,0,2,0,0,0,Still_image_480p_25fps_10s
1974,0,p4x4,2,0.8031596101194036,2,7,0,1,25.059861731496472,5:5,auto,1,215,4,umh,10,0,0,cbr,1,baseline,0.6493532546000097,22,4,111,13,80,4,2,0,0,0,Still_image_480p_25fps_10s
1079,0,p8x8,3,1.7703159785329992,1,7,0,1,25.059861731496472,5:-5,auto,1,215,4,umh,10,1,0,cbr,1,baseline,0.6493532546000097,22,4,111,3,80,0,2,0,1,0,Still_image_480p_25fps_10s
321,0,p8x8,0,1.7703159785329992,1,7,0,1,40.323908075426026,5:-5,auto,1,215,4,umh,10,0,0,none,1,baseline,0.6493532546000097,40,0,118,3,26,0,2,0,0,0,Still_image_480p_25fps_10s
1974,0,p4x4,3,0.8031596101194036,2,7,0,1,25.059861731496472,3:-3,auto,1,215,4,umh,10,0,0,cbr,1,baseline,0.6493532546000097,22,4,111,13,80,4,2,0,1,0,Still_image_480p_25fps_10s
1974,0,p8x8,2,0.8031596101194036,2,7,0,1,25.059861731496472,5:5,auto,1,215,4,umh,10,0,0,cbr,1,baseline,0.6493532546000097,22,4,111,13,80,4,2,0,0,0,Still_image_480p_25fps_10s
1974,0,p4x4,3,0.8031596101194036,2,7,0,1,25.059861731496472,3:-3,auto,1,215,4,umh,10,0,0,cbr,1,baseline,0.6493532546000097,22,4,111,13,80,4,30,0,0,2,Still_image_480p_25fps_10s
1079,0,p8x8,2,1.7703159785329992,1,7,1,1,25.059861731496472,5:-5,auto,1,215,4,umh,10,1,0,cbr,1,baseline,0.6493532546000097,22,4,111,3,80,0,2,0,1,0,Still_image_480p_25fps_10s
1974,0,p4x4,2,0.8031596101194036,2,7,0,1,10.011030304493657,5:-5,auto,1,215,4,umh,50,0,1,cbr,1,baseline,0.6493532546000097,22,4,118,3,4,0,2,0,0,0,Still_image_480p_25fps_10s
1974,0,p4x4,2,0.8031596101194036,1,7,0,1,25.059861731496472,5:-5,auto,1,215,4,umh,10,0,0,cbr,1,baseline,0.6493532546000097,29,4,111,13,80,4,2,0,0,0,Still_image_480p_25fps_10s
1974,0,p4x4,3,0.8031596101194036,2,7,0,1,25.059861731496472,3:-3,auto,1,215,4,umh,10,0,0,cbr,1,baseline,0.6493532546000097,22,4,111,10,80,4,53,2,1,1,Still_image_480p_25fps_10s
1079,0,"p8x8,b8x8,i8x8,i4x4",2,0.8031596101194036,1,10,0,-11,25.059861731496472,5:-5,auto,1,215,4,umh,10,0,0,cbr,1,baseline,0.6493532546000097,22,4,111,13,80,4,2,0,1,0,Still_image_480p_25fps_10s
1079,0,p8x8,3,1.7703159785329992,1,7,0,-11,25.059861731496472,5:-5,auto,1,215,4,dia,10,0,0,cbr,1,baseline,0.0878387794859161,40,0,118,3,26,0,2,0,0,1,Still_image_480p_25fps_10s
2349,0,p8x8,0,1.7703159785329992,0,10,1,-10,29.32159763936856,-4:4,spatial,1,134,2,tesa,45,0,0,vbr,0,baseline,0.6493532546000097,48,11,92,12,92,0,2,1,0,1,Action_1080p_25fps_5s
1079,0,p8x8,0,1.8730000062338965,0,10,1,-10,29.32159763936856,-4:4,spatial,1,134,2,tesa,45,0,0,vbr,0,baseline,0.6493532546000097,48,11,92,12,92,0,2,1,0,1,Action_1080p_25fps_5s
1079,0,p8x8,2,0.296249058842245,1,10,1,-10,29.32159763936856,-4:4,spatial,0,100,3,tesa,45,0,0,vbr,0,baseline,0.6493532546000097,48,11,92,2,92,0,2,0,0,0,Action_1080p_25fps_5s
1079,0,p8x8,2,1.7703159785329992,1,10,1,-10,29.32159763936856,-5:5,auto,0,100,3,tesa,45,0,0,vbr,0,baseline,0.6493532546000097,43,14,92,2,92,0,2,0,0,0,Action_1080p_25fps_5s
1125,0,p8x8,2,1.7703159785329992,1,10,1,-10,29.32159763936856,-4:4,temporal,0,100,2,tesa,45,0,0,vbr,0,baseline,0.6493532546000097,48,11,92,2,92,0,2,1,0,0,Action_1080p_25fps_5s
2349,0,p8x8,0,1.7703159785329992,0,10,1,-10,29.32159763936856,-4:4,spatial,1,100,2,tesa,45,0,0,vbr,0,baseline,0.6493532546000097,48,11,92,12,92,0,2,0,0,0,Action_1080p_25fps_5s
1079,0,p8x8,0,1.7703159785329992,1,10,1,-10,29.32159763936856,-4:4,spatial,0,100,2,tesa,45,0,0,vbr,0,baseline,0.6493532546000097,48,11,92,12,92,0,2,0,0,0,Action_1080p_25fps_5s
1079,0,p8x8,0,1.7703159785329992,0,10,1,-10,29.32159763936856,-4:4,spatial,1,100,3,tesa,45,0,0,vbr,0,baseline,0.6493532546000097,48,11,92,2,92,0,2,0,0,0,Action_1080p_25fps_5s
1079,0,p8x8,3,1.7703159785329992,0,10,1,-10,29.32159763936856,-4:4,temporal,1,100,3,hex,45,0,0,vbr,0,baseline,0.6493532546000097,43,14,92,2,92,0,2,0,0,0,Action_1080p_25fps_5s
1079,0,p8x8,2,1.7703159785329992,1,10,1,3,29.32159763936856,-5:5,spatial,0,100,0,tesa,45,1,0,vbr,0,baseline,0.0576883939847765,48,11,92,2,92,0,2,0,0,0,Action_1080p_25fps_5s
1079,0,p8x8,2,1.7703159785329992,1,10,1,-10,29.32159763936856,-5:5,auto,0,100,0,tesa,45,1,0,vbr,0,baseline,0.6493532546000097,43,14,92,2,92,0,2,0,1,0,Action_1080p_25fps_5s
1079,0,p8x8,0,1.7703159785329992,0,10,1,-10,29.32159763936856,-4:4,none,1,100,3,tesa,35,0,0,vbr,0,baseline,0.6493532546000097,48,11,92,6,92,0,2,0,0,0,Action_1080p_25fps_5s
2349,0,p8x8,0,1.7703159785329992,1,10,1,-10,26.5334120992591,-4:4,temporal,0,100,2,tesa,45,1,0,vbr,0,baseline,0.6493532546000097,48,11,161,2,92,0,56,2,0,0,Action_1080p_25fps_5s
2349,0,p8x8,0,1.7703159785329992,1,10,1,-10,29.32159763936856,-4:4,spatial,0,240,2,tesa,45,0,0,vbr,0,baseline,0.6493532546000097,48,11,137,12,92,0,2,0,0,0,Action_1080p_25fps_5s
1079,0,p8x8,2,1.7703159785329992,0,10,1,-10,29.32159763936856,-4:4,spatial,1,100,1,tesa,45,0,0,vbr,0,baseline,0.6493532546000097,48,11,92,2,92,0,2,0,0,0,Action_1080p_25fps_5s
2349,0,p8x8,0,0.9625735019710584,1,10,0,-10,29.32159763936856,-4:4,spatial,0,100,3,tesa,39,0,0,vbr,0,baseline,0.6493532546000097,48,11,92,2,92,0,2,0,0,0,Action_1080p_25fps_5s
1079,0,p8x8,2,1.7703159785329992,1,11,1,3,29.32159763936856,-5:5,spatial,0,100,3,tesa,45,1,0,vbr,0,baseline,0.0576883939847765,48,11,92,2,92,6,2,0,0,0,Action_1080p_25fps_5s
2329,0,p8x8,2,1.7703159785329992,1,10,1,3,29.32159763936856,-5:5,spatial,0,100,0,tesa,45,1,0,vbr,0,baseline,0.0576883939847765,48,11,92,2,47,1,2,1,0,0,Action_1080p_25fps_5s
1079,0,p8x8,2,1.7703159785329992,0,10,1,-10,29.32159763936856,-5:5,auto,0,100,0,tesa,45,1,0,vbr,0,baseline,0.6493532546000097,43,14,92,2,92,0,2,0,1,0,Action_1080p_25fps_5s
2349,0,p8x8,0,0.9625735019710584,1,6,0,-10,29.32159763936856,-4:4,spatial,0,100,3,tesa,39,0,0,vbr,0,baseline,0.6493532546000097,48,11,92,2,92,0,2,0,0,0,Action_1080p_25fps_5s
1079,0,p8x8,2,1.7703159785329992,1,10,1,-10,29.32159763936856,-4:4,none,0,100,3,tesa,45,0,0,none,1,main,0.2829198489071013,25,3,141,7,40,5,63,1,0,1,Standard_480p_60fps_5s
1079,0,p8x8,2,1.7703159785329992,1,10,1,-10,29.32159763936856,-4:4,auto,0,100,3,tesa,45,0,0,none,1,main,0.9544631986942628,25,3,141,7,40,5,63,1,0,1,Standard_480p_60fps_5s
1079,0,p8x8,2,1.7703159785329992,1,10,1,-10,29.32159763936856,-4:4,none,0,100,3,tesa,45,0,0,none,1,main,0.2829198489071013,25,3,134,7,40,5,63,1,0,1,Standard_480p_60fps_5s
1079,0,p8x8,0,1.7703159785329992,1,10,1,-10,29.32159763936856,-4:4,none,0,100,3,tesa,45,0,0,none,1,main,0.2829198489071013,25,3,141,7,29,5,63,1,0,1,Standard_480p_60fps_5s
1079,0,p8x8,0,1.7703159785329992,1,10,1,-10,29.32159763936856,-4:4,none,0,100,3,tesa,35,0,0,none,1,main,0.2829198489071013,49,3,134,7,40,5,63,1,0,1,Standard_480p_60fps_5s
1079,0,p8x8,1,1.7703159785329992,1,10,0,-10,29.32159763936856,2:2,none,0,100,3,tesa,45,0,0,none,1,main,0.2829198489071013,25,3,134,7,40,5,63,1,0,1,Standard_480p_60fps_5s
1079,0,p8x8,1,1.7703159785329992,1,10,1,7,29.32159763936856,-4:4,none,0,100,3,tesa,35,0,0,none,1,main,0.2829198489071013,25,3,141,7,29,5,63,1,0,1,Standard_480p_60fps_5s
1079,0,p8x8,2,1.7703159785329992,1,5,1,-5,29.32159763936856,-4:4,none,0,100,3,tesa,45,0,0,none,1,main,0.2829198489071013,25,3,141,6,29,5,63,1,0,1,Standard_480p_60fps_5s
1079,0,p8x8,0,1.7703159785329992,1,10,1,-3,29.32159763936856,-4:4,none,0,100,3,tesa,45,0,0,none,1,main,0.2829198489071013,25,3,141,7,29,5,63,1,0,1,Standard_480p_60fps_5s
1079,0,p8x8,2,1.7703159785329992,1,10,1,-10,29.32159763936856,-4:4,none,0,100,3,tesa,45,0,0,none,1,main,0.2829198489071013,32,3,134,7,40,5,63,1,0,1,Standard_480p_60fps_5s
1079,0,p8x8,0,1.7703159785329992,1,10,1,-3,16.601015116424694,-4:4,temporal,0,100,3,tesa,45,0,0,none,1,main,0.2829198489071013,36,3,141,7,29,5,63,1,0,1,Standard_480p_60fps_5s
1079,0,p8x8,2,0.296249058842245,1,2,1,-10,29.32159763936856,-4:4,spatial,0,100,3,tesa,45,0,0,none,1,main,0.2829198489071013,33,3,141,10,40,5,63,1,0,0,Standard_480p_60fps_5s
1079,0,p8x8,3,0.7024891126515397,1,7,0,1,25.059861731496472,-4:4,none,0,100,3,tesa,45,0,0,none,1,main,0.2829198489071013,25,3,96,7,29,5,63,1,0,1,Standard_480p_60fps_5s
1079,0,p8x8,1,0.098828939704809,1,10,1,-3,29.32159763936856,-4:4,none,0,260,3,tesa,45,0,0,none,1,main,0.2829198489071013,25,3,141,13,29,5,63,1,0,1,Standard_480p_60fps_5s
1079,0,p8x8,3,0.7024891126515397,1,7,0,1,47.14067257294976,-4:4,none,0,100,3,tesa,45,0,0,none,1,main,0.2829198489071013,25,3,96,7,50,5,26,1,0,1,Standard_480p_60fps_5s
1079,0,p8x8,2,1.7703159785329992,2,9,1,-10,29.32159763936856,-4:4,none,0,100,3,tesa,45,0,0,none,1,main,0.2829198489071013,25,3,134,7,64,5,63,1,0,1,Standard_480p_60fps_5s
1079,0,p8x8,1,1.7703159785329992,1,10,1,7,29.32159763936856,4:4,none,0,100,3,tesa,35,0,0,none,1,main,0.2829198489071013,25,3,141,7,29,5,63,1,0,1,Standard_480p_60fps_5s
1079,0,p8x8,2,1.7703159785329992,1,10,1,-5,29.32159763936856,-4:4,temporal,0,100,1,tesa,45,0,0,none,1,main,0.2829198489071013,25,3,134,7,48,5,63,1,0,1,Standard_480p_60fps_5s
1079,0,p8x8,3,0.7024891126515397,1,5,0,1,47.14067257294976,-4:4,none,0,73,2,tesa,45,0,0,none,1,main,0.2829198489071013,32,3,134,7,40,5,63,1,0,1,Standard_480p_60fps_5s
2128,0,p8x8,2,1.7703159785329992,2,10,1,-10,29.32159763936856,-4:4,none,0,100,3,tesa,45,0,0,none,1,main,0.2829198489071013,32,9,141,13,29,5,63,1,0,1,Standard_480p_60fps_5s
1079,0,p8x8,2,1.7703159785329992,1,10,1,-10,29.32159763936856,-4:4,auto,0,100,3,tesa,45,0,0,none,1,main,0.9544631986942628,25,3,141,7,40,5,63,1,0,1,Standard_1080p_30fps_10s
1079,0,p8x8,2,1.7703159785329992,1,10,1,-10,29.32159763936856,-4:4,none,0,100,3,tesa,45,0,0,none,1,main,0.2829198489071013,25,3,134,7,40,5,63,1,0,1,Standard_1080p_30fps_10s
1079,0,p8x8,2,1.7703159785329992,1,10,1,-10,29.32159763936856,-4:4,none,0,100,3,tesa,45,0,0,none,1,main,0.2829198489071013,25,3,141,7,40,5,63,1,0,1,Standard_1080p_30fps_10s
1079,0,p8x8,0,1.7703159785329992,1,10,1,-10,29.32159763936856,-4:4,none,0,100,3,tesa,45,0,0,none,1,main,0.2829198489071013,25,3,141,7,29,5,63,1,0,1,Standard_1080p_30fps_10s
1079,0,p8x8,0,1.7703159785329992,1,10,1,-3,29.32159763936856,-4:4,none,0,100,3,tesa,45,0,0,none,1,main,0.2829198489071013,25,3,141,7,29,5,63,1,0,1,Standard_1080p_30fps_10s
1079,0,p8x8,1,1.7703159785329992,1,10,0,-10,29.32159763936856,2:2,none,0,100,3,tesa,45,0,0,none,1,main,0.2829198489071013,25,3,134,7,40,5,63,1,0,1,Standard_1080p_30fps_10s
1079,0,p8x8,1,1.7703159785329992,1,10,1,7,29.32159763936856,-4:4,none,0,100,3,tesa,35,0,0,none,1,main,0.2829198489071013,25,3,141,7,29,5,63,1,0,1,Standard_1080p_30fps_10s
1079,0,p8x8,2,1.9962941833638503,1,10,1,-10,29.32159763936856,-4:4,auto,0,100,3,tesa,45,0,0,none,1,main,0.9544631986942628,22,3,141,7,40,5,63,1,0,1,Standard_1080p_30fps_10s
1079,0,p8x8,0,1.7703159785329992,1,10,1,-10,29.32159763936856,-4:4,none,0,100,3,tesa,35,0,0,none,1,main,0.2829198489071013,49,3,134,7,40,5,63,1,0,1,Standard_1080p_30fps_10s
1079,0,p8x8,2,0.296249058842245,1,10,1,-10,29.32159763936856,-4:4,none,0,304,3,tesa,45,0,0,none,1,main,0.2829198489071013,40,3,141,7,40,7,63,1,0,2,Standard_1080p_30fps_10s
1125,0,p8x8,2,1.7703159785329992,1,10,1,-10,29.32159763936856,-4:4,temporal,0,100,3,tesa,45,1,0,none,1,main,0.2829198489071013,25,19,141,7,29,5,63,1,1,1,Standard_1080p_30fps_10s
1079,0,p8x8,2,0.296249058842245,1,10,1,-10,29.32159763936856,-4:4,none,0,100,3,umh,45,0,0,none,1,main,0.2829198489071013,25,3,134,7,40,5,63,1,0,1,Standard_1080p_30fps_10s
1079,0,p8x8,0,1.7703159785329992,1,10,1,-10,29.32159763936856,-4:4,none,0,100,3,tesa,45,0,0,none,1,main,0.2829198489071013,25,3,141,7,29,5,63,0,0,2,Standard_1080p_30fps_10s
1079,0,p8x8,2,0.296249058842245,1,10,1,-10,29.32159763936856,-4:4,auto,0,100,4,tesa,45,0,0,none,1,baseline,0.9544631986942628,25,3,141,7,40,5,63,1,0,1,Standard_1080p_30fps_10s
1079,0,p8x8,2,1.7703159785329992,1,10,1,-10,29.32159763936856,-4:4,auto,0,100,3,tesa,14,0,0,none,1,main,0.9544631986942628,25,3,141,7,29,5,52,0,0,2,Standard_1080p_30fps_10s
1079,0,p8x8,2,1.7703159785329992,1,5,1,-5,29.32159763936856,-4:4,none,0,100,3,tesa,45,0,0,none,1,main,0.2829198489071013,25,3,141,6,29,5,63,1,0,1,Standard_1080p_30fps_10s
1079,0,p8x8,1,1.7703159785329992,1,10,1,7,29.32159763936856,-4:4,none,0,100,3,tesa,35,0,0,none,1,main,0.2829198489071013,49,3,141,7,29,5,63,0,0,0,Standard_1080p_30fps_10s
1079,0,all,1,1.7703159785329992,1,10,0,-10,29.32159763936856,2:2,none,0,100,3,tesa,45,0,0,none,1,main,0.2829198489071013,25,8,126,7,86,5,63,1,0,1,Standard_1080p_30fps_10s
1079,0,p8x8,0,1.7703159785329992,1,10,1,-10,29.32159763936856,-4:4,none,0,100,3,tesa,45,0,0,none,1,main,0.2829198489071013,25,3,141,6,29,5,63,1,0,1,Standard_1080p_30fps_10s
1079,0,p8x8,2,1.7703159785329992,1,10,1,-10,29.32159763936856,-4:4,none,0,100,3,tesa,21,0,0,none,1,main,0.2829198489071013,25,3,134,7,40,5,63,1,0,1,Standard_1080p_30fps_10s
1079,0,p8x8,0,1.7703159785329992,0,10,1,-10,29.32159763936856,-4:4,spatial,1,100,3,tesa,45,0,0,vbr,0,baseline,0.6493532546000097,48,11,92,2,92,0,2,0,0,0,Action_480p_30fps_20s
1079,0,p8x8,2,0.296249058842245,1,10,1,-10,29.32159763936856,-4:4,spatial,0,100,3,tesa,45,0,0,vbr,0,baseline,0.6493532546000097,48,11,92,2,92,0,2,0,0,0,Action_480p_30fps_20s
1079,0,p8x8,2,1.7703159785329992,1,10,1,3,29.32159763936856,-5:5,spatial,0,100,0,tesa,45,1,0,vbr,0,baseline,0.0576883939847765,48,11,92,2,92,0,2,0,0,0,Action_480p_30fps_20s
1079,0,p8x8,3,1.7703159785329992,0,10,1,-10,29.32159763936856,-4:4,temporal,1,100,3,hex,45,0,0,vbr,0,baseline,0.6493532546000097,43,14,92,2,92,0,2,0,0,0,Action_480p_30fps_20s
1079,0,p8x8,0,1.7703159785329992,1,10,1,-10,29.32159763936856,-4:4,spatial,0,100,2,tesa,45,0,0,vbr,0,baseline,0.6493532546000097,48,11,92,12,92,0,2,0,0,0,Action_480p_30fps_20s
1079,0,p8x8,2,1.7703159785329992,1,10,1,-10,29.32159763936856,-5:5,auto,0,100,3,tesa,45,0,0,vbr,0,baseline,0.6493532546000097,43,14,92,2,92,0,2,0,0,0,Action_480p_30fps_20s
1125,0,p8x8,2,1.7703159785329992,1,10,1,-10,29.32159763936856,-4:4,temporal,0,100,2,tesa,45,0,0,vbr,0,baseline,0.6493532546000097,48,11,92,2,92,0,2,1,0,0,Action_480p_30fps_20s
1079,0,p8x8,3,1.7703159785329992,0,10,1,-10,20.199797270161625,-4:4,temporal,0,100,2,tesa,45,0,0,vbr,0,baseline,0.6493532546000097,48,11,92,2,92,0,2,1,0,0,Action_480p_30fps_20s
1015,0,p8x8,2,1.7703159785329992,0,10,1,-10,29.32159763936856,-4:4,temporal,0,100,2,tesa,45,0,0,vbr,0,baseline,0.6493532546000097,48,15,92,2,92,8,2,0,0,0,Action_480p_30fps_20s
1079,0,p8x8,3,1.7703159785329992,0,6,0,-10,29.32159763936856,-4:4,temporal,1,100,3,hex,45,0,0,vbr,0,baseline,0.6493532546000097,43,14,92,2,92,0,2,1,0,0,Action_480p_30fps_20s
1079,0,p8x8,2,1.9962941833638503,1,10,1,4,36.30214777975875,-4:4,temporal,0,100,2,tesa,45,0,0,vbr,0,baseline,0.4211485133068516,48,12,92,2,92,5,2,2,0,0,Action_480p_30fps_20s
1079,0,p8x8,3,1.7703159785329992,0,10,1,-10,29.32159763936856,-4:4,temporal,0,100,2,tesa,45,0,0,vbr,0,baseline,0.6493532546000097,48,15,92,2,92,1,2,0,0,0,Action_480p_30fps_20s
1015,0,p8x8,2,1.7703159785329992,0,10,1,-10,2.933349008562066,-4:4,temporal,0,100,2,tesa,45,0,0,vbr,0,baseline,0.6493532546000097,48,11,92,2,92,0,2,1,0,2,Action_480p_30fps_20s
1015,0,p8x8,3,1.7703159785329992,0,10,1,-10,29.32159763936856,-4:4,temporal,0,473,2,tesa,45,0,1,vbr,0,baseline,0.6493532546000097,47,4,92,2,92,2,2,0,0,1,Action_480p_30fps_20s
1079,0,p8x8,3,1.2945722278459313,1,10,1,7,50.02647884003524,-4:4,none,1,136,3,hex,45,0,0,vbr,0,baseline,0.6493532546000097,43,14,92,2,63,0,2,0,0,0,Action_480p_30fps_20s
1079,0,p8x8,3,1.7703159785329992,0,10,0,-10,10.1674642472524,-4:4,temporal,0,81,2,tesa,45,0,0,vbr,0,high,0.6493532546000097,48,11,92,2,92,0,2,0,0,0,Action_480p_30fps_20s
1079,1,none,3,1.2945722278459313,1,10,1,7,20.199797270161625,-4:4,temporal,0,100,2,tesa,45,0,0,vbr,0,baseline,0.6493532546000097,48,11,92,2,92,0,2,0,0,0,Action_480p_30fps_20s
2088,0,p8x8,3,1.7703159785329992,0,10,1,-10,50.02647884003524,-4:4,none,1,136,0,hex,45,0,0,vbr,0,baseline,0.6493532546000097,43,14,92,2,63,0,2,0,0,0,Action_480p_30fps_20s
1015,0,p8x8,2,1.7703159785329992,0,10,1,-10,47.3918708018415,-4:4,temporal,1,100,2,tesa,45,0,0,vbr,0,baseline,0.0576883939847765,48,11,108,2,92,0,2,0,1,0,Action_480p_30fps_20s
1079,0,p8x8,3,1.7703159785329992,0,10,0,-10,29.48903521464648,-4:4,temporal,0,100,2,tesa,33,0,0,vbr,0,baseline,0.6493532546000097,48,11,92,12,92,0,2,0,0,0,Action_480p_30fps_20s
1974,0,p4x4,2,0.8031596101194036,2,7,0,1,25.059861731496472,5:-5,auto,1,215,4,umh,10,0,0,cbr,1,baseline,0.6493532546000097,22,4,111,13,80,4,2,0,0,0,Still_image_1080p_25fps_10s
1079,0,p8x8,0,1.7703159785329992,1,7,0,1,25.059861731496472,5:-5,auto,1,215,4,umh,10,0,0,cbr,1,baseline,0.6493532546000097,22,4,111,3,80,0,2,0,0,0,Still_image_1080p_25fps_10s
1079,0,p4x4,2,0.8031596101194036,1,10,0,-11,25.059861731496472,5:-5,auto,1,215,4,umh,10,0,0,cbr,1,baseline,0.6493532546000097,22,4,111,10,80,4,53,2,1,1,Still_image_1080p_25fps_10s
1974,0,p4x4,2,0.8031596101194036,2,7,0,1,25.059861731496472,5:-5,auto,1,184,4,dia,10,0,0,cbr,1,baseline,0.6493532546000097,22,4,111,1,92,0,2,0,0,0,Still_image_1080p_25fps_10s
1974,0,p4x4,2,0.8031596101194036,2,7,0,1,25.059861731496472,3:-3,auto,1,215,4,umh,21,0,0,cbr,1,baseline,0.6493532546000097,22,4,111,13,80,4,2,0,0,0,Still_image_1080p_25fps_10s
1079,0,p8x8,3,1.7703159785329992,1,7,0,1,25.059861731496472,5:-5,auto,1,215,4,umh,10,0,0,cbr,1,baseline,0.6493532546000097,22,4,111,13,80,4,2,0,0,0,Still_image_1080p_25fps_10s
1974,0,p4x4,2,0.8031596101194036,2,14,0,1,25.059861731496472,-3:3,auto,1,215,4,umh,10,0,0,cbr,1,baseline,0.6493532546000097,22,4,111,13,80,4,2,0,1,0,Still_image_1080p_25fps_10s
1974,0,p4x4,2,0.8031596101194036,1,7,0,1,25.059861731496472,5:-5,auto,1,215,4,umh,10,0,0,cbr,1,baseline,0.6493532546000097,22,4,118,3,4,0,2,0,0,0,Still_image_1080p_25fps_10s
1974,0,p4x4,2,0.8031596101194036,2,7,0,1,25.059861731496472,5:5,auto,1,215,4,umh,10,0,0,cbr,1,baseline,0.6493532546000097,22,4,111,13,80,4,2,0,0,0,Still_image_1080p_25fps_10s
1079,0,p8x8,3,1.7703159785329992,1,7,0,1,25.059861731496472,5:-5,auto,1,215,4,umh,10,1,0,cbr,1,baseline,0.6493532546000097,22,4,111,3,80,0,2,0,1,0,Still_image_1080p_25fps_10s
1974,0,p4x4,2,0.8031596101194036,2,7,0,1,25.059861731496472,5:5,auto,1,215,4,umh,10,0,1,cbr,1,baseline,0.6493532546000097,22,4,26,3,4,0,22,0,0,0,Still_image_1080p_25fps_10s
1079,0,p8x8,3,1.7703159785329992,1,7,0,1,25.059861731496472,5:-5,auto,1,215,4,hex,10,1,0,cbr,1,baseline,0.6493532546000097,22,4,111,3,80,0,2,0,1,0,Still_image_1080p_25fps_10s
1974,0,p4x4,2,0.8031596101194036,1,7,0,1,25.059861731496472,5:-5,spatial,1,215,4,umh,10,0,0,cbr,1,baseline,0.6493532546000097,22,4,118,10,4,0,2,0,1,0,Still_image_1080p_25fps_10s
1974,0,p4x4,2,0.8031596101194036,2,7,1,1,25.059861731496472,1:-1,auto,1,184,4,hex,10,0,0,cbr,1,baseline,0.6493532546000097,22,4,111,3,80,0,47,0,1,0,Still_image_1080p_25fps_10s
1974,0,p4x4,2,0.8031596101194036,2,7,0,1,25.059861731496472,5:5,auto,1,116,4,umh,43,0,0,cbr,1,baseline,0.6493532546000097,22,4,111,13,80,4,2,0,0,0,Still_image_1080p_25fps_10s
1079,0,p8x8,3,1.7703159785329992,1,7,0,1,25.059861731496472,5:-5,auto,1,215,4,hex,10,0,0,cbr,1,baseline,0.813740992519497,22,4,111,3,80,0,47,0,1,0,Still_image_1080p_25fps_10s
1974,0,p4x4,2,0.8031596101194036,2,7,0,1,25.059861731496472,1:-1,auto,1,116,4,umh,43,0,0,cbr,1,baseline,0.6493532546000097,22,4,111,1,24,0,29,2,0,0,Still_image_1080p_25fps_10s
1079,0,p8x8,3,0.903671399150069,1,7,0,1,25.059861731496472,5:-5,auto,1,215,4,umh,10,0,0,cbr,1,baseline,0.6493532546000097,22,3,111,13,80,4,2,0,0,0,Still_image_1080p_25fps_10s
1721,0,p8x8,3,1.7703159785329992,1,6,0,1,25.059861731496472,5:-5,auto,1,215,4,umh,10,0,0,cbr,1,baseline,0.6493532546000097,22,4,111,13,80,4,2,0,1,0,Still_image_1080p_25fps_10s
1974,0,p4x4,2,0.8031596101194036,2,7,0,1,25.059861731496472,0:0,auto,1,215,4,umh,10,0,1,vbr,1,baseline,0.8676806254127472,22,4,26,3,4,0,22,0,0,1,Still_image_1080p_25fps_10s
1079,0,p8x8,2,1.7703159785329992,1,10,1,-10,29.32159763936856,-4:4,none,0,100,3,tesa,45,0,0,none,1,main,0.2829198489071013,25,3,141,7,40,5,63,1,0,1,Big_720p_60fps_20s
1079,0,p8x8,2,1.7703159785329992,1,10,1,-10,29.32159763936856,-4:4,auto,0,100,3,tesa,45,0,0,none,1,main,0.9544631986942628,25,3,141,7,40,5,63,1,0,1,Big_720p_60fps_20s
1079,0,p8x8,2,1.7703159785329992,1,10,1,-10,29.32159763936856,-4:4,none,0,100,3,tesa,45,0,0,none,1,main,0.2829198489071013,25,3,134,7,40,5,63,1,0,1,Big_720p_60fps_20s
1079,0,p8x8,0,1.7703159785329992,1,10,1,-10,29.32159763936856,-4:4,none,0,100,3,tesa,45,0,0,none,1,main,0.2829198489071013,25,3,141,7,29,5,63,1,0,1,Big_720p_60fps_20s
1079,0,p8x8,0,1.7703159785329992,1,10,1,-10,29.32159763936856,-4:4,none,0,100,3,tesa,45,0,0,none,1,main,0.2829198489071013,25,3,141,7,29,5,63,0,0,2,Big_720p_60fps_20s
1079,0,p8x8,2,1.7703159785329992,1,10,1,-10,29.32159763936856,-4:4,auto,0,100,3,tesa,14,0,0,none,1,main,0.9544631986942628,25,3,141,7,29,5,52,0,0,2,Big_720p_60fps_20s
1079,0,p8x8,2,0.296249058842245,1,10,1,-10,29.32159763936856,-4:4,auto,0,100,4,tesa,45,0,0,none,1,baseline,0.9544631986942628,25,3,141,7,40,5,63,1,0,1,Big_720p_60fps_20s
1079,0,p8x8,2,0.296249058842245,1,10,1,-10,29.32159763936856,-4:4,none,0,100,3,umh,45,0,0,none,1,main,0.2829198489071013,25,3,134,7,40,5,63,1,0,1,Big_720p_60fps_20s
1079,0,p8x8,2,0.296249058842245,1,10,1,-10,29.32159763936856,-4:4,none,0,304,3,tesa,45,0,0,none,1,main,0.2829198489071013,40,3,141,7,40,7,63,1,0,2,Big_720p_60fps_20s
1125,0,p8x8,2,1.7703159785329992,1,10,1,-10,29.32159763936856,-4:4,temporal,0,100,3,tesa,45,1,0,none,1,main,0.2829198489071013,25,19,141,7,29,5,63,1,1,1,Big_720p_60fps_20s
1079,0,p8x8,0,1.7703159785329992,1,10,1,-3,29.32159763936856,-4:4,none,0,100,3,tesa,45,0,0,none,1,main,0.2829198489071013,25,3,141,7,29,5,63,1,0,1,Big_720p_60fps_20s
1079,0,p8x8,1,1.7703159785329992,1,10,0,-10,29.32159763936856,2:2,none,0,100,3,tesa,45,0,0,none,1,main,0.2829198489071013,25,3,134,7,40,5,63,1,0,1,Big_720p_60fps_20s
1079,0,p8x8,2,1.9962941833638503,1,10,1,-10,29.32159763936856,-4:4,auto,0,100,3,tesa,45,0,0,none,1,main,0.9544631986942628,22,3,141,7,40,5,63,1,0,1,Big_720p_60fps_20s
1079,0,p8x8,1,1.7703159785329992,1,10,1,7,29.32159763936856,-4:4,none,0,100,3,tesa,35,0,0,none,1,main,0.2829198489071013,25,3,141,7,29,5,63,1,0,1,Big_720p_60fps_20s
1079,0,p8x8,2,0.296249058842245,1,10,1,-3,29.32159763936856,-4:4,none,0,304,3,tesa,45,0,0,none,1,main,0.2829198489071013,25,3,141,7,29,5,63,1,0,1,Big_720p_60fps_20s
1079,0,p8x8,2,1.7703159785329992,1,10,1,-10,29.32159763936856,-4:4,auto,0,287,3,tesa,14,0,0,none,1,main,0.9544631986942628,25,3,134,7,40,5,63,2,0,1,Big_720p_60fps_20s
1079,0,p8x8,2,1.7703159785329992,1,15,1,-10,29.32159763936856,-4:4,auto,0,287,3,tesa,22,0,0,none,1,main,0.9544631986942628,22,3,141,7,40,5,63,1,0,1,Big_720p_60fps_20s
1079,0,p8x8,2,1.9962941833638503,1,10,1,-10,29.32159763936856,-4:4,auto,0,100,3,tesa,14,0,0,none,1,main,0.8762925187926734,25,3,134,7,40,11,63,2,0,1,Big_720p_60fps_20s
1079,1,p8x8,2,0.296249058842245,1,10,1,-10,29.32159763936856,-4:4,auto,0,100,3,tesa,14,0,0,none,1,main,0.9544631986942628,25,3,141,7,29,5,52,0,0,2,Big_720p_60fps_20s
1079,0,p8x8,2,1.7703159785329992,1,10,1,-10,29.32159763936856,-4:4,none,0,304,3,tesa,45,0,0,none,1,main,0.2829198489071013,40,3,141,7,40,7,63,1,0,2,Big_720p_60fps_20s
1079,0,p8x8,2,1.7703159785329992,1,10,1,-10,29.32159763936856,-4:4,none,0,100,3,tesa,45,0,0,none,1,main,0.2829198489071013,25,3,134,7,40,5,63,1,0,1,Big_480p_30fps_10s
1079,0,p8x8,2,1.7703159785329992,1,10,1,-10,29.32159763936856,-4:4,auto,0,100,3,tesa,45,0,0,none,1,main,0.9544631986942628,25,3,141,7,40,5,63,1,0,1,Big_480p_30fps_10s
1079,0,p8x8,0,1.7703159785329992,1,10,1,-10,29.32159763936856,-4:4,none,0,100,3,tesa,45,0,0,none,1,main,0.2829198489071013,25,3,141,7,29,5,63,1,0,1,Big_480p_30fps_10s
1079,0,p8x8,2,1.7703159785329992,1,10,1,-10,29.32159763936856,-4:4,none,0,100,3,tesa,45,0,0,none,1,main,0.2829198489071013,25,3,141,7,40,5,63,1,0,1,Big_480p_30fps_10s
1079,0,p8x8,0,1.7703159785329992,1,10,1,-10,29.32159763936856,-4:4,none,0,100,3,tesa,35,0,0,none,1,main,0.2829198489071013,49,3,134,7,40,5,63,1,0,1,Big_480p_30fps_10s
1079,0,p8x8,1,1.7703159785329992,1,10,0,-10,29.32159763936856,2:2,none,0,100,3,tesa,45,0,0,none,1,main,0.2829198489071013,25,3,134,7,40,5,63,1,0,1,Big_480p_30fps_10s
1079,0,p8x8,1,1.7703159785329992,1,10,1,7,29.32159763936856,-4:4,none,0,100,3,tesa,35,0,0,none,1,main,0.2829198489071013,25,3,141,7,29,5,63,1,0,1,Big_480p_30fps_10s
1079,0,p8x8,2,1.7703159785329992,1,5,1,-5,29.32159763936856,-4:4,none,0,100,3,tesa,45,0,0,none,1,main,0.2829198489071013,25,3,141,6,29,5,63,1,0,1,Big_480p_30fps_10s
1079,0,p8x8,0,1.7703159785329992,1,10,1,-3,29.32159763936856,-4:4,none,0,100,3,tesa,45,0,0,none,1,main,0.2829198489071013,25,3,141,7,29,5,63,1,0,1,Big_480p_30fps_10s
1079,0,p8x8,2,1.7703159785329992,1,10,1,-10,29.32159763936856,-4:4,none,0,100,3,tesa,45,0,0,none,1,main,0.2829198489071013,32,3,134,7,40,5,63,1,0,1,Big_480p_30fps_10s
1079,0,p8x8,0,1.7703159785329992,1,10,1,-10,29.32159763936856,-4:4,none,0,100,3,tesa,45,0,0,none,1,main,0.2829198489071013,25,3,141,7,29,5,63,0,0,2,Big_480p_30fps_10s
1125,0,p8x8,2,1.7703159785329992,1,10,1,-10,29.32159763936856,-4:4,none,0,100,3,tesa,45,0,0,none,1,main,0.2829198489071013,25,3,141,7,40,1,63,1,0,1,Big_480p_30fps_10s
1079,0,p8x8,2,0.296249058842245,1,10,1,-10,29.32159763936856,-4:4,none,0,100,3,umh,45,0,0,none,1,main,0.2829198489071013,25,3,134,7,40,5,63,1,0,1,Big_480p_30fps_10s
1079,0,p8x8,2,0.296249058842245,1,10,1,-10,29.32159763936856,-4:4,auto,0,100,4,tesa,45,0,0,none,1,baseline,0.9544631986942628,25,3,141,7,40,5,63,1,0,1,Big_480p_30fps_10s
1079,0,p8x8,2,1.7703159785329992,1,10,0,-10,44.398404951660005,-4:4,none,1,100,3,tesa,45,0,0,none,1,baseline,0.2829198489071013,25,3,141,8,59,1,63,1,0,1,Big_480p_30fps_10s
1125,0,p8x8,2,1.7703159785329992,1,10,1,-10,29.32159763936856,-4:4,none,0,100,3,tesa,45,0,0,none,1,main,0.2829198489071013,25,3,141,7,98,5,63,1,0,1,Big_480p_30fps_10s
1079,0,p8x8,3,1.7703159785329992,1,10,1,-10,29.32159763936856,-4:4,spatial,0,100,3,tesa,35,0,0,none,1,main,0.2829198489071013,49,3,134,7,12,5,63,1,0,1,Big_480p_30fps_10s
1079,0,all,1,1.7703159785329992,1,10,1,-10,29.32159763936856,-4:4,none,0,100,3,tesa,45,0,0,none,1,main,0.3511978806062622,25,3,141,4,29,0,63,0,0,2,Big_480p_30fps_10s
1079,0,p8x8,3,1.7703159785329992,1,10,1,7,29.32159763936856,-4:4,none,0,100,3,tesa,35,0,0,none,1,main,0.2829198489071013,25,3,141,7,29,5,63,1,0,1,Big_480p_30fps_10s
1079,0,p8x8,1,1.7703159785329992,1,10,0,-10,29.32159763936856,2:-2,temporal,0,100,1,tesa,45,0,0,none,1,main,0.4012101753647358,25,3,141,7,29,5,63,0,0,1,Big_480p_30fps_10s
1974,0,p4x4,2,0.8031596101194036,2,7,0,1,25.059861731496472,5:-5,auto,1,215,4,umh,10,0,0,cbr,1,baseline,0.6493532546000097,22,4,111,13,80,4,2,0,0,0,Big_480p_25fps_10s
1079,0,p8x8,0,1.7703159785329992,1,7,0,1,25.059861731496472,5:-5,auto,1,215,4,umh,10,0,0,cbr,1,baseline,0.6493532546000097,22,4,111,3,80,0,2,0,0,0,Big_480p_25fps_10s
1974,0,p4x4,2,0.8031596101194036,2,7,0,1,25.059861731496472,5:-5,auto,1,184,4,dia,10,0,0,cbr,1,baseline,0.6493532546000097,22,4,111,1,92,0,2,0,0,0,Big_480p_25fps_10s
1974,0,p4x4,2,0.8031596101194036,2,7,0,1,25.059861731496472,3:-3,auto,1,215,4,umh,21,0,0,cbr,1,baseline,0.6493532546000097,22,4,111,13,80,4,2,0,0,0,Big_480p_25fps_10s
1079,0,p4x4,2,0.8031596101194036,1,10,0,-11,25.059861731496472,5:-5,auto,1,215,4,umh,10,0,0,cbr,1,baseline,0.6493532546000097,22,4,111,10,80,4,53,2,1,1,Big_480p_25fps_10s
1079,0,p8x8,3,1.7703159785329992,1,7,0,1,25.059861731496472,5:-5,auto,1,215,4,umh,10,0,0,cbr,1,baseline,0.6493532546000097,22,4,111,13,80,4,2,0,0,0,Big_480p_25fps_10s
1079,0,none,3,1.9748663738410028,1,4,0,1,25.059861731496472,3:-3,auto,1,215,4,umh,10,0,0,cbr,1,baseline,0.6493532546000097,22,4,111,13,80,4,2,0,0,0,Big_480p_25fps_10s
1974,0,p4x4,2,1.3617298251399643,2,7,0,1,25.059861731496472,5:-5,auto,1,215,4,umh,10,0,0,cbr,1,baseline,0.6493532546000097,22,4,111,13,80,4,2,0,0,0,Big_480p_25fps_10s
1639,0,p4x4,2,0.8031596101194036,1,7,0,1,25.059861731496472,3:-3,auto,1,215,4,umh,21,0,0,cbr,1,baseline,0.6493532546000097,22,4,111,13,80,4,1,0,0,0,Big_480p_25fps_10s
1974,0,p4x4,1,0.8031596101194036,2,7,0,1,25.059861731496472,5:-5,auto,1,184,4,dia,10,0,0,cbr,1,baseline,0.084791151994838,22,4,111,5,92,0,2,0,1,0,Big_480p_25fps_10s
1974,0,p4x4,2,0.8031596101194036,2,15,0,1,25.059861731496472,5:-5,auto,1,215,4,umh,10,0,0,cbr,1,baseline,0.6493532546000097,22,4,111,13,80,4,2,0,0,0,Big_480p_25fps_10s
1974,0,p4x4,2,0.8031596101194036,2,7,0,1,25.059861731496472,5:-5,auto,1,479,4,umh,10,0,0,cbr,1,baseline,0.6493532546000097,22,4,111,13,80,4,2,1,0,0,Big_480p_25fps_10s
1079,0,p4x4,2,0.8031596101194036,1,10,0,-11,25.059861731496472,5:-5,auto,1,215,4,umh,10,0,0,cbr,1,baseline,0.6493532546000097,22,4,111,10,80,4,53,0,1,0,Big_480p_25fps_10s
1974,0,all,1,0.8031596101194036,2,7,0,1,43.8792506582006,3:-3,auto,1,184,4,dia,10,0,0,cbr,1,baseline,0.084791151994838,22,4,111,5,92,0,2,2,1,1,Big_480p_25fps_10s
1639,0,p4x4,2,0.8031596101194036,1,7,0,1,25.059861731496472,5:-5,auto,1,215,4,umh,10,0,0,cbr,1,baseline,0.6493532546000097,22,4,111,13,80,4,28,0,0,0,Big_480p_25fps_10s
1974,0,p4x4,2,0.8031596101194036,2,7,0,1,25.059861731496472,5:-5,auto,1,479,4,umh,10,0,0,cbr,1,baseline,0.6493532546000097,22,4,111,7,80,4,2,0,0,0,Big_480p_25fps_10s
1974,0,p4x4,2,0.8031596101194036,2,7,0,1,25.059861731496472,5:-5,auto,1,215,4,umh,10,0,0,cbr,1,baseline,0.6493532546000097,30,4,111,3,80,0,2,0,0,0,Big_480p_25fps_10s
1974,0,p4x4,2,0.8031596101194036,2,7,0,1,25.059861731496472,3:-3,auto,1,215,3,umh,21,0,0,cbr,1,baseline,0.6493532546000097,22,4,111,13,80,4,1,0,0,0,Big_480p_25fps_10s
1639,0,p4x4,2,0.8031596101194036,2,7,0,1,25.059861731496472,5:-5,auto,1,479,4,umh,10,0,0,cbr,1,baseline,0.9916920684051524,22,4,52,13,80,4,2,0,0,0,Big_480p_25fps_10s
1079,0,p8x8,0,1.7703159785329992,1,10,1,-10,29.32159763936856,-4:4,none,0,100,3,tesa,45,0,0,none,1,main,0.2829198489071013,25,3,141,7,29,5,63,1,0,1,Big_480p_25fps_10s
1079,0,p8x8,2,1.7703159785329992,1,10,1,-10,29.32159763936856,-4:4,none,0,100,3,tesa,45,0,0,none,1,main,0.2829198489071013,25,3,141,7,40,5,63,1,0,1,Standard_1080p_30fps_15s
1079,0,p8x8,2,1.7703159785329992,1,10,1,-10,29.32159763936856,-4:4,none,0,100,3,tesa,45,0,0,none,1,main,0.2829198489071013,25,3,134,7,40,5,63,1,0,1,Standard_1080p_30fps_15s
1079,0,p8x8,0,1.7703159785329992,1,10,1,-10,29.32159763936856,-4:4,none,0,100,3,tesa,45,0,0,none,1,main,0.2829198489071013,25,3,141,7,29,5,63,1,0,1,Standard_1080p_30fps_15s
1079,0,p8x8,2,1.7703159785329992,1,10,1,-10,29.32159763936856,-4:4,auto,0,100,3,tesa,45,0,0,none,1,main,0.9544631986942628,25,3,141,7,40,5,63,1,0,1,Standard_1080p_30fps_15s
1079,0,p8x8,0,1.7703159785329992,1,10,1,-3,29.32159763936856,-4:4,none,0,100,3,tesa,45,0,0,none,1,main,0.2829198489071013,25,3,141,7,29,5,63,1,0,1,Standard_1080p_30fps_15s
1079,0,p8x8,2,1.9962941833638503,1,10,1,-10,29.32159763936856,-4:4,auto,0,100,3,tesa,45,0,0,none,1,main,0.9544631986942628,22,3,141,7,40,5,63,1,0,1,Standard_1080p_30fps_15s
1079,0,p8x8,1,1.7703159785329992,1,10,0,-10,29.32159763936856,2:2,none,0,100,3,tesa,45,0,0,none,1,main,0.2829198489071013,25,3,134,7,40,5,63,1,0,1,Standard_1080p_30fps_15s
1079,0,p8x8,1,1.7703159785329992,1,10,1,7,29.32159763936856,-4:4,none,0,100,3,tesa,35,0,0,none,1,main,0.2829198489071013,25,3,141,7,29,5,63,1,0,1,Standard_1080p_30fps_15s
1079,0,p8x8,0,1.7703159785329992,1,10,1,-10,29.32159763936856,-4:4,none,0,100,3,tesa,35,0,0,none,1,main,0.2829198489071013,49,3,134,7,40,5,63,1,0,1,Standard_1080p_30fps_15s
1079,0,p8x8,2,0.296249058842245,1,10,1,-10,29.32159763936856,-4:4,none,0,304,3,tesa,45,0,0,none,1,main,0.2829198489071013,40,3,141,7,40,7,63,1,0,2,Standard_1080p_30fps_15s
1079,0,p8x8,0,1.7703159785329992,1,10,1,-10,29.32159763936856,-4:4,none,0,100,3,tesa,45,0,0,none,1,main,0.2829198489071013,25,3,141,7,62,5,63,1,0,1,Standard_1080p_30fps_15s
1079,0,p8x8,2,1.9962941833638503,1,10,1,-10,29.32159763936856,-4:4,temporal,0,100,3,tesa,45,0,0,none,1,main,0.9544631986942628,22,3,141,7,40,5,63,1,0,1,Standard_1080p_30fps_15s
1079,0,p8x8,1,1.7703159785329992,1,10,1,-2,29.32159763936856,-4:4,spatial,0,100,3,tesa,35,0,0,none,1,main,0.2829198489071013,25,3,141,7,29,5,63,1,0,1,Standard_1080p_30fps_15s
1079,0,p8x8,1,0.3579478781318949,1,10,0,-10,29.32159763936856,2:2,none,0,100,3,tesa,45,0,0,none,1,main,0.2829198489071013,25,3,141,7,29,5,63,1,0,1,Standard_1080p_30fps_15s
1079,0,p8x8,0,1.7703159785329992,1,10,1,-10,48.85261569194613,-4:4,temporal,0,316,3,tesa,45,1,0,none,1,main,0.9544631986942628,22,3,141,7,40,5,63,1,0,1,Standard_1080p_30fps_15s
1079,0,p8x8,2,1.9962941833638503,1,10,1,-10,29.32159763936856,-4:4,none,0,100,3,tesa,35,0,0,none,1,main,0.2829198489071013,49,3,134,7,40,5,63,0,0,1,Standard_1080p_30fps_15s
356,1,p8x8,2,0.296249058842245,1,1,1,-10,29.32159763936856,-4:4,none,0,304,3,tesa,45,0,0,none,1,main,0.2829198489071013,25,3,134,7,40,5,63,1,0,1,Standard_1080p_30fps_15s
2271,0,p4x4,2,0.296249058842245,1,10,1,-10,29.32159763936856,-4:4,none,0,304,3,tesa,8,0,0,cbr,1,main,0.2829198489071013,25,3,141,7,29,5,63,1,0,1,Standard_1080p_30fps_15s
1079,0,p8x8,2,1.1599928883229642,1,10,1,-10,29.32159763936856,-4:4,spatial,0,100,3,tesa,45,0,0,none,1,main,0.2419221212551045,25,3,141,7,29,5,63,1,0,1,Standard_1080p_30fps_15s
1079,0,p8x8,2,1.9962941833638503,1,10,0,-10,29.32159763936856,-4:4,temporal,0,100,3,tesa,45,1,1,none,1,main,0.2829198489071013,40,3,141,2,40,7,63,1,0,2,Standard_1080p_30fps_15s
1974,0,p4x4,2,0.8031596101194036,2,7,0,1,25.059861731496472,5:-5,auto,1,215,4,umh,10,0,0,cbr,1,baseline,0.6493532546000097,22,4,111,13,80,4,2,0,0,0,Still_image_480p_30fps_10s
1974,0,p4x4,2,0.8031596101194036,2,7,0,1,25.059861731496472,5:5,auto,1,215,4,umh,10,0,0,cbr,1,baseline,0.6493532546000097,22,4,111,13,80,4,2,0,0,0,Still_image_480p_30fps_10s
1974,0,p4x4,2,0.8031596101194036,2,7,0,1,25.059861731496472,3:-3,auto,1,215,4,umh,21,0,0,cbr,1,baseline,0.6493532546000097,22,4,111,13,80,4,2,0,0,0,Still_image_480p_30fps_10s
1079,0,p8x8,0,1.7703159785329992,1,7,0,1,25.059861731496472,5:-5,auto,1,215,4,umh,10,0,0,cbr,1,baseline,0.6493532546000097,22,4,111,3,80,0,2,0,0,0,Still_image_480p_30fps_10s
1079,0,p4x4,2,0.8031596101194036,1,10,0,-11,25.059861731496472,5:-5,auto,1,215,4,umh,10,0,0,cbr,1,baseline,0.6493532546000097,22,4,111,10,80,4,53,2,1,1,Still_image_480p_30fps_10s
1079,0,p8x8,3,1.7703159785329992,1,7,0,1,25.059861731496472,5:-5,auto,1,215,4,umh,10,0,0,cbr,1,baseline,0.6493532546000097,22,4,111,13,80,4,2,0,0,0,Still_image_480p_30fps_10s
1079,0,p8x8,3,1.7703159785329992,1,7,0,1,25.059861731496472,5:-5,auto,1,215,4,umh,10,1,0,cbr,1,baseline,0.6493532546000097,22,4,111,3,80,0,2,0,1,0,Still_image_480p_30fps_10s
1974,0,p4x4,2,0.8031596101194036,2,7,0,1,25.059861731496472,5:-5,auto,1,184,4,dia,10,0,0,cbr,1,baseline,0.6493532546000097,22,4,111,1,92,0,2,0,0,0,Still_image_480p_30fps_10s
1974,0,p4x4,2,0.8031596101194036,2,14,0,1,25.059861731496472,-3:3,auto,1,215,4,umh,10,0,0,cbr,1,baseline,0.6493532546000097,22,4,111,13,80,4,2,0,1,0,Still_image_480p_30fps_10s
1974,0,p4x4,2,0.8031596101194036,1,7,0,1,25.059861731496472,5:-5,auto,1,215,4,umh,10,0,0,cbr,1,baseline,0.6493532546000097,22,4,118,3,4,0,2,0,0,0,Still_image_480p_30fps_10s
1974,0,p4x4,2,0.8031596101194036,1,7,0,1,2.465200240574284,5:-5,auto,1,215,4,umh,10,0,0,cbr,1,main,0.6493532546000097,22,4,118,3,4,0,2,1,1,0,Still_image_480p_30fps_10s
1079,0,p4x4,2,0.8031596101194036,1,10,0,-11,25.059861731496472,5:-5,auto,1,215,4,umh,10,0,1,cbr,1,baseline,0.6493532546000097,32,4,111,10,80,4,2,0,0,0,Still_image_480p_30fps_10s
1974,0,p4x4,2,0.8031596101194036,2,7,0,1,25.059861731496472,3:-3,auto,1,215,4,dia,10,0,0,cbr,1,baseline,0.6493532546000097,22,4,111,3,80,0,2,0,0,0,Still_image_480p_30fps_10s
1079,0,p4x4,2,0.8031596101194036,1,10,0,-11,25.059861731496472,5:-5,auto,1,215,4,umh,10,0,0,cbr,1,baseline,0.6493532546000097,24,4,111,10,80,4,53,2,1,1,Still_image_480p_30fps_10s
1079,0,p8x8,0,0.5996335372457329,1,7,0,1,25.059861731496472,5:-5,auto,1,215,4,umh,10,0,0,cbr,1,baseline,0.6493532546000097,22,4,111,13,80,3,2,0,1,0,Still_image_480p_30fps_10s
1079,0,p8x8,1,0.956165893890632,1,14,0,1,25.059861731496472,-3:3,auto,1,215,3,umh,10,0,0,cbr,1,baseline,0.6493532546000097,25,4,111,13,80,4,2,0,1,0,Still_image_480p_30fps_10s
1079,0,p8x8,2,0.8031596101194036,2,7,0,1,25.059861731496472,5:-5,auto,1,184,4,dia,10,0,0,cbr,1,baseline,0.6493532546000097,22,4,111,1,92,0,2,0,0,0,Still_image_480p_30fps_10s
1974,1,p8x8,3,0.8031596101194036,2,7,0,1,25.059861731496472,5:5,auto,1,215,4,umh,10,0,0,cbr,1,baseline,0.6493532546000097,48,4,111,3,80,0,2,0,1,0,Still_image_480p_30fps_10s
1974,0,p4x4,2,0.8031596101194036,2,7,0,-3,25.059861731496472,5:-5,auto,1,184,2,dia,10,0,0,cbr,1,baseline,0.6493532546000097,22,4,111,1,57,0,2,0,1,0,Still_image_480p_30fps_10s
1974,0,p4x4,2,1.8907012527635672,2,7,0,1,25.059861731496472,3:-3,auto,1,215,4,hex,10,0,0,cbr,1,baseline,0.6493532546000097,22,4,73,2,80,0,43,0,0,0,Still_image_480p_30fps_10s
1079,0,p8x8,2,1.7703159785329992,1,10,1,-10,29.32159763936856,-4:4,none,0,100,3,tesa,45,0,0,none,1,main,0.2829198489071013,25,3,141,7,40,5,63,1,0,1,Standard_1080p_60fps_5s
1079,0,p8x8,2,1.7703159785329992,1,10,1,-10,29.32159763936856,-4:4,auto,0,100,3,tesa,45,0,0,none,1,main,0.9544631986942628,25,3,141,7,40,5,63,1,0,1,Standard_1080p_60fps_5s
1079,0,p8x8,0,1.7703159785329992,1,10,1,-10,29.32159763936856,-4:4,none,0,100,3,tesa,45,0,0,none,1,main,0.2829198489071013,25,3,141,7,29,5,63,1,0,1,Standard_1080p_60fps_5s
1079,0,p8x8,2,1.7703159785329992,1,10,1,-10,29.32159763936856,-4:4,none,0,100,3,tesa,45,0,0,none,1,main,0.2829198489071013,25,3,134,7,40,5,63,1,0,1,Standard_1080p_60fps_5s
1079,0,p8x8,1,1.7703159785329992,1,10,0,-10,29.32159763936856,2:2,none,0,100,3,tesa,45,0,0,none,1,main,0.2829198489071013,25,3,134,7,40,5,63,1,0,1,Standard_1080p_60fps_5s
1079,0,p8x8,1,1.7703159785329992,1,10,1,7,29.32159763936856,-4:4,none,0,100,3,tesa,35,0,0,none,1,main,0.2829198489071013,25,3,141,7,29,5,63,1,0,1,Standard_1080p_60fps_5s
1079,0,p8x8,2,1.9962941833638503,1,10,1,-10,29.32159763936856,-4:4,auto,0,100,3,tesa,45,0,0,none,1,main,0.9544631986942628,22,3,141,7,40,5,63,1,0,1,Standard_1080p_60fps_5s
1079,0,p8x8,0,1.7703159785329992,1,10,1,-3,29.32159763936856,-4:4,none,0,100,3,tesa,45,0,0,none,1,main,0.2829198489071013,25,3,141,7,29,5,63,1,0,1,Standard_1080p_60fps_5s
1079,0,p8x8,2,0.296249058842245,1,10,1,-10,29.32159763936856,-4:4,none,0,304,3,tesa,45,0,0,none,1,main,0.2829198489071013,40,3,141,7,40,7,63,1,0,2,Standard_1080p_60fps_5s
1079,0,p8x8,0,1.7703159785329992,1,10,1,-10,29.32159763936856,-4:4,none,0,100,3,tesa,35,0,0,none,1,main,0.2829198489071013,49,3,134,7,40,5,63,1,0,1,Standard_1080p_60fps_5s
1079,0,p8x8,1,1.7703159785329992,1,10,1,7,29.32159763936856,-4:4,none,1,100,3,tesa,35,0,0,none,1,main,0.2829198489071013,37,3,141,7,29,4,63,0,0,1,Standard_1080p_60fps_5s
1079,0,p8x8,2,1.7703159785329992,1,10,1,-10,29.32159763936856,-4:4,temporal,0,100,3,tesa,45,0,0,none,1,main,0.9544631986942628,25,3,141,7,40,7,63,1,0,2,Standard_1080p_60fps_5s
1079,0,p8x8,2,1.7703159785329992,1,10,1,-10,23.48588888635182,-4:4,auto,0,318,3,tesa,45,0,0,none,1,main,0.9544631986942628,25,3,141,7,40,5,63,1,0,1,Standard_1080p_60fps_5s
1079,0,p8x8,1,1.7703159785329992,1,10,1,-10,29.32159763936856,-4:4,none,0,100,3,tesa,45,0,0,none,1,main,0.9544631986942628,22,3,141,7,40,5,63,1,0,1,Standard_1080p_60fps_5s
1079,0,p8x8,2,1.7703159785329992,1,10,1,-10,29.32159763936856,-4:4,none,0,100,3,dia,35,0,0,none,1,main,0.7012005306320204,49,3,134,7,40,5,63,1,0,1,Standard_1080p_60fps_5s
1079,0,p8x8,2,1.7703159785329992,1,10,1,-10,29.32159763936856,-4:4,none,0,100,3,tesa,35,0,0,none,1,main,0.2829198489071013,49,3,134,7,40,5,63,1,0,1,Standard_1080p_60fps_5s
1079,0,p8x8,0,1.490142187578784,1,10,1,-10,12.68462232022378,-4:4,temporal,0,100,3,tesa,45,0,0,none,1,main,0.9544631986942628,25,3,141,7,40,5,63,2,0,1,Standard_1080p_60fps_5s
1079,0,p8x8,2,1.7703159785329992,1,7,1,-10,29.32159763936856,-4:4,auto,0,100,3,tesa,45,0,0,none,1,main,0.9544631986942628,25,3,141,7,40,4,63,0,0,1,Standard_1080p_60fps_5s
1079,0,p8x8,2,1.7703159785329992,1,10,0,-10,29.32159763936856,-4:4,temporal,0,100,3,tesa,63,0,0,none,1,main,0.9544631986942628,25,3,141,7,40,7,63,1,1,2,Standard_1080p_60fps_5s
1079,0,p8x8,0,1.7703159785329992,1,5,1,-10,29.32159763936856,-4:4,temporal,0,318,3,tesa,45,0,0,none,1,main,0.9544631986942628,25,3,141,7,40,5,63,1,0,1,Standard_1080p_60fps_5s
1974,0,p4x4,2,0.8031596101194036,2,7,0,1,25.059861731496472,5:-5,auto,1,184,4,dia,10,0,0,cbr,1,baseline,0.6493532546000097,22,4,111,1,92,0,2,0,0,0,Still_image_720p_30fps_15s
1974,0,p4x4,2,0.8031596101194036,2,7,0,1,25.059861731496472,5:-5,auto,1,215,4,umh,10,0,0,cbr,1,baseline,0.6493532546000097,22,4,111,13,80,4,2,0,0,0,Still_image_720p_30fps_15s
1079,0,p4x4,2,0.8031596101194036,1,10,0,-11,25.059861731496472,5:-5,auto,1,215,4,umh,10,0,0,cbr,1,baseline,0.6493532546000097,22,4,111,10,80,4,53,2,1,1,Still_image_720p_30fps_15s
1079,0,p8x8,0,1.7703159785329992,1,7,0,1,25.059861731496472,5:-5,auto,1,215,4,umh,10,0,0,cbr,1,baseline,0.6493532546000097,22,4,111,3,80,0,2,0,0,0,Still_image_720p_30fps_15s
1974,0,p4x4,2,0.8031596101194036,1,7,0,1,25.059861731496472,5:-5,auto,1,215,4,umh,10,0,0,cbr,1,baseline,0.6493532546000097,22,4,118,3,4,0,2,0,0,0,Still_image_720p_30fps_15s
1974,0,p4x4,2,0.8031596101194036,2,7,0,1,25.059861731496472,5:5,auto,1,215,4,umh,10,0,0,cbr,1,baseline,0.6493532546000097,22,4,111,13,80,4,2,0,0,0,Still_image_720p_30fps_15s
1974,0,p4x4,2,0.8031596101194036,2,14,0,1,25.059861731496472,-3:3,auto,1,215,4,umh,10,0,0,cbr,1,baseline,0.6493532546000097,22,4,111,13,80,4,2,0,1,0,Still_image_720p_30fps_15s
1079,0,p8x8,3,1.7703159785329992,1,7,0,1,25.059861731496472,5:-5,auto,1,215,4,umh,10,1,0,cbr,1,baseline,0.6493532546000097,22,4,111,3,80,0,2,0,1,0,Still_image_720p_30fps_15s
1079,0,p8x8,3,1.7703159785329992,1,7,0,1,25.059861731496472,5:-5,auto,1,215,4,umh,10,0,0,cbr,1,baseline,0.6493532546000097,22,4,111,13,80,4,2,0,0,0,Still_image_720p_30fps_15s
1974,0,p4x4,2,0.8031596101194036,2,7,0,1,25.059861731496472,3:-3,auto,1,215,4,umh,21,0,0,cbr,1,baseline,0.6493532546000097,22,4,111,13,80,4,2,0,0,0,Still_image_720p_30fps_15s
1974,0,p4x4,2,0.8031596101194036,2,7,0,1,25.059861731496472,5:-5,auto,1,215,4,esa,10,0,0,cbr,1,baseline,0.6493532546000097,22,4,111,13,80,1,2,0,0,0,Still_image_720p_30fps_15s
1974,0,p8x8,2,0.8031596101194036,2,7,0,1,25.059861731496472,5:5,auto,1,304,4,umh,10,0,0,cbr,1,baseline,0.6493532546000097,22,4,111,1,80,4,54,0,1,0,Still_image_720p_30fps_15s
1079,0,p4x4,2,0.8031596101194036,1,10,0,-11,25.059861731496472,5:-5,auto,1,215,4,umh,10,0,0,cbr,1,baseline,0.6493532546000097,22,4,118,3,4,0,2,0,0,1,Still_image_720p_30fps_15s
1079,0,p4x4,1,0.8031596101194036,1,10,0,-11,25.059861731496472,5:-5,auto,1,215,4,umh,10,0,0,cbr,1,baseline,0.6493532546000097,22,4,76,10,80,4,40,2,1,0,Still_image_720p_30fps_15s
1079,0,p4x4,2,0.8031596101194036,1,10,0,-11,25.059861731496472,5:-5,auto,1,215,2,umh,10,0,0,cbr,1,baseline,0.6493532546000097,22,4,111,1,80,4,54,0,0,0,Still_image_720p_30fps_15s
1974,0,p8x8,2,0.2122942780141058,2,7,0,-5,25.059861731496472,5:5,auto,1,304,4,umh,10,0,0,cbr,0,baseline,0.6493532546000097,22,4,118,3,4,0,2,0,0,1,Still_image_720p_30fps_15s
1079,0,p8x8,3,1.7703159785329992,2,7,0,1,8.036695522975073,5:-5,spatial,1,230,4,umh,10,0,0,cbr,1,baseline,0.6493532546000097,22,4,118,3,4,0,2,0,0,1,Still_image_720p_30fps_15s
1974,0,p8x8,3,1.7703159785329992,1,7,0,1,25.059861731496472,5:-5,auto,1,215,4,umh,10,1,0,cbr,1,baseline,0.6493532546000097,22,4,111,3,80,0,2,0,0,0,Still_image_720p_30fps_15s
1079,0,p8x8,1,1.7703159785329992,1,7,0,1,25.059861731496472,5:-5,auto,1,215,4,umh,10,0,0,cbr,1,baseline,0.6493532546000097,22,4,111,3,80,0,2,0,0,0,Still_image_720p_30fps_15s
1984,0,p8x8,2,0.2122942780141058,2,7,0,-5,25.059861731496472,5:5,auto,1,304,4,umh,10,1,0,cbr,0,baseline,0.6493532546000097,34,4,111,3,80,0,2,0,1,0,Still_image_720p_30fps_15s
1639,0,p4x4,2,0.8031596101194036,1,7,0,1,25.059861731496472,3:-3,auto,1,215,4,umh,21,0,0,cbr,1,baseline,0.6493532546000097,22,4,111,13,80,4,1,0,0,0,Action_480p_60fps_15s
1974,0,p4x4,1,0.8031596101194036,2,7,0,1,25.059861731496472,5:-5,auto,1,184,4,dia,10,0,0,cbr,1,baseline,0.084791151994838,22,4,111,5,92,0,2,0,1,0,Action_480p_60fps_15s
1974,0,p4x4,2,1.3617298251399643,2,7,0,1,25.059861731496472,5:-5,auto,1,215,4,umh,10,0,0,cbr,1,baseline,0.6493532546000097,22,4,111,13,80,4,2,0,0,0,Action_480p_60fps_15s
1974,0,p4x4,2,0.8031596101194036,2,7,0,1,25.059861731496472,5:-5,auto,1,215,4,umh,10,0,0,cbr,1,baseline,0.6493532546000097,22,4,111,13,80,4,2,0,0,0,Action_480p_60fps_15s
1079,0,p8x8,0,1.7703159785329992,1,7,0,1,25.059861731496472,5:-5,auto,1,215,4,umh,10,0,0,cbr,1,baseline,0.6493532546000097,22,4,111,3,80,0,2,0,0,0,Action_480p_60fps_15s
1974,0,p4x4,2,0.8031596101194036,2,7,0,1,25.059861731496472,5:-5,auto,1,184,4,dia,10,0,0,cbr,1,baseline,0.6493532546000097,22,4,111,1,92,0,2,0,0,0,Action_480p_60fps_15s
1974,0,p4x4,2,0.8031596101194036,2,7,0,1,25.059861731496472,3:-3,auto,1,215,4,umh,21,0,0,cbr,1,baseline,0.6493532546000097,22,4,111,13,80,4,2,0,0,0,Action_480p_60fps_15s
1079,0,p4x4,2,0.8031596101194036,1,10,0,-11,25.059861731496472,5:-5,auto,1,215,4,umh,10,0,0,cbr,1,baseline,0.6493532546000097,22,4,111,10,80,4,53,2,1,1,Action_480p_60fps_15s
1079,0,p8x8,3,1.7703159785329992,1,7,0,1,25.059861731496472,5:-5,auto,1,215,4,umh,10,0,0,cbr,1,baseline,0.6493532546000097,22,4,111,13,80,4,2,0,0,0,Action_480p_60fps_15s
1079,0,none,3,1.9748663738410028,1,4,0,1,25.059861731496472,3:-3,auto,1,215,4,umh,10,0,0,cbr,1,baseline,0.6493532546000097,22,4,111,13,80,4,2,0,0,0,Action_480p_60fps_15s
1079,0,none,3,1.9748663738410028,1,4,0,10,25.059861731496472,3:-3,auto,1,215,4,umh,10,0,0,cbr,1,baseline,0.6493532546000097,22,4,111,8,80,4,2,0,0,0,Action_480p_60fps_15s
1079,0,none,3,1.9748663738410028,1,4,0,1,14.22241095425906,3:-3,auto,1,215,3,umh,10,0,0,cbr,1,baseline,0.6493532546000097,22,4,111,13,80,4,2,0,0,0,Action_480p_60fps_15s
1974,0,all,2,1.3617298251399643,2,7,0,1,21.14524366413679,5:-5,auto,1,215,4,umh,10,0,0,cbr,1,baseline,0.6493532546000097,22,4,111,3,47,10,2,0,0,0,Action_480p_60fps_15s
1079,0,none,3,1.9748663738410028,1,4,0,1,25.059861731496472,3:-3,auto,1,215,4,umh,10,0,0,cbr,1,baseline,0.084791151994838,22,4,111,5,92,0,2,0,1,0,Action_480p_60fps_15s
1492,0,none,3,1.9748663738410028,1,4,0,10,25.059861731496472,3:-3,auto,1,215,2,umh,10,0,0,cbr,1,baseline,0.6493532546000097,22,4,111,8,12,4,2,0,1,0,Action_480p_60fps_15s
1639,0,p4x4,2,0.8031596101194036,1,7,0,4,25.059861731496472,3:-3,auto,1,215,4,umh,21,0,0,cbr,1,baseline,0.6493532546000097,22,4,111,5,92,0,2,0,1,0,Action_480p_60fps_15s
1079,0,p4x4,2,1.4487631010024993,2,7,0,1,25.059861731496472,5:-5,auto,1,422,4,umh,10,0,0,cbr,1,baseline,0.6493532546000097,22,4,111,13,80,4,2,0,0,0,Action_480p_60fps_15s
1079,0,p8x8,0,1.0512073306895502,1,7,0,1,29.75409686741165,5:-5,auto,1,215,4,umh,10,0,0,cbr,1,baseline,0.084791151994838,22,4,111,5,92,0,2,0,1,0,Action_480p_60fps_15s
1079,0,none,3,0.2731552411346551,1,4,0,1,25.059861731496472,3:-3,auto,1,215,4,umh,10,0,0,cbr,1,baseline,0.6493532546000097,22,4,111,13,80,4,2,0,0,1,Action_480p_60fps_15s
1974,0,p4x4,2,0.8031596101194036,2,7,0,1,25.059861731496472,3:-3,auto,1,215,4,umh,10,0,0,cbr,1,baseline,0.6493532546000097,22,4,171,13,80,4,2,0,0,0,Action_480p_60fps_15s
1079,0,p8x8,2,1.7703159785329992,1,10,1,-10,29.32159763936856,-4:4,auto,0,100,3,tesa,45,0,0,none,1,main,0.9544631986942628,25,3,141,7,40,5,63,1,0,1,Still_image_720p_60fps_20s
1079,0,p8x8,2,1.7703159785329992,1,10,1,-10,29.32159763936856,-4:4,none,0,100,3,tesa,45,0,0,none,1,main,0.2829198489071013,25,3,134,7,40,5,63,1,0,1,Still_image_720p_60fps_20s
1079,0,p8x8,2,1.7703159785329992,1,10,1,-10,29.32159763936856,-4:4,none,0,100,3,tesa,45,0,0,none,1,main,0.2829198489071013,25,3,141,7,40,5,63,1,0,1,Still_image_720p_60fps_20s
1079,0,p8x8,0,1.7703159785329992,1,10,1,-10,29.32159763936856,-4:4,none,0,100,3,tesa,45,0,0,none,1,main,0.2829198489071013,25,3,141,7,29,5,63,1,0,1,Still_image_720p_60fps_20s
1079,0,p8x8,1,1.7703159785329992,1,10,0,-10,29.32159763936856,2:2,none,0,100,3,tesa,45,0,0,none,1,main,0.2829198489071013,25,3,134,7,40,5,63,1,0,1,Still_image_720p_60fps_20s
1079,0,p8x8,0,1.7703159785329992,1,10,1,-3,29.32159763936856,-4:4,none,0,100,3,tesa,45,0,0,none,1,main,0.2829198489071013,25,3,141,7,29,5,63,1,0,1,Still_image_720p_60fps_20s
1079,0,p8x8,0,1.7703159785329992,1,10,1,-10,29.32159763936856,-4:4,none,0,100,3,tesa,35,0,0,none,1,main,0.2829198489071013,49,3,134,7,40,5,63,1,0,1,Still_image_720p_60fps_20s
1079,0,p8x8,1,1.7703159785329992,1,10,1,7,29.32159763936856,-4:4,none,0,100,3,tesa,35,0,0,none,1,main,0.2829198489071013,25,3,141,7,29,5,63,1,0,1,Still_image_720p_60fps_20s
1079,0,p8x8,2,0.296249058842245,1,10,1,-10,29.32159763936856,-4:4,none,0,304,3,tesa,45,0,0,none,1,main,0.2829198489071013,40,3,141,7,40,7,63,1,0,2,Still_image_720p_60fps_20s
1079,0,p8x8,2,1.9962941833638503,1,10,1,-10,29.32159763936856,-4:4,auto,0,100,3,tesa,45,0,0,none,1,main,0.9544631986942628,22,3,141,7,40,5,63,1,0,1,Still_image_720p_60fps_20s
1079,0,p8x8,2,1.7703159785329992,1,10,0,2,29.32159763936856,-4:4,none,0,304,3,tesa,27,0,0,none,1,main,0.2829198489071013,40,3,141,7,40,7,63,1,0,1,Still_image_720p_60fps_20s
1079,0,p8x8,2,0.296249058842245,1,10,1,-10,29.32159763936856,-4:4,none,0,100,3,tesa,45,0,0,cbr,1,main,0.8932995491677407,25,3,134,7,40,5,51,1,0,1,Still_image_720p_60fps_20s
1079,0,p8x8,2,0.296249058842245,1,10,1,-10,29.32159763936856,-4:4,none,0,304,3,hex,45,0,0,none,1,main,0.5852754651947518,25,3,141,7,40,5,63,1,0,1,Still_image_720p_60fps_20s
1079,0,p8x8,2,0.296249058842245,1,10,1,-10,29.32159763936856,-4:4,none,0,100,3,tesa,45,0,0,cbr,1,main,0.2829198489071013,25,3,134,7,40,5,63,0,0,1,Still_image_720p_60fps_20s
1079,0,p8x8,2,1.7703159785329992,1,10,0,-5,29.32159763936856,-4:4,none,0,304,3,tesa,27,0,0,none,1,main,0.2829198489071013,40,3,141,7,40,7,63,1,0,1,Still_image_720p_60fps_20s
1079,0,p8x8,2,0.296249058842245,1,10,1,-10,29.32159763936856,-4:4,none,0,100,3,tesa,45,0,0,none,1,main,0.7679620017882163,40,3,141,7,40,7,53,1,0,1,Still_image_720p_60fps_20s
1079,0,p8x8,2,1.7703159785329992,1,10,0,2,29.32159763936856,-4:4,none,0,304,3,tesa,39,0,0,none,1,main,0.8932995491677407,25,3,134,7,40,5,51,1,0,1,Still_image_720p_60fps_20s
1079,0,p8x8,2,1.7703159785329992,1,10,1,-10,29.32159763936856,-4:4,none,0,100,3,tesa,45,0,0,none,1,main,0.2829198489071013,40,3,141,7,40,7,63,1,0,1,Still_image_720p_60fps_20s
1079,0,p8x8,2,0.296249058842245,1,10,1,-10,29.32159763936856,-4:4,none,0,304,3,tesa,45,1,0,none,1,main,0.2829198489071013,25,3,134,7,40,5,63,1,0,1,Still_image_720p_60fps_20s
1079,0,p8x8,1,1.7703159785329992,1,10,1,-10,29.32159763936856,2:2,none,0,100,3,tesa,35,0,0,none,1,main,0.2829198489071013,22,3,134,7,40,5,63,1,0,1,Still_image_720p_60fps_20s
1079,0,p8x8,2,0.296249058842245,1,10,1,-10,29.32159763936856,-4:4,spatial,0,100,3,tesa,45,0,0,vbr,0,baseline,0.6493532546000097,48,11,92,2,92,0,2,0,0,0,Action_1080p_25fps_15s
1079,0,p8x8,0,1.7703159785329992,0,10,1,-10,29.32159763936856,-4:4,spatial,1,100,3,tesa,45,0,0,vbr,0,baseline,0.6493532546000097,48,11,92,2,92,0,2,0,0,0,Action_1080p_25fps_15s
1079,0,p8x8,2,0.296249058842245,1,10,1,-10,29.32159763936856,-4:4,spatial,0,100,2,tesa,45,0,0,vbr,0,baseline,0.6705983779139622,48,11,92,2,92,0,11,0,0,0,Action_1080p_25fps_15s
1974,0,p8x8,2,0.296249058842245,1,10,1,-10,29.32159763936856,-4:4,spatial,0,100,3,tesa,45,0,0,vbr,1,baseline,0.6493532546000097,48,11,92,2,92,0,2,0,0,0,Action_1080p_25fps_15s
1079,0,p8x8,2,1.7703159785329992,0,10,1,-10,29.32159763936856,-4:4,spatial,1,100,1,tesa,45,0,0,vbr,0,baseline,0.6493532546000097,48,11,92,2,92,0,11,0,0,0,Action_1080p_25fps_15s
1079,0,p8x8,2,0.296249058842245,1,10,1,-10,29.32159763936856,-4:4,spatial,1,100,2,tesa,45,0,0,vbr,0,baseline,0.6705983779139622,48,18,92,2,92,0,2,0,0,0,Action_1080p_25fps_15s
1079,0,p8x8,3,1.7703159785329992,1,7,0,1,25.059861731496472,5:-5,auto,1,215,4,umh,10,0,0,cbr,1,baseline,0.6493532546000097,22,4,111,13,80,4,2,0,0,0,Action_1080p_25fps_15s
1079,0,p4x4,2,0.8031596101194036,1,10,0,-11,25.059861731496472,5:-5,auto,1,215,4,umh,10,0,0,cbr,1,baseline,0.6493532546000097,22,4,111,10,80,4,53,2,1,1,Action_1080p_25fps_15s
1974,0,p4x4,2,0.8031596101194036,2,7,0,1,25.059861731496472,5:-5,auto,1,215,4,umh,10,0,0,cbr,1,baseline,0.6493532546000097,22,4,111,13,80,4,2,0,0,0,Action_1080p_25fps_15s
1974,0,p4x4,2,0.8031596101194036,2,7,0,1,25.059861731496472,5:5,auto,1,215,4,umh,10,0,0,cbr,1,baseline,0.6493532546000097,22,4,111,13,80,4,2,0,0,0,Action_1080p_25fps_15s
1079,0,p8x8,3,1.7703159785329992,1,7,0,1,25.059861731496472,5:-5,auto,1,215,4,umh,10,1,0,cbr,1,baseline,0.6493532546000097,22,4,111,3,80,0,2,0,1,0,Action_1080p_25fps_15s
1974,0,p4x4,2,0.8031596101194036,2,14,0,1,25.059861731496472,-3:3,auto,1,215,4,umh,10,0,0,cbr,1,baseline,0.6493532546000097,22,4,111,13,80,4,2,0,1,0,Action_1080p_25fps_15s
1974,0,p4x4,2,0.8031596101194036,2,7,0,1,25.059861731496472,5:-5,auto,1,184,4,dia,10,0,0,cbr,1,baseline,0.6493532546000097,22,4,111,1,92,0,2,0,0,0,Action_1080p_25fps_15s
1974,0,p4x4,2,0.8031596101194036,2,7,0,1,25.059861731496472,3:-3,auto,1,215,4,umh,21,0,0,cbr,1,baseline,0.6493532546000097,22,4,111,13,80,4,2,0,0,0,Action_1080p_25fps_15s
1079,0,p8x8,0,1.7703159785329992,1,7,0,1,25.059861731496472,5:-5,auto,1,215,4,umh,10,0,0,cbr,1,baseline,0.6493532546000097,22,4,111,3,80,0,2,0,0,0,Action_1080p_25fps_15s
1974,0,p4x4,2,0.8031596101194036,1,7,0,1,25.059861731496472,5:-5,auto,1,215,4,umh,10,0,0,cbr,1,baseline,0.6493532546000097,22,4,118,3,4,0,2,0,0,0,Action_1080p_25fps_15s
1079,0,p4x4,2,0.8031596101194036,1,10,0,-11,25.059861731496472,5:-5,auto,1,215,4,umh,10,1,0,cbr,1,baseline,0.6493532546000097,25,4,111,1,92,0,2,0,1,0,Action_1080p_25fps_15s
1974,0,p4x4,2,0.8031596101194036,2,7,0,1,25.059861731496472,3:-3,auto,1,215,4,esa,21,0,0,cbr,1,baseline,0.6493532546000097,22,11,92,2,92,0,2,0,0,0,Action_1080p_25fps_15s
1974,0,p4x4,2,0.8031596101194036,2,9,0,1,25.059861731496472,3:-3,auto,1,215,4,umh,21,0,0,cbr,1,baseline,0.6493532546000097,22,4,111,13,80,4,2,0,0,0,Action_1080p_25fps_15s
1181,0,p8x8,2,0.8031596101194036,2,14,0,1,25.059861731496472,-3:3,auto,1,215,4,umh,10,0,0,cbr,1,baseline,0.6493532546000097,22,4,111,13,80,4,2,0,1,0,Action_1080p_25fps_15s
1079,0,p8x8,2,1.7703159785329992,1,10,1,-10,29.32159763936856,-4:4,none,0,100,3,tesa,45,0,0,none,1,main,0.2829198489071013,25,3,134,7,40,5,63,1,0,1,Standard_720p_60fps_15s
1079,0,p8x8,2,1.7703159785329992,1,10,1,-10,29.32159763936856,-4:4,auto,0,100,3,tesa,45,0,0,none,1,main,0.9544631986942628,25,3,141,7,40,5,63,1,0,1,Standard_720p_60fps_15s
1079,0,p8x8,2,1.7703159785329992,1,10,1,-10,29.32159763936856,-4:4,none,0,100,3,tesa,45,0,0,none,1,main,0.2829198489071013,25,3,141,7,40,5,63,1,0,1,Standard_720p_60fps_15s
1079,0,p8x8,1,1.7703159785329992,1,10,0,-10,29.32159763936856,2:2,none,0,100,3,tesa,45,0,0,none,1,main,0.2829198489071013,25,3,134,7,40,5,63,1,0,1,Standard_720p_60fps_15s
1079,0,p8x8,0,1.7703159785329992,1,10,1,-10,29.32159763936856,-4:4,none,0,100,3,tesa,45,0,0,none,1,main,0.2829198489071013,25,3,141,7,29,5,63,1,0,1,Standard_720p_60fps_15s
1079,0,p8x8,0,1.7703159785329992,1,10,1,-3,29.32159763936856,-4:4,none,0,100,3,tesa,45,0,0,none,1,main,0.2829198489071013,25,3,141,7,29,5,63,1,0,1,Standard_720p_60fps_15s
1079,0,p8x8,2,1.9962941833638503,1,10,1,-10,29.32159763936856,-4:4,auto,0,100,3,tesa,45,0,0,none,1,main,0.9544631986942628,22,3,141,7,40,5,63,1,0,1,Standard_720p_60fps_15s
1079,0,p8x8,1,1.7703159785329992,1,10,1,7,29.32159763936856,-4:4,none,0,100,3,tesa,35,0,0,none,1,main,0.2829198489071013,25,3,141,7,29,5,63,1,0,1,Standard_720p_60fps_15s
1079,0,p8x8,1,1.7703159785329992,1,10,0,-10,29.32159763936856,2:2,none,0,100,3,tesa,45,1,0,none,1,main,0.2829198489071013,26,12,134,7,40,5,63,1,0,1,Standard_720p_60fps_15s
1079,0,p8x8,2,1.7209176996644684,1,10,1,-10,29.32159763936856,-4:4,none,0,100,3,tesa,31,0,0,none,1,main,0.2829198489071013,25,3,134,7,40,5,63,1,0,1,Standard_720p_60fps_15s
1079,0,p8x8,1,1.7703159785329992,1,10,0,-6,29.32159763936856,2:2,none,0,100,3,tesa,28,0,0,none,1,main,0.2829198489071013,25,3,134,7,40,5,63,1,0,2,Standard_720p_60fps_15s
1079,0,p8x8,1,1.7703159785329992,1,10,1,2,29.32159763936856,-4:4,none,0,100,3,tesa,35,0,0,none,1,main,0.2829198489071013,25,3,141,7,29,5,63,1,0,1,Standard_720p_60fps_15s
1079,0,p8x8,0,1.7703159785329992,1,10,1,-10,34.65852979106207,-4:4,none,0,100,3,tesa,45,0,0,none,1,main,0.8227454218802388,25,3,141,7,29,5,63,1,0,1,Standard_720p_60fps_15s
1079,0,p8x8,3,1.7703159785329992,1,7,0,1,25.059861731496472,5:-5,temporal,1,100,3,tesa,35,0,0,none,1,main,0.2829198489071013,25,3,141,7,29,5,63,1,0,1,Standard_720p_60fps_15s
1079,0,p8x8,0,1.7703159785329992,1,10,1,-10,29.32159763936856,-4:4,none,0,100,3,tesa,45,0,0,none,1,main,0.9544631986942628,25,3,141,7,40,7,63,2,0,1,Standard_720p_60fps_15s
1079,0,p8x8,2,1.9962941833638503,1,10,0,-10,29.32159763936856,-3:3,auto,0,100,3,tesa,45,0,0,none,1,main,0.9544631986942628,25,3,141,7,40,0,63,2,1,1,Standard_720p_60fps_15s
1079,0,p8x8,3,1.7703159785329992,2,10,1,-3,29.32159763936856,-4:4,none,0,100,3,tesa,45,0,0,none,1,main,0.2829198489071013,25,3,141,7,29,5,63,1,0,1,Standard_720p_60fps_15s
1595,0,p8x8,3,1.7703159785329992,1,7,0,1,25.059861731496472,5:-5,temporal,1,100,3,tesa,35,0,0,none,1,main,0.2829198489071013,25,3,141,10,29,5,63,1,0,1,Standard_720p_60fps_15s
1079,0,p8x8,3,1.942548073283028,1,7,0,-10,29.32159763936856,-5:5,auto,0,100,3,tesa,45,0,0,none,1,main,0.9544631986942628,25,0,141,7,40,5,63,1,0,1,Standard_720p_60fps_15s
1079,0,p8x8,2,1.7703159785329992,2,10,1,1,25.059861731496472,5:-5,temporal,1,100,3,tesa,35,0,0,none,1,main,0.2829198489071013,25,3,141,7,29,5,63,1,0,1,Standard_720p_60fps_15s
1079,0,p8x8,2,1.7703159785329992,1,10,1,-10,29.32159763936856,-4:4,auto,0,100,3,tesa,45,0,0,none,1,main,0.9544631986942628,25,3,141,7,40,5,63,1,0,1,Standard_1080p_25fps_20s
1079,0,p8x8,2,1.7703159785329992,1,10,1,-10,29.32159763936856,-4:4,none,0,100,3,tesa,45,0,0,none,1,main,0.2829198489071013,25,3,134,7,40,5,63,1,0,1,Standard_1080p_25fps_20s
1079,0,p8x8,2,1.7703159785329992,1,10,1,-10,29.32159763936856,-4:4,none,0,100,3,tesa,45,0,0,none,1,main,0.2829198489071013,25,3,141,7,40,5,63,1,0,1,Standard_1080p_25fps_20s
1079,0,p8x8,0,1.7703159785329992,1,10,1,-10,29.32159763936856,-4:4,none,0,100,3,tesa,45,0,0,none,1,main,0.2829198489071013,25,3,141,7,29,5,63,1,0,1,Standard_1080p_25fps_20s
1079,0,p8x8,2,0.296249058842245,1,10,1,-10,29.32159763936856,-4:4,none,0,304,3,tesa,45,0,0,none,1,main,0.2829198489071013,40,3,141,7,40,7,63,1,0,2,Standard_1080p_25fps_20s
1079,0,p8x8,1,1.7703159785329992,1,10,0,-10,29.32159763936856,2:2,none,0,100,3,tesa,45,0,0,none,1,main,0.2829198489071013,25,3,134,7,40,5,63,1,0,1,Standard_1080p_25fps_20s
1079,0,p8x8,0,1.7703159785329992,1,10,1,-3,29.32159763936856,-4:4,none,0,100,3,tesa,45,0,0,none,1,main,0.2829198489071013,25,3,141,7,29,5,63,1,0,1,Standard_1080p_25fps_20s
1079,0,p8x8,2,1.9962941833638503,1,10,1,-10,29.32159763936856,-4:4,auto,0,100,3,tesa,45,0,0,none,1,main,0.9544631986942628,22,3,141,7,40,5,63,1,0,1,Standard_1080p_25fps_20s
1079,0,p8x8,0,1.7703159785329992,1,10,1,-10,29.32159763936856,-4:4,none,0,100,3,tesa,35,0,0,none,1,main,0.2829198489071013,49,3,134,7,40,5,63,1,0,1,Standard_1080p_25fps_20s
1079,0,p8x8,1,1.7703159785329992,1,10,1,7,29.32159763936856,-4:4,none,0,100,3,tesa,35,0,0,none,1,main,0.2829198489071013,25,3,141,7,29,5,63,1,0,1,Standard_1080p_25fps_20s
1079,0,p8x8,2,0.296249058842245,1,10,1,-10,29.32159763936856,-4:4,none,0,100,3,umh,45,0,0,none,1,main,0.2829198489071013,25,3,134,7,40,5,63,1,0,1,Standard_1080p_25fps_20s
1079,0,p8x8,2,0.296249058842245,1,10,1,-10,29.32159763936856,-4:4,auto,0,100,4,tesa,45,0,0,none,1,baseline,0.9544631986942628,25,3,141,7,40,5,63,1,0,1,Standard_1080p_25fps_20s
1079,0,p8x8,0,1.7703159785329992,1,10,1,-10,29.32159763936856,-4:4,none,0,100,3,tesa,45,0,0,none,1,main,0.2829198489071013,25,3,141,7,29,5,63,0,0,2,Standard_1080p_25fps_20s
1125,0,p8x8,2,1.7703159785329992,1,10,1,-10,29.32159763936856,-4:4,temporal,0,100,3,tesa,45,1,0,none,1,main,0.2829198489071013,25,19,141,7,29,5,63,1,1,1,Standard_1080p_25fps_20s
1079,0,p8x8,2,1.7703159785329992,1,10,1,-10,29.32159763936856,-4:4,none,0,100,3,tesa,45,0,0,none,1,main,0.2829198489071013,25,3,141,7,29,5,63,1,0,1,Standard_1080p_25fps_20s
1079,0,p8x8,0,1.7703159785329992,1,10,0,-10,29.32159763936856,-4:4,none,0,100,0,tesa,45,0,0,none,1,main,0.2829198489071013,25,3,141,7,29,5,63,1,0,1,Standard_1080p_25fps_20s
1079,0,p8x8,1,1.7703159785329992,1,10,0,7,29.32159763936856,-4:4,temporal,1,341,3,tesa,35,0,0,none,1,main,0.2829198489071013,25,3,141,7,29,5,63,1,0,1,Standard_1080p_25fps_20s
1079,0,p8x8,1,1.9962941833638503,1,10,1,-10,29.32159763936856,-4:4,auto,0,100,3,tesa,45,0,0,none,1,main,0.9544631986942628,22,13,46,7,40,5,63,1,0,1,Standard_1080p_25fps_20s
2105,0,p8x8,2,0.6798713829108992,1,10,1,-10,29.32159763936856,2:-2,none,0,100,3,tesa,45,0,0,none,1,main,0.2829198489071013,25,3,141,9,29,5,63,0,0,2,Standard_1080p_25fps_20s
1079,0,p8x8,1,1.7703159785329992,1,10,0,-10,29.32159763936856,2:2,none,0,100,1,tesa,45,0,0,none,1,main,0.2829198489071013,25,3,134,7,40,5,63,1,0,1,Standard_1080p_25fps_20s
1079,0,p8x8,0,1.7703159785329992,1,10,1,-10,29.32159763936856,-4:4,none,0,100,3,tesa,45,0,0,none,1,main,0.2829198489071013,25,3,141,7,29,5,63,1,0,1,Action_1080p_30fps_15s
1079,0,p8x8,2,1.7703159785329992,1,10,1,-10,29.32159763936856,-4:4,none,0,100,3,tesa,45,0,0,none,1,main,0.2829198489071013,25,3,134,7,40,5,63,1,0,1,Action_1080p_30fps_15s
1079,0,p8x8,2,1.7703159785329992,1,10,1,-10,29.32159763936856,-4:4,auto,0,100,3,tesa,45,0,0,none,1,main,0.9544631986942628,25,3,141,7,40,5,63,1,0,1,Action_1080p_30fps_15s
1079,0,p8x8,2,1.7703159785329992,1,10,1,-10,29.32159763936856,-4:4,none,0,100,3,tesa,45,0,0,none,1,main,0.2829198489071013,25,3,141,7,40,5,63,1,0,1,Action_1080p_30fps_15s
1079,0,p8x8,0,1.7703159785329992,1,10,1,-10,29.32159763936856,-4:4,none,0,100,3,tesa,45,0,0,none,1,main,0.2829198489071013,25,3,141,7,29,5,63,0,0,2,Action_1080p_30fps_15s
1079,0,p8x8,2,0.296249058842245,1,10,1,-10,29.32159763936856,-4:4,auto,0,100,4,tesa,45,0,0,none,1,baseline,0.9544631986942628,25,3,141,7,40,5,63,1,0,1,Action_1080p_30fps_15s
1079,0,p8x8,2,0.296249058842245,1,10,1,-10,29.32159763936856,-4:4,none,0,100,3,umh,45,0,0,none,1,main,0.2829198489071013,25,3,134,7,40,5,63,1,0,1,Action_1080p_30fps_15s
1079,0,p8x8,0,1.7703159785329992,1,10,1,-3,29.32159763936856,-4:4,none,0,100,3,tesa,45,0,0,none,1,main,0.2829198489071013,25,3,141,7,29,5,63,1,0,1,Action_1080p_30fps_15s
1079,0,p8x8,2,1.7703159785329992,1,5,1,-5,29.32159763936856,-4:4,none,0,100,3,tesa,45,0,0,none,1,main,0.2829198489071013,25,3,141,6,29,5,63,1,0,1,Action_1080p_30fps_15s
1079,0,p8x8,0,1.7703159785329992,1,10,1,-10,29.32159763936856,-4:4,none,0,100,3,tesa,35,0,0,none,1,main,0.2829198489071013,49,3,134,7,40,5,63,1,0,1,Action_1080p_30fps_15s
1079,0,p8x8,1,1.7703159785329992,1,10,0,-10,29.32159763936856,2:2,none,0,100,3,tesa,45,0,0,none,1,main,0.2829198489071013,25,3,134,7,40,5,63,1,0,1,Action_1080p_30fps_15s
1079,0,p8x8,1,1.7703159785329992,1,10,1,7,29.32159763936856,-4:4,none,0,100,3,tesa,35,0,0,none,1,main,0.2829198489071013,25,3,141,7,29,5,63,1,0,1,Action_1080p_30fps_15s
1079,0,p8x8,2,1.7703159785329992,1,10,1,-10,29.32159763936856,-4:4,none,0,100,3,tesa,45,0,0,none,1,main,0.2829198489071013,32,3,134,7,40,5,63,1,0,1,Action_1080p_30fps_15s
1079,0,p8x8,0,1.7703159785329992,1,10,1,-5,29.32159763936856,-4:4,none,0,100,3,tesa,45,0,0,none,1,main,0.2829198489071013,25,19,141,7,29,5,63,0,0,2,Action_1080p_30fps_15s
1079,0,p8x8,2,1.7703159785329992,1,10,1,-10,29.32159763936856,-4:4,none,0,100,3,tesa,45,0,0,none,1,main,0.1190618691588216,51,3,141,7,29,5,63,1,0,1,Action_1080p_30fps_15s
1079,0,p8x8,1,1.7703159785329992,1,10,1,-10,29.32159763936856,-4:4,none,0,100,3,tesa,45,0,0,none,1,main,0.2829198489071013,32,3,134,7,40,5,63,1,0,1,Action_1080p_30fps_15s
1079,0,p8x8,2,1.7703159785329992,1,10,1,-10,29.32159763936856,-4:4,temporal,0,100,3,tesa,45,0,0,none,0,main,0.2829198489071013,40,3,113,7,40,5,63,1,0,1,Action_1080p_30fps_15s
1079,0,p8x8,0,1.7703159785329992,1,10,0,-10,29.32159763936856,-4:4,none,0,100,3,dia,45,0,0,none,1,main,0.2829198489071013,25,3,141,7,40,5,63,1,0,1,Action_1080p_30fps_15s
1079,0,p8x8,2,1.7703159785329992,1,10,0,-10,41.14745766874448,-4:4,none,0,100,3,tesa,45,0,0,none,1,main,0.2829198489071013,25,3,141,7,29,5,63,2,0,2,Action_1080p_30fps_15s
1079,0,p8x8,0,1.7703159785329992,1,10,1,-5,29.32159763936856,-4:4,none,0,100,3,tesa,45,0,0,none,1,main,0.2829198489071013,25,3,141,7,29,5,63,1,0,1,Action_1080p_30fps_15s
1079,0,p4x4,2,0.8031596101194036,1,10,0,-11,25.059861731496472,5:-5,auto,1,215,4,umh,10,0,0,cbr,1,baseline,0.6493532546000097,22,4,111,10,80,4,53,2,1,1,Still_image_720p_60fps_15s
1974,0,p4x4,2,0.8031596101194036,2,7,0,1,25.059861731496472,5:-5,auto,1,215,4,umh,10,0,0,cbr,1,baseline,0.6493532546000097,22,4,111,13,80,4,2,0,0,0,Still_image_720p_60fps_15s
1079,0,p8x8,3,1.7703159785329992,1,7,0,1,25.059861731496472,5:-5,auto,1,215,4,umh,10,0,0,cbr,1,baseline,0.6493532546000097,22,4,111,13,80,4,2,0,0,0,Still_image_720p_60fps_15s
1974,0,p4x4,2,0.8031596101194036,2,7,0,1,25.059861731496472,5:5,auto,1,215,4,umh,10,0,0,cbr,1,baseline,0.6493532546000097,22,4,111,13,80,4,2,0,0,0,Still_image_720p_60fps_15s
1079,0,p8x8,0,1.7703159785329992,1,7,0,1,25.059861731496472,5:-5,auto,1,215,4,umh,10,0,0,cbr,1,baseline,0.6493532546000097,22,4,111,3,80,0,2,0,0,0,Still_image_720p_60fps_15s
1974,0,p4x4,2,0.8031596101194036,2,7,0,1,25.059861731496472,5:-5,auto,1,184,4,dia,10,0,0,cbr,1,baseline,0.6493532546000097,22,4,111,1,92,0,2,0,0,0,Still_image_720p_60fps_15s
1974,0,p4x4,2,0.8031596101194036,2,7,0,1,25.059861731496472,3:-3,auto,1,215,4,umh,21,0,0,cbr,1,baseline,0.6493532546000097,22,4,111,13,80,4,2,0,0,0,Still_image_720p_60fps_15s
1079,0,none,3,1.9748663738410028,1,4,0,1,25.059861731496472,3:-3,auto,1,215,4,umh,10,0,0,cbr,1,baseline,0.6493532546000097,22,4,111,13,80,4,2,0,0,0,Still_image_720p_60fps_15s
1974,0,p4x4,2,1.3617298251399643,2,7,0,1,25.059861731496472,5:-5,auto,1,215,4,umh,10,0,0,cbr,1,baseline,0.6493532546000097,22,4,111,13,80,4,2,0,0,0,Still_image_720p_60fps_15s
1079,0,p4x4,2,0.8031596101194036,1,10,0,-11,2.8195556672021445,5:-5,auto,1,215,4,umh,10,0,0,cbr,1,baseline,0.6493532546000097,46,4,111,13,80,4,2,0,0,0,Still_image_720p_60fps_15s
1974,0,p4x4,2,0.8031596101194036,2,7,0,1,25.059861731496472,5:-5,auto,1,184,4,dia,28,0,0,cbr,1,baseline,0.2465922931595889,22,4,111,2,92,0,2,0,0,0,Still_image_720p_60fps_15s
1079,0,none,3,1.9748663738410028,1,4,0,1,25.059861731496472,3:-3,auto,1,215,4,umh,10,1,0,cbr,1,baseline,0.6493532546000097,48,11,92,2,92,0,2,1,1,0,Still_image_720p_60fps_15s
1125,0,p4x4,2,0.8031596101194036,2,7,0,1,25.059861731496472,5:-5,auto,1,184,4,dia,10,0,0,cbr,1,baseline,0.6493532546000097,22,4,111,1,92,0,2,0,0,0,Still_image_720p_60fps_15s
1079,0,p4x4,2,0.8617367849764486,1,10,0,-11,2.8195556672021445,5:-5,auto,1,215,4,umh,10,0,0,cbr,1,main,0.1588167012879194,22,4,111,13,80,4,45,0,0,1,Still_image_720p_60fps_15s
1974,0,p4x4,2,0.8031596101194036,2,7,1,1,25.059861731496472,2:2,auto,1,215,4,umh,10,0,0,cbr,1,baseline,0.6493532546000097,22,4,111,3,80,0,2,0,0,0,Still_image_720p_60fps_15s
1079,0,p4x4,2,0.8617367849764486,2,7,0,1,25.059861731496472,5:-5,auto,1,184,4,dia,28,0,0,cbr,1,baseline,0.2465922931595889,22,8,111,2,92,0,2,0,0,0,Still_image_720p_60fps_15s
1125,0,p4x4,1,0.8031596101194036,2,9,0,1,25.323031479078928,5:-5,auto,1,184,4,dia,10,0,0,cbr,1,baseline,0.6493532546000097,22,4,111,1,92,0,2,0,0,0,Still_image_720p_60fps_15s
1079,0,none,3,1.9748663738410028,1,4,0,1,25.059861731496472,3:-3,auto,1,215,4,umh,10,0,0,cbr,1,high,0.6493532546000097,22,4,129,3,80,0,2,0,0,0,Still_image_720p_60fps_15s
1079,0,p8x8,3,1.7703159785329992,1,14,0,1,25.059861731496472,5:-5,auto,1,215,4,umh,10,0,0,cbr,1,baseline,0.6493532546000097,22,4,111,13,80,4,2,0,0,0,Still_image_720p_60fps_15s
1079,0,p4x4,2,0.8617367849764486,1,5,0,-11,2.8195556672021445,5:-5,auto,1,215,4,umh,10,0,0,cbr,1,baseline,0.6603401805443585,22,4,111,15,80,4,45,0,0,1,Still_image_720p_60fps_15s
1079,0,p8x8,0,1.7703159785329992,1,7,0,1,25.059861731496472,5:-5,auto,1,215,4,umh,10,0,0,cbr,1,baseline,0.6493532546000097,22,4,111,3,80,0,2,0,0,0,Still_image_1080p_25fps_5s
1974,0,p4x4,2,0.8031596101194036,2,7,0,1,25.059861731496472,5:-5,auto,1,215,4,umh,10,0,0,cbr,1,baseline,0.6493532546000097,22,4,111,13,80,4,2,0,0,0,Still_image_1080p_25fps_5s
1079,0,p8x8,3,1.7703159785329992,1,7,0,1,25.059861731496472,5:-5,auto,1,215,4,umh,10,0,0,cbr,1,baseline,0.6493532546000097,22,4,111,13,80,4,2,0,0,0,Still_image_1080p_25fps_5s
1079,0,none,3,1.9748663738410028,1,4,0,1,25.059861731496472,3:-3,auto,1,215,4,umh,10,0,0,cbr,1,baseline,0.6493532546000097,22,4,111,13,80,4,2,0,0,0,Still_image_1080p_25fps_5s
1974,0,p4x4,1,0.8031596101194036,2,7,0,1,25.059861731496472,5:-5,auto,1,184,4,dia,10,0,0,cbr,1,baseline,0.084791151994838,22,4,111,5,92,0,2,0,1,0,Still_image_1080p_25fps_5s
1639,0,p4x4,2,0.8031596101194036,1,7,0,1,25.059861731496472,3:-3,auto,1,215,4,umh,21,0,0,cbr,1,baseline,0.6493532546000097,22,4,111,13,80,4,1,0,0,0,Still_image_1080p_25fps_5s
1974,0,p4x4,2,1.3617298251399643,2,7,0,1,25.059861731496472,5:-5,auto,1,215,4,umh,10,0,0,cbr,1,baseline,0.6493532546000097,22,4,111,13,80,4,2,0,0,0,Still_image_1080p_25fps_5s
1974,0,p4x4,2,0.8031596101194036,2,7,0,1,25.059861731496472,5:-5,auto,1,184,4,dia,10,0,0,cbr,1,baseline,0.6493532546000097,22,4,111,1,92,0,2,0,0,0,Still_image_1080p_25fps_5s
1974,0,p4x4,2,0.8031596101194036,2,7,0,1,25.059861731496472,3:-3,auto,1,215,4,umh,21,0,0,cbr,1,baseline,0.6493532546000097,22,4,111,13,80,4,2,0,0,0,Still_image_1080p_25fps_5s
1079,0,p4x4,2,0.8031596101194036,1,10,0,-11,25.059861731496472,5:-5,auto,1,215,4,umh,10,0,0,cbr,1,baseline,0.6493532546000097,22,4,111,10,80,4,53,2,1,1,Still_image_1080p_25fps_5s
1079,0,p8x8,3,1.7703159785329992,1,7,0,-11,45.15747452113592,5:-5,auto,1,462,4,tesa,10,0,0,cbr,1,baseline,0.6493532546000097,22,4,111,13,80,0,2,0,0,0,Still_image_1080p_25fps_5s
1974,0,all,2,1.3617298251399643,2,7,0,1,25.059861731496472,3:-3,auto,1,215,4,umh,21,0,0,cbr,1,baseline,0.6493532546000097,22,4,111,13,80,4,1,0,0,0,Still_image_1080p_25fps_5s
1079,0,p4x4,2,0.8031596101194036,1,10,0,-11,25.059861731496472,5:-5,auto,1,184,4,dia,10,0,1,cbr,1,baseline,0.6493532546000097,26,18,111,1,92,0,2,0,1,0,Still_image_1080p_25fps_5s
356,0,p4x4,2,0.8031596101194036,1,10,0,-11,25.059861731496472,5:-5,auto,1,215,4,umh,10,0,0,cbr,1,baseline,0.6493532546000097,22,4,111,10,80,4,2,0,1,0,Still_image_1080p_25fps_5s
1079,0,none,3,1.9748663738410028,1,4,0,1,25.059861731496472,3:-3,auto,1,215,4,umh,10,0,0,cbr,1,baseline,0.6493532546000097,37,4,111,13,80,4,2,0,0,0,Still_image_1080p_25fps_5s
1639,0,p4x4,2,0.8031596101194036,2,7,0,1,25.059861731496472,5:-5,auto,1,184,4,dia,10,0,0,cbr,1,baseline,0.6493532546000097,22,4,111,1,92,0,2,1,0,0,Still_image_1080p_25fps_5s
1974,0,p4x4,2,0.8031596101194036,1,7,0,1,25.059861731496472,3:-3,auto,1,215,4,umh,21,0,0,cbr,1,baseline,0.6493532546000097,22,4,36,6,80,4,26,0,0,0,Still_image_1080p_25fps_5s
356,0,p4x4,2,0.8031596101194036,1,8,0,-11,25.059861731496472,5:-5,auto,1,215,4,umh,10,0,0,cbr,1,baseline,0.6493532546000097,22,4,111,12,80,10,2,0,0,0,Still_image_1080p_25fps_5s
1974,0,all,1,0.8031596101194036,2,7,0,1,25.059861731496472,6:-6,auto,1,215,4,umh,10,0,0,cbr,1,baseline,0.6493532546000097,22,4,96,13,80,4,39,0,0,2,Still_image_1080p_25fps_5s
1974,0,p4x4,1,0.8031596101194036,1,10,0,12,25.059861731496472,5:-5,auto,1,215,4,umh,10,0,0,cbr,1,baseline,0.6493532546000097,22,4,111,10,80,4,2,0,1,0,Still_image_1080p_25fps_5s
1079,0,p8x8,2,0.296249058842245,1,10,1,-10,29.32159763936856,-4:4,spatial,0,100,3,tesa,45,0,0,vbr,0,baseline,0.6493532546000097,48,11,92,2,92,0,2,0,0,0,Big_1080p_30fps_20s
1079,0,p8x8,0,1.7703159785329992,0,10,1,-10,29.32159763936856,-4:4,spatial,1,100,3,tesa,45,0,0,vbr,0,baseline,0.6493532546000097,48,11,92,2,92,0,2,0,0,0,Big_1080p_30fps_20s
2072,0,p8x8,2,0.296249058842245,1,10,0,-10,29.32159763936856,-4:4,spatial,0,100,3,tesa,45,0,0,vbr,0,baseline,0.6493532546000097,48,11,92,2,92,0,2,1,0,0,Big_1080p_30fps_20s
1079,0,p8x8,3,1.7703159785329992,2,10,1,-5,22.724783875865217,-4:4,spatial,0,100,3,tesa,45,1,0,vbr,0,baseline,0.6493532546000097,48,11,92,2,92,2,2,0,0,0,Big_1080p_30fps_20s
1079,0,p8x8,0,1.7703159785329992,1,10,1,-10,29.32159763936856,-4:4,auto,0,100,3,tesa,45,0,0,vbr,0,baseline,0.6493532546000097,48,11,92,2,92,0,2,2,0,0,Big_1080p_30fps_20s
1079,0,p8x8,3,1.7703159785329992,1,10,1,-5,22.724783875865217,-4:4,temporal,0,100,3,hex,45,1,0,vbr,0,baseline,0.6493532546000097,22,4,243,1,92,0,2,0,0,0,Big_1080p_30fps_20s
1079,0,p8x8,0,1.7703159785329992,0,10,1,-10,29.32159763936856,-4:4,spatial,0,100,2,tesa,45,0,0,vbr,0,baseline,0.6493532546000097,48,11,92,2,92,0,2,0,0,0,Big_1080p_30fps_20s
1079,0,p8x8,3,1.7703159785329992,2,10,1,-5,22.724783875865217,-4:4,spatial,0,100,3,tesa,45,1,0,vbr,0,baseline,0.7712394635490051,48,8,92,2,92,0,2,0,0,0,Big_1080p_30fps_20s
1079,0,p8x8,0,1.7703159785329992,0,10,1,-10,29.32159763936856,-4:4,none,0,140,3,tesa,45,0,0,vbr,0,baseline,0.6493532546000097,48,11,98,2,92,2,2,0,0,0,Big_1080p_30fps_20s
1079,0,p4x4,2,0.8031596101194036,1,10,0,-11,25.059861731496472,5:-5,auto,1,215,4,umh,10,0,0,cbr,1,baseline,0.6493532546000097,22,4,111,10,80,4,53,2,1,1,Big_1080p_30fps_20s
1974,0,p4x4,2,0.8031596101194036,2,7,0,1,25.059861731496472,5:-5,auto,1,215,4,umh,10,0,0,cbr,1,baseline,0.6493532546000097,22,4,111,13,80,4,2,0,0,0,Big_1080p_30fps_20s
1079,0,p8x8,3,1.7703159785329992,1,7,0,1,25.059861731496472,5:-5,auto,1,215,4,umh,10,0,0,cbr,1,baseline,0.6493532546000097,22,4,111,13,80,4,2,0,0,0,Big_1080p_30fps_20s
1974,0,p4x4,2,0.8031596101194036,2,7,0,1,25.059861731496472,5:-5,auto,1,184,4,dia,10,0,0,cbr,1,baseline,0.6493532546000097,22,4,111,1,92,0,2,0,0,0,Big_1080p_30fps_20s
1079,0,p8x8,0,1.7703159785329992,1,7,0,1,25.059861731496472,5:-5,auto,1,215,4,umh,10,0,0,cbr,1,baseline,0.6493532546000097,22,4,111,3,80,0,2,0,0,0,Big_1080p_30fps_20s
1974,0,p4x4,2,0.8031596101194036,2,7,0,1,25.059861731496472,3:-3,auto,1,215,4,umh,21,0,0,cbr,1,baseline,0.6493532546000097,22,4,111,13,80,4,2,0,0,0,Big_1080p_30fps_20s
1974,0,p4x4,2,0.8031596101194036,2,7,0,1,25.059861731496472,5:5,auto,1,215,4,umh,10,0,0,cbr,1,baseline,0.6493532546000097,22,4,111,13,80,4,2,0,0,0,Big_1080p_30fps_20s
1079,0,p4x4,2,0.8031596101194036,1,10,0,-11,2.8195556672021445,5:-5,auto,1,215,4,umh,10,0,0,cbr,1,baseline,0.6493532546000097,46,4,111,13,80,4,2,0,0,0,Big_1080p_30fps_20s
1974,0,p4x4,2,1.3617298251399643,2,7,0,1,25.059861731496472,5:-5,auto,1,215,4,umh,10,0,0,cbr,1,baseline,0.6493532546000097,22,4,111,13,80,4,2,0,0,0,Big_1080p_30fps_20s
1079,0,none,3,1.9748663738410028,1,4,0,1,25.059861731496472,3:-3,auto,1,215,4,umh,10,0,0,cbr,1,baseline,0.6493532546000097,22,4,111,13,80,4,2,0,0,0,Big_1080p_30fps_20s
1079,0,p4x4,2,0.8031596101194036,1,10,0,-11,25.059861731496472,5:-5,auto,1,215,4,umh,10,0,0,cbr,1,baseline,0.6493532546000097,22,4,111,10,80,4,53,1,1,1,Big_1080p_30fps_20s
1079,0,p8x8,0,1.7703159785329992,1,10,1,-10,29.32159763936856,-4:4,none,0,100,3,tesa,45,0,0,none,1,main,0.2829198489071013,25,3,141,7,29,5,63,1,0,1,Action_1080p_30fps_20s
1079,0,p8x8,2,1.7703159785329992,1,10,1,-10,29.32159763936856,-4:4,none,0,100,3,tesa,45,0,0,none,1,main,0.2829198489071013,25,3,134,7,40,5,63,1,0,1,Action_1080p_30fps_20s
1079,0,p8x8,2,1.7703159785329992,1,10,1,-10,29.32159763936856,-4:4,auto,0,100,3,tesa,45,0,0,none,1,main,0.9544631986942628,25,3,141,7,40,5,63,1,0,1,Action_1080p_30fps_20s
1079,0,p8x8,2,1.7703159785329992,1,10,1,-10,29.32159763936856,-4:4,none,0,100,3,tesa,45,0,0,none,1,main,0.2829198489071013,25,3,141,7,40,5,63,1,0,1,Action_1080p_30fps_20s
1079,0,p8x8,0,1.7703159785329992,1,10,1,-3,29.32159763936856,-4:4,none,0,100,3,tesa,45,0,0,none,1,main,0.2829198489071013,25,3,141,7,29,5,63,1,0,1,Action_1080p_30fps_20s
1079,0,p8x8,0,1.7703159785329992,1,10,1,-10,29.32159763936856,-4:4,none,0,100,3,tesa,35,0,0,none,1,main,0.2829198489071013,49,3,134,7,40,5,63,1,0,1,Action_1080p_30fps_20s
1079,0,p8x8,1,1.7703159785329992,1,10,0,-10,29.32159763936856,2:2,none,0,100,3,tesa,45,0,0,none,1,main,0.2829198489071013,25,3,134,7,40,5,63,1,0,1,Action_1080p_30fps_20s
1079,0,p8x8,2,1.9962941833638503,1,10,1,-10,29.32159763936856,-4:4,auto,0,100,3,tesa,45,0,0,none,1,main,0.9544631986942628,22,3,141,7,40,5,63,1,0,1,Action_1080p_30fps_20s
1079,0,p8x8,1,1.7703159785329992,1,10,1,7,29.32159763936856,-4:4,none,0,100,3,tesa,35,0,0,none,1,main,0.2829198489071013,25,3,141,7,29,5,63,1,0,1,Action_1080p_30fps_20s
1079,0,p8x8,2,1.7703159785329992,1,5,1,-5,29.32159763936856,-4:4,none,0,100,3,tesa,45,0,0,none,1,main,0.2829198489071013,25,3,141,6,29,5,63,1,0,1,Action_1080p_30fps_20s
1079,0,p8x8,2,0.296249058842245,1,10,1,-10,29.32159763936856,-4:4,none,0,304,3,tesa,45,0,0,none,1,main,0.2829198489071013,40,3,141,7,40,7,63,1,0,2,Action_1080p_30fps_20s
1079,0,p8x8,2,0.296249058842245,1,10,1,-10,29.32159763936856,-4:4,none,0,100,3,umh,45,0,0,none,1,main,0.2829198489071013,25,3,134,7,40,5,63,1,0,1,Action_1080p_30fps_20s
1079,0,p8x8,0,1.7703159785329992,1,10,1,-10,29.32159763936856,-4:4,none,0,100,3,tesa,45,0,0,none,1,main,0.2829198489071013,25,3,141,7,29,5,63,0,0,2,Action_1080p_30fps_20s
1079,0,p8x8,2,0.296249058842245,1,10,1,-10,29.32159763936856,-4:4,auto,0,100,4,tesa,45,0,0,none,1,baseline,0.9544631986942628,25,3,141,7,40,5,63,1,0,1,Action_1080p_30fps_20s
1079,0,p8x8,2,0.8205273315391732,1,10,1,-10,29.32159763936856,-4:4,none,0,100,3,tesa,45,0,0,none,1,main,0.2829198489071013,25,3,141,7,29,5,63,1,0,1,Action_1080p_30fps_20s
1079,0,p8x8,1,1.7703159785329992,1,10,1,-10,29.32159763936856,2:2,none,0,100,2,tesa,45,0,0,none,1,main,0.2829198489071013,25,3,111,7,40,5,63,1,0,1,Action_1080p_30fps_20s
1079,0,p8x8,2,1.7703159785329992,1,5,1,-5,29.32159763936856,-4:4,none,0,100,3,tesa,64,0,0,none,1,main,0.1827233899087818,25,3,141,7,40,5,63,1,0,1,Action_1080p_30fps_20s
1079,0,p8x8,2,0.296249058842245,1,10,1,-10,29.32159763936856,-4:4,none,0,304,3,tesa,45,0,0,none,1,main,0.2829198489071013,25,3,134,7,40,5,63,1,0,1,Action_1080p_30fps_20s
1079,0,p8x8,2,0.296249058842245,1,10,1,-10,29.32159763936856,-4:4,spatial,0,100,4,tesa,45,0,0,none,1,baseline,0.2829198489071013,25,3,141,7,29,5,63,1,0,1,Action_1080p_30fps_20s
813,0,p8x8,2,0.296249058842245,1,10,1,-10,29.32159763936856,-4:4,none,0,100,4,tesa,45,0,0,none,1,baseline,0.2829198489071013,33,3,18,7,58,5,63,1,0,1,Action_1080p_30fps_20s
1974,0,p4x4,2,0.8031596101194036,2,7,0,1,25.059861731496472,5:-5,auto,1,215,4,umh,10,0,0,cbr,1,baseline,0.6493532546000097,22,4,111,13,80,4,2,0,0,0,Still_image_1080p_25fps_15s
1079,0,p8x8,0,1.7703159785329992,1,7,0,1,25.059861731496472,5:-5,auto,1,215,4,umh,10,0,0,cbr,1,baseline,0.6493532546000097,22,4,111,3,80,0,2,0,0,0,Still_image_1080p_25fps_15s
1974,0,p4x4,2,1.3617298251399643,2,7,0,1,25.059861731496472,5:-5,auto,1,215,4,umh,10,0,0,cbr,1,baseline,0.6493532546000097,22,4,111,13,80,4,2,0,0,0,Still_image_1080p_25fps_15s
1079,0,none,3,1.9748663738410028,1,4,0,1,25.059861731496472,3:-3,auto,1,215,4,umh,10,0,0,cbr,1,baseline,0.6493532546000097,22,4,111,13,80,4,2,0,0,0,Still_image_1080p_25fps_15s
1079,0,p8x8,3,1.7703159785329992,1,7,0,1,25.059861731496472,5:-5,auto,1,215,4,umh,10,0,0,cbr,1,baseline,0.6493532546000097,22,4,111,13,80,4,2,0,0,0,Still_image_1080p_25fps_15s
1079,0,p4x4,2,0.8031596101194036,1,10,0,-11,25.059861731496472,5:-5,auto,1,215,4,umh,10,0,0,cbr,1,baseline,0.6493532546000097,22,4,111,10,80,4,53,2,1,1,Still_image_1080p_25fps_15s
1639,0,p4x4,2,0.8031596101194036,1,7,0,1,25.059861731496472,3:-3,auto,1,215,4,umh,21,0,0,cbr,1,baseline,0.6493532546000097,22,4,111,13,80,4,1,0,0,0,Still_image_1080p_25fps_15s
1974,0,p4x4,1,0.8031596101194036,2,7,0,1,25.059861731496472,5:-5,auto,1,184,4,dia,10,0,0,cbr,1,baseline,0.084791151994838,22,4,111,5,92,0,2,0,1,0,Still_image_1080p_25fps_15s
1974,0,p4x4,2,0.8031596101194036,2,7,0,1,25.059861731496472,3:-3,auto,1,215,4,umh,21,0,0,cbr,1,baseline,0.6493532546000097,22,4,111,13,80,4,2,0,0,0,Still_image_1080p_25fps_15s
1974,0,p4x4,2,0.8031596101194036,2,7,0,1,25.059861731496472,5:-5,auto,1,184,4,dia,10,0,0,cbr,1,baseline,0.6493532546000097,22,4,111,1,92,0,2,0,0,0,Still_image_1080p_25fps_15s
1974,0,p4x4,2,0.8031596101194036,1,7,0,1,25.059861731496472,5:-5,auto,1,215,4,umh,10,0,0,cbr,1,baseline,0.6493532546000097,22,4,111,3,80,0,2,0,0,0,Still_image_1080p_25fps_15s
1974,0,p4x4,2,0.8031596101194036,1,7,1,1,25.059861731496472,5:-5,auto,1,215,4,umh,10,0,0,cbr,1,baseline,0.2858662216079829,22,5,111,3,80,0,2,0,0,0,Still_image_1080p_25fps_15s
1974,0,p4x4,2,0.257045666227102,2,0,0,-12,25.059861731496472,5:-5,temporal,1,215,4,umh,10,0,0,cbr,1,baseline,0.6493532546000097,22,4,111,5,80,4,1,0,0,0,Still_image_1080p_25fps_15s
1079,0,p4x4,2,0.8031596101194036,1,7,0,1,25.059861731496472,3:-3,auto,1,434,4,umh,21,0,0,cbr,1,baseline,0.6493532546000097,47,4,111,13,48,4,1,0,0,0,Still_image_1080p_25fps_15s
1079,0,p4x4,2,0.9993384506162792,1,10,0,-11,25.059861731496472,5:-5,auto,1,215,4,umh,10,0,0,cbr,1,baseline,0.6493532546000097,36,4,111,10,80,4,48,2,1,1,Still_image_1080p_25fps_15s
1974,0,p4x4,2,1.1322624546091498,1,7,0,1,25.059861731496472,5:-5,auto,1,215,4,umh,10,0,1,cbr,1,baseline,0.6493532546000097,22,4,111,3,80,0,44,0,0,0,Still_image_1080p_25fps_15s
1974,0,p4x4,2,0.8031596101194036,2,7,0,1,25.059861731496472,3:-3,auto,1,184,4,dia,10,0,0,cbr,1,baseline,0.084791151994838,22,4,111,5,92,0,2,0,1,2,Still_image_1080p_25fps_15s
1974,0,p4x4,2,0.8031596101194036,2,7,0,1,25.059861731496472,3:-3,auto,1,215,4,umh,21,0,0,cbr,1,baseline,0.6493532546000097,22,4,111,5,92,0,2,0,1,0,Still_image_1080p_25fps_15s
1639,0,p4x4,2,0.8031596101194036,1,7,0,1,25.059861731496472,3:-3,auto,1,215,4,umh,21,0,0,cbr,1,baseline,0.6493532546000097,22,4,111,3,80,0,44,0,0,0,Still_image_1080p_25fps_15s
1079,0,p4x4,2,0.8031596101194036,1,10,0,-11,25.059861731496472,-3:3,auto,1,215,4,umh,10,0,0,cbr,1,baseline,0.0381427310273622,22,4,111,6,92,0,2,0,1,2,Still_image_1080p_25fps_15s
1079,0,none,0,1.7703159785329992,1,7,1,1,25.059861731496472,6:6,auto,1,215,4,dia,10,0,0,cbr,1,baseline,0.6493532546000097,22,4,111,1,92,0,0,0,1,0,Action_1080p_60fps_5s
1079,0,p4x4,2,0.8031596101194036,1,10,0,-11,25.059861731496472,5:-5,auto,1,215,4,umh,10,0,0,cbr,1,baseline,0.6493532546000097,22,4,111,10,80,4,53,2,1,1,Action_1080p_60fps_5s
1974,0,p4x4,2,0.8031596101194036,2,7,0,1,25.059861731496472,5:-5,auto,1,215,4,umh,10,0,0,cbr,1,baseline,0.6493532546000097,22,4,111,13,80,4,2,0,0,0,Action_1080p_60fps_5s
1079,0,p8x8,3,1.7703159785329992,1,7,0,1,25.059861731496472,5:-5,auto,1,215,4,umh,10,0,0,cbr,1,baseline,0.6493532546000097,22,4,111,13,80,4,2,0,0,0,Action_1080p_60fps_5s
1974,0,p4x4,2,0.8031596101194036,2,7,0,1,25.059861731496472,3:-3,auto,1,215,4,umh,21,0,0,cbr,1,baseline,0.6493532546000097,22,4,111,13,80,4,2,0,0,0,Action_1080p_60fps_5s
1974,0,p4x4,2,0.8031596101194036,2,7,0,1,25.059861731496472,5:-5,auto,1,184,4,dia,10,0,0,cbr,1,baseline,0.6493532546000097,22,4,111,1,92,0,2,0,0,0,Action_1080p_60fps_5s
1079,0,p8x8,0,1.7703159785329992,1,7,0,1,25.059861731496472,5:-5,auto,1,215,4,umh,10,0,0,cbr,1,baseline,0.6493532546000097,22,4,111,3,80,0,2,0,0,0,Action_1080p_60fps_5s
1639,0,p4x4,2,0.8031596101194036,1,7,0,1,25.059861731496472,3:-3,auto,1,215,4,umh,21,0,0,cbr,1,baseline,0.6493532546000097,22,4,111,13,80,4,1,0,0,0,Action_1080p_60fps_5s
1974,0,p4x4,1,0.8031596101194036,2,7,0,1,25.059861731496472,5:-5,auto,1,184,4,dia,10,0,0,cbr,1,baseline,0.084791151994838,22,4,111,5,92,0,2,0,1,0,Action_1080p_60fps_5s
1079,0,none,3,1.9748663738410028,1,4,0,1,25.059861731496472,3:-3,auto,1,215,4,umh,10,0,0,cbr,1,baseline,0.6493532546000097,22,4,111,13,80,4,2,0,0,0,Action_1080p_60fps_5s
1974,0,p4x4,2,1.3617298251399643,2,7,0,1,25.059861731496472,5:-5,auto,1,215,4,umh,10,0,0,cbr,1,baseline,0.6493532546000097,22,4,111,13,80,4,2,0,0,0,Action_1080p_60fps_5s
1079,0,p8x8,3,1.7703159785329992,1,7,0,6,25.059861731496472,5:-5,auto,1,215,4,umh,10,0,0,cbr,1,baseline,0.6493532546000097,22,4,111,13,80,6,2,0,0,0,Action_1080p_60fps_5s
1079,0,p8x8,3,1.7703159785329992,1,7,0,6,25.059861731496472,5:-5,auto,1,215,4,umh,10,0,0,cbr,1,main,0.6493532546000097,22,4,92,2,92,0,2,2,0,0,Action_1080p_60fps_5s
1974,0,p4x4,2,0.8031596101194036,2,7,0,1,25.059861731496472,5:-5,auto,1,215,4,umh,8,0,0,cbr,1,baseline,0.6493532546000097,22,4,111,13,80,4,2,0,0,0,Action_1080p_60fps_5s
1079,0,p8x8,3,1.7703159785329992,1,7,0,6,25.059861731496472,5:-5,auto,1,215,4,umh,10,0,0,cbr,1,baseline,0.6493532546000097,22,4,111,13,80,4,2,0,0,0,Action_1080p_60fps_5s
1974,0,p4x4,3,1.3617298251399643,2,7,0,1,25.059861731496472,5:-5,auto,1,215,4,umh,10,0,1,cbr,1,baseline,0.6493532546000097,22,4,92,2,92,0,2,2,0,0,Action_1080p_60fps_5s
1974,0,p4x4,2,0.8031596101194036,2,5,0,1,25.059861731496472,5:-5,auto,1,125,4,dia,10,0,0,cbr,1,baseline,0.6493532546000097,22,4,111,3,80,0,2,0,0,0,Action_1080p_60fps_5s
1974,0,p4x4,2,0.8031596101194036,2,7,0,1,25.059861731496472,3:-3,auto,1,215,3,umh,21,0,0,cbr,1,baseline,0.6493532546000097,22,4,111,13,80,4,2,0,0,0,Action_1080p_60fps_5s
1974,0,p4x4,2,1.3617298251399643,2,7,0,-9,25.059861731496472,5:-5,auto,1,215,4,umh,17,0,0,cbr,1,baseline,0.6493532546000097,22,4,111,13,80,7,2,0,1,0,Action_1080p_60fps_5s
1974,0,p8x8,2,0.8031596101194036,2,7,0,1,25.059861731496472,5:-5,auto,1,184,4,dia,10,0,0,cbr,0,baseline,0.084791151994838,22,4,111,5,35,0,2,0,1,0,Action_1080p_60fps_5s
1974,0,p4x4,2,0.8031596101194036,2,7,0,1,25.059861731496472,5:-5,auto,1,215,4,umh,10,0,0,cbr,1,baseline,0.6493532546000097,22,4,111,13,80,4,2,0,0,0,Still_image_480p_30fps_5s
1079,0,p8x8,0,1.7703159785329992,1,7,0,1,25.059861731496472,5:-5,auto,1,215,4,umh,10,0,0,cbr,1,baseline,0.6493532546000097,22,4,111,3,80,0,2,0,0,0,Still_image_480p_30fps_5s
1639,0,p4x4,2,0.8031596101194036,1,7,0,1,25.059861731496472,3:-3,auto,1,215,4,umh,21,0,0,cbr,1,baseline,0.6493532546000097,22,4,111,13,80,4,1,0,0,0,Still_image_480p_30fps_5s
1974,0,p4x4,2,1.3617298251399643,2,7,0,1,25.059861731496472,5:-5,auto,1,215,4,umh,10,0,0,cbr,1,baseline,0.6493532546000097,22,4,111,13,80,4,2,0,0,0,Still_image_480p_30fps_5s
1974,0,p4x4,2,0.8031596101194036,2,7,0,1,25.059861731496472,5:-5,auto,1,184,4,dia,10,0,0,cbr,1,baseline,0.6493532546000097,22,4,111,1,92,0,2,0,0,0,Still_image_480p_30fps_5s
1974,0,p4x4,2,0.8031596101194036,2,7,0,1,25.059861731496472,3:-3,auto,1,215,4,umh,21,0,0,cbr,1,baseline,0.6493532546000097,22,4,111,13,80,4,2,0,0,0,Still_image_480p_30fps_5s
1079,0,p4x4,2,0.8031596101194036,1,10,0,-11,25.059861731496472,5:-5,auto,1,215,4,umh,10,0,0,cbr,1,baseline,0.6493532546000097,22,4,111,10,80,4,53,2,1,1,Still_image_480p_30fps_5s
1079,0,p8x8,3,1.7703159785329992,1,7,0,1,25.059861731496472,5:-5,auto,1,215,4,umh,10,0,0,cbr,1,baseline,0.6493532546000097,22,4,111,13,80,4,2,0,0,0,Still_image_480p_30fps_5s
1079,0,none,3,1.9748663738410028,1,4,0,1,25.059861731496472,3:-3,auto,1,215,4,umh,10,0,0,cbr,1,baseline,0.6493532546000097,22,4,111,13,80,4,2,0,0,0,Still_image_480p_30fps_5s
1974,0,p4x4,1,0.8031596101194036,2,7,0,1,25.059861731496472,5:-5,auto,1,184,4,dia,10,0,0,cbr,1,baseline,0.084791151994838,22,4,111,5,92,0,2,0,1,0,Still_image_480p_30fps_5s
1974,0,p4x4,2,0.8031596101194036,2,16,0,1,25.059861731496472,3:-3,auto,1,331,4,umh,10,0,0,cbr,1,baseline,0.6493532546000097,22,4,111,13,80,4,2,0,0,0,Still_image_480p_30fps_5s
1974,0,p4x4,2,0.8031596101194036,2,7,0,-2,25.059861731496472,3:-3,auto,1,215,4,umh,21,0,0,cbr,1,baseline,0.6493532546000097,22,4,111,13,80,4,1,0,0,0,Still_image_480p_30fps_5s
1594,0,p4x4,2,0.2313017363741105,2,7,0,1,39.929266375879095,5:-5,auto,1,184,4,dia,10,0,0,cbr,1,baseline,0.6493532546000097,22,4,111,1,80,4,2,0,0,0,Still_image_480p_30fps_5s
1079,0,p8x8,3,1.7703159785329992,2,7,0,1,25.059861731496472,5:-5,auto,1,215,4,umh,27,0,0,cbr,1,baseline,0.6493532546000097,22,4,111,13,80,4,2,0,0,0,Still_image_480p_30fps_5s
1974,0,p4x4,1,0.8031596101194036,2,7,0,1,25.059861731496472,5:-5,auto,1,184,4,umh,10,0,0,cbr,1,baseline,0.084791151994838,22,4,111,3,80,0,2,0,0,0,Still_image_480p_30fps_5s
1079,0,p8x8,0,1.7703159785329992,1,7,0,1,25.059861731496472,5:-5,auto,1,215,4,umh,10,0,0,cbr,1,baseline,0.1228152314499186,22,4,111,5,92,0,2,0,1,0,Still_image_480p_30fps_5s
1974,0,all,2,0.8031596101194036,2,7,0,1,25.059861731496472,5:-5,auto,1,184,3,dia,10,0,0,cbr,1,baseline,0.6493532546000097,22,4,176,1,92,0,2,0,0,2,Still_image_480p_30fps_5s
1974,0,p4x4,2,1.3617298251399643,2,7,0,1,25.059861731496472,5:-5,auto,1,215,4,umh,10,0,0,cbr,1,baseline,0.6493532546000097,31,4,111,13,80,4,2,0,0,0,Still_image_480p_30fps_5s
1974,0,p4x4,2,0.8031596101194036,2,7,0,1,25.059861731496472,5:-5,auto,1,184,4,dia,10,0,0,cbr,1,baseline,0.2767843401906828,41,4,95,5,92,0,2,0,1,1,Still_image_480p_30fps_5s
1974,0,"p8x8,b8x8,i8x8,i4x4",2,0.8031596101194036,2,7,0,1,25.059861731496472,6:6,auto,1,191,4,umh,21,0,0,cbr,1,baseline,0.6493532546000097,22,4,111,13,13,10,2,0,1,0,Still_image_480p_30fps_5s
1079,0,p8x8,0,1.7703159785329992,1,7,0,1,25.059861731496472,5:-5,auto,1,215,4,umh,10,0,0,cbr,1,baseline,0.6493532546000097,22,4,111,3,80,0,2,0,0,0,Still_image_480p_25fps_20s
1974,0,p4x4,2,0.8031596101194036,2,7,0,1,25.059861731496472,5:-5,auto,1,215,4,umh,10,0,0,cbr,1,baseline,0.6493532546000097,22,4,111,13,80,4,2,0,0,0,Still_image_480p_25fps_20s
1079,0,p4x4,2,0.8031596101194036,1,10,0,-11,25.059861731496472,5:-5,auto,1,215,4,umh,10,0,0,cbr,1,baseline,0.6493532546000097,22,4,111,10,80,4,53,2,1,1,Still_image_480p_25fps_20s
1974,0,p4x4,2,0.8031596101194036,2,7,0,1,25.059861731496472,5:-5,auto,1,184,4,dia,10,0,0,cbr,1,baseline,0.6493532546000097,22,4,111,1,92,0,2,0,0,0,Still_image_480p_25fps_20s
1974,0,p4x4,2,0.8031596101194036,2,7,0,1,25.059861731496472,5:5,auto,1,215,4,umh,10,0,0,cbr,1,baseline,0.6493532546000097,22,4,111,13,80,4,2,0,0,0,Still_image_480p_25fps_20s
1079,0,p8x8,3,1.7703159785329992,1,7,0,1,25.059861731496472,5:-5,auto,1,215,4,umh,10,1,0,cbr,1,baseline,0.6493532546000097,22,4,111,3,80,0,2,0,1,0,Still_image_480p_25fps_20s
1079,0,p8x8,3,1.7703159785329992,1,7,0,1,25.059861731496472,5:-5,auto,1,215,4,umh,10,0,0,cbr,1,baseline,0.6493532546000097,22,4,111,13,80,4,2,0,0,0,Still_image_480p_25fps_20s
1974,0,p4x4,2,0.8031596101194036,2,7,0,1,25.059861731496472,3:-3,auto,1,215,4,umh,21,0,0,cbr,1,baseline,0.6493532546000097,22,4,111,13,80,4,2,0,0,0,Still_image_480p_25fps_20s
1974,0,p4x4,2,0.8031596101194036,2,14,0,1,25.059861731496472,-3:3,auto,1,215,4,umh,10,0,0,cbr,1,baseline,0.6493532546000097,22,4,111,13,80,4,2,0,1,0,Still_image_480p_25fps_20s
1974,0,p4x4,2,0.8031596101194036,1,7,0,1,25.059861731496472,5:-5,auto,1,215,4,umh,10,0,0,cbr,1,baseline,0.6493532546000097,22,4,118,3,4,0,2,0,0,0,Still_image_480p_25fps_20s
1974,0,p4x4,2,0.8031596101194036,2,14,0,1,25.059861731496472,-3:3,auto,1,215,4,umh,11,0,0,cbr,1,baseline,0.6493532546000097,22,4,191,3,80,0,2,0,0,0,Still_image_480p_25fps_20s
1974,0,p4x4,2,0.8031596101194036,2,14,0,1,25.059861731496472,-3:3,auto,1,215,4,umh,10,0,0,cbr,1,baseline,0.6493532546000097,22,4,33,13,80,4,2,0,1,0,Still_image_480p_25fps_20s
521,0,p4x4,2,0.8031596101194036,2,14,0,1,25.059861731496472,-3:3,auto,1,435,4,umh,10,0,0,cbr,1,baseline,0.6493532546000097,22,4,118,2,4,0,2,0,1,0,Still_image_480p_25fps_20s
1974,0,p4x4,2,0.8031596101194036,1,6,0,1,25.059861731496472,5:-5,auto,1,215,4,umh,10,0,0,cbr,1,baseline,0.2388293790253274,22,4,118,13,80,4,2,0,0,0,Still_image_480p_25fps_20s
1079,0,p8x8,3,1.5394752814313506,2,7,1,2,25.059861731496472,5:-5,auto,1,215,4,umh,10,0,0,cbr,1,baseline,0.4488884565965457,29,4,191,3,80,0,2,0,1,0,Still_image_480p_25fps_20s
1638,0,"p8x8,b8x8,i8x8,i4x4",2,0.6437551445480132,2,7,0,1,25.059861731496472,5:5,auto,1,215,4,umh,10,0,0,cbr,1,baseline,0.6493532546000097,22,3,134,7,40,5,63,1,0,1,Still_image_480p_25fps_20s
1974,0,p4x4,2,0.8031596101194036,1,7,0,3,25.059861731496472,-2:2,auto,1,215,4,umh,14,0,0,cbr,1,baseline,0.6493532546000097,29,4,191,3,80,0,2,0,1,0,Still_image_480p_25fps_20s
1079,0,p8x8,3,1.993938948183784,2,7,1,2,25.059861731496472,5:-5,auto,1,215,4,umh,10,0,0,cbr,1,baseline,0.4488884565965457,22,4,118,3,4,0,37,0,0,2,Still_image_480p_25fps_20s
1974,0,p4x4,2,0.8031596101194036,2,1,0,1,25.059861731496472,5:-5,auto,1,215,4,umh,10,1,0,cbr,1,baseline,0.6493532546000097,22,4,111,3,80,0,2,1,1,0,Still_image_480p_25fps_20s
1079,0,p8x8,3,1.7703159785329992,1,7,0,1,25.059861731496472,5:-5,auto,1,215,4,umh,43,0,0,cbr,1,baseline,0.6493532546000097,22,4,118,3,4,0,2,0,1,0,Still_image_480p_25fps_20s
1079,1,p8x8,2,1.5254810059786288,1,14,1,-5,29.32159763936856,-4:4,none,1,100,3,tesa,45,0,1,none,1,baseline,0.2829198489071013,25,3,141,6,72,5,15,1,0,1,Still_image_720p_25fps_5s
1079,0,p4x4,2,0.8031596101194036,1,10,0,-11,25.059861731496472,5:-5,auto,1,215,4,umh,10,0,0,cbr,1,baseline,0.6493532546000097,22,4,111,10,80,4,53,2,1,1,Still_image_720p_25fps_5s
1974,0,p4x4,2,0.8031596101194036,2,7,0,1,25.059861731496472,5:-5,auto,1,184,4,dia,10,0,0,cbr,1,baseline,0.6493532546000097,22,4,111,1,92,0,2,0,0,0,Still_image_720p_25fps_5s
1974,0,p4x4,2,0.8031596101194036,2,7,0,1,25.059861731496472,5:-5,auto,1,215,4,umh,10,0,0,cbr,1,baseline,0.6493532546000097,22,4,111,13,80,4,2,0,0,0,Still_image_720p_25fps_5s
1079,0,p8x8,0,1.7703159785329992,1,7,0,1,25.059861731496472,5:-5,auto,1,215,4,umh,10,0,0,cbr,1,baseline,0.6493532546000097,22,4,111,3,80,0,2,0,0,0,Still_image_720p_25fps_5s
1974,0,p4x4,2,0.8031596101194036,2,7,0,1,25.059861731496472,3:-3,auto,1,215,4,umh,21,0,0,cbr,1,baseline,0.6493532546000097,22,4,111,13,80,4,2,0,0,0,Still_image_720p_25fps_5s
1079,0,p8x8,3,1.7703159785329992,1,7,0,1,25.059861731496472,5:-5,auto,1,215,4,umh,10,0,0,cbr,1,baseline,0.6493532546000097,22,4,111,13,80,4,2,0,0,0,Still_image_720p_25fps_5s
1079,0,p8x8,3,0.8031596101194036,1,10,0,-11,25.059861731496472,5:-5,auto,1,215,4,umh,10,0,0,cbr,1,baseline,0.6493532546000097,22,4,111,10,80,4,53,2,1,1,Still_image_720p_25fps_5s
130,0,all,2,0.8031596101194036,2,7,0,1,25.059861731496472,3:-3,auto,1,215,4,umh,21,0,0,cbr,0,baseline,0.6493532546000097,22,4,111,13,80,4,2,0,0,0,Still_image_720p_25fps_5s
130,0,p4x4,2,0.8031596101194036,2,7,0,1,25.059861731496472,3:-3,auto,1,215,4,umh,4,0,0,cbr,1,baseline,0.6493532546000097,22,4,111,13,80,4,2,0,0,0,Still_image_720p_25fps_5s
1079,0,p8x8,3,0.8031596101194036,1,10,1,-11,25.059861731496472,5:-5,auto,1,215,3,umh,10,0,0,cbr,1,baseline,0.9208356371954434,22,4,111,3,80,0,2,0,1,0,Still_image_720p_25fps_5s
1079,0,p8x8,3,0.8031596101194036,1,10,0,-11,25.059861731496472,5:-5,auto,1,215,4,umh,10,0,0,cbr,1,baseline,0.6493532546000097,22,4,111,10,80,3,53,2,1,1,Still_image_720p_25fps_5s
1079,0,p8x8,1,1.7703159785329992,1,7,0,-9,25.059861731496472,5:-5,auto,1,215,4,umh,21,0,0,cbr,0,baseline,0.6493532546000097,22,4,111,13,80,4,2,1,0,0,Still_image_720p_25fps_5s
1079,0,p8x8,2,1.7703159785329992,1,10,1,-10,29.32159763936856,-4:4,auto,0,100,3,tesa,45,0,0,none,1,main,0.9544631986942628,25,3,141,7,40,5,63,1,0,1,Still_image_720p_25fps_5s
1079,0,p8x8,0,1.7703159785329992,1,10,1,-10,29.32159763936856,-4:4,none,0,100,3,tesa,45,0,0,none,1,main,0.2829198489071013,25,3,141,7,29,5,63,1,0,1,Still_image_720p_25fps_5s
1079,0,p8x8,2,1.7703159785329992,1,10,1,-10,29.32159763936856,-4:4,none,0,100,3,tesa,45,0,0,none,1,main,0.2829198489071013,25,3,134,7,40,5,63,1,0,1,Still_image_720p_25fps_5s
1079,0,p8x8,2,1.7703159785329992,1,10,1,-10,29.32159763936856,-4:4,none,0,100,3,tesa,45,0,0,none,1,main,0.2829198489071013,25,3,141,7,40,5,63,1,0,1,Still_image_720p_25fps_5s
1079,0,p8x8,0,1.7703159785329992,1,10,1,-3,29.32159763936856,-4:4,none,0,100,3,tesa,45,0,0,none,1,main,0.2829198489071013,25,3,141,7,29,5,63,1,0,1,Still_image_720p_25fps_5s
1079,0,p8x8,0,1.7703159785329992,1,10,1,-10,29.32159763936856,-4:4,none,0,100,3,tesa,35,0,0,none,1,main,0.2829198489071013,49,3,134,7,40,5,63,1,0,1,Still_image_720p_25fps_5s
1079,0,p8x8,1,1.7703159785329992,1,10,0,-10,29.32159763936856,2:2,none,0,100,3,tesa,45,0,0,none,1,main,0.2829198489071013,25,3,134,7,40,5,63,1,0,1,Still_image_720p_25fps_5s
1079,1,p8x8,2,1.5254810059786288,1,14,1,-5,29.32159763936856,-4:4,none,1,100,3,tesa,45,0,1,none,1,baseline,0.2829198489071013,25,3,141,6,72,5,15,1,0,1,Still_image_1080p_30fps_10s
1079,0,p8x8,2,1.7703159785329992,1,10,1,-10,29.32159763936856,-4:4,auto,0,100,3,tesa,45,0,0,none,1,main,0.9544631986942628,25,3,141,7,40,5,63,1,0,1,Still_image_1080p_30fps_10s
1079,0,p8x8,2,1.7703159785329992,1,10,1,-10,29.32159763936856,-4:4,none,0,100,3,tesa,45,0,0,none,1,main,0.2829198489071013,25,3,134,7,40,5,63,1,0,1,Still_image_1080p_30fps_10s
1079,0,p8x8,0,1.7703159785329992,1,10,1,-10,29.32159763936856,-4:4,none,0,100,3,tesa,45,0,0,none,1,main,0.2829198489071013,25,3,141,7,29,5,63,1,0,1,Still_image_1080p_30fps_10s
1079,0,p8x8,2,1.7703159785329992,1,10,1,-10,29.32159763936856,-4:4,none,0,100,3,tesa,45,0,0,none,1,main,0.2829198489071013,25,3,141,7,40,5,63,1,0,1,Still_image_1080p_30fps_10s
1079,0,p8x8,0,1.7703159785329992,1,10,1,-3,29.32159763936856,-4:4,none,0,100,3,tesa,45,0,0,none,1,main,0.2829198489071013,25,3,141,7,29,5,63,1,0,1,Still_image_1080p_30fps_10s
1079,0,p8x8,0,1.7703159785329992,1,10,1,-10,29.32159763936856,-4:4,none,0,100,3,tesa,35,0,0,none,1,main,0.2829198489071013,49,3,134,7,40,5,63,1,0,1,Still_image_1080p_30fps_10s
1079,0,p8x8,1,1.7703159785329992,1,10,1,7,29.32159763936856,-4:4,none,0,100,3,tesa,35,0,0,none,1,main,0.2829198489071013,25,3,141,7,29,5,63,1,0,1,Still_image_1080p_30fps_10s
1079,0,p8x8,1,1.7703159785329992,1,10,0,-10,29.32159763936856,2:2,none,0,100,3,tesa,45,0,0,none,1,main,0.2829198489071013,25,3,134,7,40,5,63,1,0,1,Still_image_1080p_30fps_10s
1079,0,p8x8,2,1.7703159785329992,1,5,1,-5,29.32159763936856,-4:4,none,0,100,3,tesa,45,0,0,none,1,main,0.2829198489071013,25,3,141,6,29,5,63,1,0,1,Still_image_1080p_30fps_10s
1079,0,p8x8,2,1.9962941833638503,1,10,1,-10,29.32159763936856,-4:4,auto,0,100,3,tesa,45,0,0,none,1,main,0.9544631986942628,22,3,141,7,40,5,63,1,0,1,Still_image_1080p_30fps_10s
707,0,p8x8,2,1.7703159785329992,1,5,1,-5,29.32159763936856,2:-2,spatial,0,100,3,tesa,45,0,0,none,1,main,0.2829198489071013,25,3,141,6,29,4,2,0,0,0,Still_image_1080p_30fps_10s
1079,0,p8x8,2,1.7703159785329992,1,14,1,-10,16.928541766770305,-4:4,none,0,113,3,tesa,35,0,0,none,1,main,0.6387681857014684,25,3,65,7,29,5,63,1,0,2,Still_image_1080p_30fps_10s
1079,1,p8x8,1,1.7703159785329992,1,10,0,-10,29.32159763936856,2:2,temporal,0,100,3,tesa,45,0,0,vbr,1,main,0.2829198489071013,25,3,134,12,40,5,63,1,0,1,Still_image_1080p_30fps_10s
1174,0,p8x8,2,1.7703159785329992,2,10,1,-10,29.32159763936856,-4:4,auto,0,100,3,tesa,45,0,0,none,1,main,0.9544631986942628,25,3,141,7,40,5,63,1,0,1,Still_image_1080p_30fps_10s
1079,0,p8x8,2,1.7703159785329992,1,10,1,-10,45.675064983109365,-4:4,none,0,100,3,tesa,45,0,0,none,1,main,0.2829198489071013,49,3,134,7,40,5,63,1,0,1,Still_image_1080p_30fps_10s
1079,0,p8x8,2,1.7703159785329992,1,14,1,-7,29.32159763936856,-4:4,none,0,100,2,tesa,35,0,0,none,1,main,0.2829198489071013,25,3,141,7,29,4,63,1,0,1,Still_image_1080p_30fps_10s
1079,0,p8x8,1,1.7436837404108794,1,10,0,-10,29.32159763936856,5:5,none,0,100,3,tesa,45,0,0,none,1,main,0.2829198489071013,25,3,165,7,29,5,63,0,0,1,Still_image_1080p_30fps_10s
1079,0,p8x8,0,1.6895316086257244,1,10,1,-3,29.32159763936856,-4:4,none,0,100,3,tesa,45,0,0,none,1,main,0.2829198489071013,49,3,107,7,40,5,63,1,0,1,Still_image_1080p_30fps_10s
1079,0,p8x8,2,0.1252347426477105,1,5,1,-5,29.32159763936856,-4:4,none,0,100,3,tesa,35,0,0,none,1,main,0.2829198489071013,49,3,134,6,40,5,63,1,0,1,Still_image_1080p_30fps_10s
1079,0,none,0,1.7703159785329992,1,7,1,1,25.059861731496472,6:6,auto,1,215,4,dia,10,0,0,cbr,1,baseline,0.6493532546000097,22,4,111,1,92,0,0,0,1,0,Action_480p_60fps_20s
1079,0,p8x8,2,1.7703159785329992,1,10,1,-10,29.32159763936856,-4:4,none,0,100,3,tesa,45,0,0,none,1,main,0.2829198489071013,25,3,134,7,40,5,63,1,0,1,Action_480p_60fps_20s
1079,0,p8x8,2,1.7703159785329992,1,10,1,-10,29.32159763936856,-4:4,none,0,100,3,tesa,45,0,0,none,1,main,0.2829198489071013,25,3,141,7,40,5,63,1,0,1,Action_480p_60fps_20s
1079,0,p8x8,2,1.7703159785329992,1,10,1,-10,29.32159763936856,-4:4,auto,0,100,3,tesa,45,0,0,none,1,main,0.9544631986942628,25,3,141,7,40,5,63,1,0,1,Action_480p_60fps_20s
1079,0,p8x8,0,1.7703159785329992,1,10,1,-10,29.32159763936856,-4:4,none,0,100,3,tesa,45,0,0,none,1,main,0.2829198489071013,25,3,141,7,29,5,63,1,0,1,Action_480p_60fps_20s
1079,0,none,0,1.7703159785329992,1,10,1,-10,24.3834904476182,-4:4,none,0,100,3,tesa,28,0,0,none,1,main,0.2829198489071013,25,3,141,7,29,1,63,1,0,1,Action_480p_60fps_20s
1079,0,p8x8,0,1.7703159785329992,1,6,1,-10,29.32159763936856,-4:4,none,0,100,3,tesa,45,0,0,none,1,main,0.2829198489071013,29,3,141,7,29,5,52,1,0,1,Action_480p_60fps_20s
1079,0,p8x8,0,1.7703159785329992,1,10,1,-10,24.3834904476182,-4:4,none,0,100,3,tesa,28,0,1,none,1,main,0.2829198489071013,25,3,141,7,29,4,63,1,0,1,Action_480p_60fps_20s
1079,0,p8x8,1,1.7703159785329992,1,6,1,1,29.32159763936856,-4:4,none,0,100,3,tesa,45,0,0,none,1,main,0.2829198489071013,39,3,141,7,29,5,52,1,0,1,Action_480p_60fps_20s
1079,0,p8x8,1,1.7703159785329992,1,10,1,-10,29.32159763936856,-4:4,none,0,100,3,tesa,45,0,0,none,1,main,0.2829198489071013,25,3,141,7,29,1,63,1,0,1,Action_480p_60fps_20s
1079,0,p4x4,2,0.8031596101194036,1,10,0,-11,25.059861731496472,5:-5,auto,1,215,4,umh,10,0,0,cbr,1,baseline,0.6493532546000097,22,4,111,10,80,4,53,2,1,1,Action_480p_60fps_20s
1079,0,p8x8,3,1.7703159785329992,1,7,0,1,25.059861731496472,5:-5,auto,1,215,4,umh,10,0,0,cbr,1,baseline,0.6493532546000097,22,4,111,13,80,4,2,0,0,0,Action_480p_60fps_20s
1974,0,p4x4,2,0.8031596101194036,2,7,0,1,25.059861731496472,5:-5,auto,1,215,4,umh,10,0,0,cbr,1,baseline,0.6493532546000097,22,4,111,13,80,4,2,0,0,0,Action_480p_60fps_20s
1974,0,p4x4,2,0.8031596101194036,2,7,0,1,25.059861731496472,5:-5,auto,1,184,4,dia,10,0,0,cbr,1,baseline,0.6493532546000097,22,4,111,1,92,0,2,0,0,0,Action_480p_60fps_20s
1974,0,p4x4,2,0.8031596101194036,2,7,0,1,25.059861731496472,3:-3,auto,1,215,4,umh,21,0,0,cbr,1,baseline,0.6493532546000097,22,4,111,13,80,4,2,0,0,0,Action_480p_60fps_20s
1079,0,p8x8,0,1.7703159785329992,1,7,0,1,25.059861731496472,5:-5,auto,1,215,4,umh,10,0,0,cbr,1,baseline,0.6493532546000097,22,4,111,3,80,0,2,0,0,0,Action_480p_60fps_20s
1079,0,none,3,1.9748663738410028,1,4,0,1,25.059861731496472,3:-3,auto,1,215,4,umh,10,0,0,cbr,1,baseline,0.6493532546000097,22,4,111,13,80,4,2,0,0,0,Action_480p_60fps_20s
1974,0,p4x4,2,0.8031596101194036,2,7,0,1,25.059861731496472,5:5,auto,1,215,4,umh,10,0,0,cbr,1,baseline,0.6493532546000097,22,4,111,13,80,4,2,0,0,0,Action_480p_60fps_20s
1639,0,p4x4,2,0.8031596101194036,1,7,0,1,25.059861731496472,3:-3,auto,1,215,4,umh,21,0,0,cbr,1,baseline,0.6493532546000097,22,4,111,13,80,4,1,0,0,0,Action_480p_60fps_20s
1974,0,p4x4,1,0.8031596101194036,2,7,0,1,25.059861731496472,5:-5,auto,1,184,4,dia,10,0,0,cbr,1,baseline,0.084791151994838,22,4,111,5,92,0,2,0,1,0,Action_480p_60fps_20s
1079,0,p8x8,2,1.7703159785329992,1,10,1,-10,29.32159763936856,-4:4,none,0,100,3,tesa,45,0,0,none,1,main,0.2829198489071013,25,3,141,7,40,5,63,1,0,1,Still_image_720p_30fps_20s
1079,0,p8x8,2,1.7703159785329992,1,10,1,-10,29.32159763936856,-4:4,auto,0,100,3,tesa,45,0,0,none,1,main,0.9544631986942628,25,3,141,7,40,5,63,1,0,1,Still_image_720p_30fps_20s
1079,0,p8x8,2,1.7703159785329992,1,10,1,-10,29.32159763936856,-4:4,none,0,100,3,tesa,45,0,0,none,1,main,0.2829198489071013,25,3,134,7,40,5,63,1,0,1,Still_image_720p_30fps_20s
1079,0,p8x8,0,1.7703159785329992,1,10,1,-10,29.32159763936856,-4:4,none,0,100,3,tesa,45,0,0,none,1,main,0.2829198489071013,25,3,141,7,29,5,63,1,0,1,Still_image_720p_30fps_20s
1079,0,p8x8,0,1.7703159785329992,1,10,1,-3,29.32159763936856,-4:4,none,0,100,3,tesa,45,0,0,none,1,main,0.2829198489071013,25,3,141,7,29,5,63,1,0,1,Still_image_720p_30fps_20s
1079,0,p8x8,2,1.9962941833638503,1,10,1,-10,29.32159763936856,-4:4,auto,0,100,3,tesa,45,0,0,none,1,main,0.9544631986942628,22,3,141,7,40,5,63,1,0,1,Still_image_720p_30fps_20s
1079,0,p8x8,1,1.7703159785329992,1,10,0,-10,29.32159763936856,2:2,none,0,100,3,tesa,45,0,0,none,1,main,0.2829198489071013,25,3,134,7,40,5,63,1,0,1,Still_image_720p_30fps_20s
1079,0,p8x8,1,1.7703159785329992,1,10,1,7,29.32159763936856,-4:4,none,0,100,3,tesa,35,0,0,none,1,main,0.2829198489071013,25,3,141,7,29,5,63,1,0,1,Still_image_720p_30fps_20s
1079,0,p8x8,0,1.7703159785329992,1,10,1,-10,29.32159763936856,-4:4,none,0,100,4,tesa,45,0,0,none,1,main,0.2829198489071013,25,3,141,7,40,5,63,1,0,1,Still_image_720p_30fps_20s
1079,0,p8x8,2,1.7703159785329992,1,10,1,-10,29.32159763936856,-4:4,auto,0,100,3,tesa,55,0,0,none,1,main,0.2829198489071013,25,3,141,7,29,5,62,1,0,1,Still_image_720p_30fps_20s
1079,0,"p8x8,b8x8,i8x8,i4x4",3,1.7703159785329992,1,7,0,1,25.059861731496472,5:-5,temporal,0,100,4,tesa,45,0,0,none,1,main,0.2829198489071013,25,3,141,7,40,5,63,1,0,1,Still_image_720p_30fps_20s
1079,0,p8x8,3,1.7703159785329992,1,10,1,7,29.32159763936856,-4:4,none,0,100,3,tesa,35,0,0,none,1,main,0.2829198489071013,25,3,141,7,29,5,63,1,0,1,Still_image_720p_30fps_20s
1079,0,p8x8,2,1.9962941833638503,1,10,1,-10,29.32159763936856,-4:4,none,0,100,3,tesa,45,0,1,none,1,main,0.9544631986942628,29,3,141,7,40,5,57,1,0,1,Still_image_720p_30fps_20s
1079,0,p8x8,0,1.7703159785329992,1,10,1,-10,29.32159763936856,-4:4,none,0,373,4,tesa,45,0,0,none,1,main,0.2829198489071013,23,3,134,7,5,5,63,1,0,1,Still_image_720p_30fps_20s
1079,0,p8x8,1,1.7703159785329992,1,10,0,-10,29.32159763936856,2:2,none,0,100,3,tesa,45,0,0,none,1,main,0.2829198489071013,25,3,141,7,40,5,5,1,0,1,Still_image_720p_30fps_20s
1974,0,p4x4,2,0.8031596101194036,2,7,0,1,25.059861731496472,5:-5,auto,1,215,4,umh,10,0,0,cbr,1,baseline,0.6493532546000097,22,4,111,13,80,4,2,0,0,0,Still_image_720p_30fps_20s
1079,0,p8x8,0,1.7703159785329992,1,7,0,1,25.059861731496472,5:-5,auto,1,215,4,umh,10,0,0,cbr,1,baseline,0.6493532546000097,22,4,111,3,80,0,2,0,0,0,Still_image_720p_30fps_20s
1974,0,p4x4,1,0.8031596101194036,2,7,0,1,25.059861731496472,5:-5,auto,1,184,4,dia,10,0,0,cbr,1,baseline,0.084791151994838,22,4,111,5,92,0,2,0,1,0,Still_image_720p_30fps_20s
1639,0,p4x4,2,0.8031596101194036,1,7,0,1,25.059861731496472,3:-3,auto,1,215,4,umh,21,0,0,cbr,1,baseline,0.6493532546000097,22,4,111,13,80,4,1,0,0,0,Still_image_720p_30fps_20s
1974,0,p4x4,2,1.3617298251399643,2,7,0,1,25.059861731496472,5:-5,auto,1,215,4,umh,10,0,0,cbr,1,baseline,0.6493532546000097,22,4,111,13,80,4,2,0,0,0,Still_image_720p_30fps_20s
1079,0,p8x8,0,1.7703159785329992,1,7,0,1,25.059861731496472,5:-5,auto,1,215,4,umh,10,0,0,cbr,1,baseline,0.6493532546000097,22,4,111,3,80,0,2,0,0,0,Action_720p_30fps_5s
1974,0,p4x4,2,0.8031596101194036,2,7,0,1,25.059861731496472,5:-5,auto,1,215,4,umh,10,0,0,cbr,1,baseline,0.6493532546000097,22,4,111,13,80,4,2,0,0,0,Action_720p_30fps_5s
1974,0,p4x4,2,1.3617298251399643,2,7,0,1,25.059861731496472,5:-5,auto,1,215,4,umh,10,0,0,cbr,1,baseline,0.6493532546000097,22,4,111,13,80,4,2,0,0,0,Action_720p_30fps_5s
1079,0,p4x4,2,0.8031596101194036,1,10,0,-11,25.059861731496472,5:-5,auto,1,215,4,umh,10,0,0,cbr,1,baseline,0.6493532546000097,22,4,111,10,80,4,53,2,1,1,Action_720p_30fps_5s
1079,0,p8x8,3,1.7703159785329992,1,7,0,1,25.059861731496472,5:-5,auto,1,215,4,umh,10,0,0,cbr,1,baseline,0.6493532546000097,22,4,111,13,80,4,2,0,0,0,Action_720p_30fps_5s
1079,0,none,3,1.9748663738410028,1,4,0,1,25.059861731496472,3:-3,auto,1,215,4,umh,10,0,0,cbr,1,baseline,0.6493532546000097,22,4,111,13,80,4,2,0,0,0,Action_720p_30fps_5s
1974,0,p4x4,2,0.8031596101194036,2,7,0,1,25.059861731496472,3:-3,auto,1,215,4,umh,21,0,0,cbr,1,baseline,0.6493532546000097,22,4,111,13,80,4,2,0,0,0,Action_720p_30fps_5s
1974,0,p4x4,2,0.8031596101194036,2,7,0,1,25.059861731496472,5:-5,auto,1,184,4,dia,10,0,0,cbr,1,baseline,0.6493532546000097,22,4,111,1,92,0,2,0,0,0,Action_720p_30fps_5s
1974,0,p4x4,1,0.8031596101194036,2,7,0,1,25.059861731496472,5:-5,auto,1,184,4,dia,10,0,0,cbr,1,baseline,0.084791151994838,22,4,111,5,92,0,2,0,1,0,Action_720p_30fps_5s
1639,0,p4x4,2,0.8031596101194036,1,7,0,1,25.059861731496472,3:-3,auto,1,215,4,umh,21,0,0,cbr,1,baseline,0.6493532546000097,22,4,111,13,80,4,1,0,0,0,Action_720p_30fps_5s
1079,0,p4x4,2,0.8031596101194036,1,10,0,-11,2.8195556672021445,5:-5,auto,1,215,4,umh,10,0,0,cbr,1,baseline,0.6493532546000097,46,4,111,13,80,4,2,0,0,0,Action_720p_30fps_5s
1974,0,p4x4,2,0.8031596101194036,2,7,0,1,25.059861731496472,5:5,auto,1,215,4,umh,10,0,0,cbr,1,baseline,0.6493532546000097,22,4,111,13,80,4,2,0,0,0,Action_720p_30fps_5s
1974,0,p4x4,2,0.8031596101194036,2,10,0,-11,2.8195556672021445,5:-5,auto,1,215,4,umh,10,0,0,cbr,1,baseline,0.6493532546000097,46,4,111,13,80,4,2,0,0,0,Action_720p_30fps_5s
92,0,p8x8,3,1.7703159785329992,1,7,0,1,15.873345918497415,5:-5,auto,1,438,3,umh,10,0,0,cbr,1,baseline,0.6493532546000097,22,4,111,13,80,4,2,0,0,0,Action_720p_30fps_5s
1079,0,p4x4,2,0.8031596101194036,1,10,0,1,25.059861731496472,5:-5,auto,1,215,4,umh,10,0,0,cbr,1,baseline,0.6493532546000097,22,4,111,13,80,4,2,0,1,0,Action_720p_30fps_5s
1272,0,p8x8,3,0.8598522756490625,1,7,0,-11,2.8195556672021445,5:-5,spatial,1,215,4,umh,10,0,1,cbr,1,baseline,0.6493532546000097,46,4,111,13,80,4,2,0,0,0,Action_720p_30fps_5s
481,0,p4x4,2,0.8031596101194036,1,10,0,-11,2.8195556672021445,5:-5,auto,1,445,4,umh,21,0,0,cbr,1,baseline,0.6493532546000097,22,0,111,13,80,4,1,0,0,0,Action_720p_30fps_5s
1079,0,all,3,1.7703159785329992,1,7,0,1,25.059861731496472,3:-3,auto,1,215,4,umh,21,0,0,cbr,1,baseline,0.6493532546000097,22,4,111,13,80,4,23,0,0,0,Action_720p_30fps_5s
1079,0,all,2,0.8031596101194036,1,10,0,-11,2.8195556672021445,5:-5,auto,1,215,4,umh,10,1,0,cbr,1,baseline,0.6493532546000097,46,4,154,13,80,4,2,0,0,0,Action_720p_30fps_5s
1974,0,p4x4,2,0.8031596101194036,2,7,0,1,25.059861731496472,5:-5,auto,1,219,4,dia,37,0,0,cbr,1,baseline,0.8434723361475036,22,4,111,1,3,0,2,0,0,0,Action_720p_30fps_5s
1079,0,none,0,1.7703159785329992,1,7,1,1,25.059861731496472,6:6,auto,1,215,4,dia,10,0,0,cbr,1,baseline,0.6493532546000097,22,4,111,1,92,0,0,0,1,0,Action_1080p_30fps_5s
1079,0,p4x4,2,0.8031596101194036,1,10,0,-11,25.059861731496472,5:-5,auto,1,215,4,umh,10,0,0,cbr,1,baseline,0.6493532546000097,22,4,111,10,80,4,53,2,1,1,Action_1080p_30fps_5s
1974,0,p4x4,2,0.8031596101194036,2,7,0,1,25.059861731496472,5:-5,auto,1,184,4,dia,10,0,0,cbr,1,baseline,0.6493532546000097,22,4,111,1,92,0,2,0,0,0,Action_1080p_30fps_5s
1079,0,p8x8,3,1.7703159785329992,1,7,0,1,25.059861731496472,5:-5,auto,1,215,4,umh,10,0,0,cbr,1,baseline,0.6493532546000097,22,4,111,13,80,4,2,0,0,0,Action_1080p_30fps_5s
1974,0,p4x4,2,0.8031596101194036,2,7,0,1,25.059861731496472,5:-5,auto,1,215,4,umh,10,0,0,cbr,1,baseline,0.6493532546000097,22,4,111,13,80,4,2,0,0,0,Action_1080p_30fps_5s
1974,0,p4x4,2,0.8031596101194036,2,7,0,1,25.059861731496472,3:-3,auto,1,215,4,umh,21,0,0,cbr,1,baseline,0.6493532546000097,22,4,111,13,80,4,2,0,0,0,Action_1080p_30fps_5s
1079,0,p8x8,0,1.7703159785329992,1,7,0,1,25.059861731496472,5:-5,auto,1,215,4,umh,10,0,0,cbr,1,baseline,0.6493532546000097,22,4,111,3,80,0,2,0,0,0,Action_1080p_30fps_5s
1079,0,p8x8,3,1.7703159785329992,1,7,0,1,25.059861731496472,5:-5,auto,1,215,4,umh,10,1,0,cbr,1,baseline,0.6493532546000097,22,4,111,3,80,0,2,0,1,0,Action_1080p_30fps_5s
1974,0,p4x4,2,0.8031596101194036,2,7,0,1,25.059861731496472,5:5,auto,1,215,4,umh,10,0,0,cbr,1,baseline,0.6493532546000097,22,4,111,13,80,4,2,0,0,0,Action_1080p_30fps_5s
1974,0,p4x4,2,0.8031596101194036,2,14,0,1,25.059861731496472,-3:3,auto,1,215,4,umh,10,0,0,cbr,1,baseline,0.6493532546000097,22,4,111,13,80,4,2,0,1,0,Action_1080p_30fps_5s
1974,0,p4x4,2,0.8031596101194036,1,7,0,1,25.059861731496472,5:-5,auto,1,215,4,umh,10,0,0,cbr,1,baseline,0.6493532546000097,22,4,118,3,4,0,2,0,0,0,Action_1080p_30fps_5s
1974,0,p4x4,2,0.2073579937077193,0,7,0,1,25.059861731496472,-6:6,auto,1,215,4,umh,21,0,0,cbr,1,baseline,0.6493532546000097,22,4,111,3,80,0,2,0,1,0,Action_1080p_30fps_5s
1079,0,p8x8,3,1.7703159785329992,2,7,0,4,25.059861731496472,5:-5,auto,1,215,4,umh,10,0,0,cbr,1,baseline,0.6493532546000097,22,4,111,13,33,4,2,1,0,0,Action_1080p_30fps_5s
1180,0,p4x4,2,0.8031596101194036,2,7,0,1,25.059861731496472,3:-3,spatial,1,215,4,umh,21,0,0,cbr,1,baseline,0.6493532546000097,22,4,111,3,80,0,2,0,0,0,Action_1080p_30fps_5s
1079,0,p8x8,3,1.7703159785329992,1,7,0,1,25.059861731496472,5:-5,auto,1,215,4,umh,10,0,0,cbr,1,baseline,0.9444958774708296,22,4,111,9,92,0,0,0,1,0,Action_1080p_30fps_5s
1974,0,p4x4,3,0.8031596101194036,2,7,0,1,25.059861731496472,3:-3,auto,1,215,4,umh,21,0,0,cbr,1,baseline,0.6493532546000097,22,10,118,3,4,0,2,0,1,0,Action_1080p_30fps_5s
1079,0,p4x4,2,0.8031596101194036,1,10,0,3,41.380774759247686,5:-5,auto,1,215,4,umh,10,0,0,cbr,1,baseline,0.6493532546000097,22,4,111,10,80,0,2,0,0,0,Action_1080p_30fps_5s
1428,0,p4x4,2,0.8031596101194036,1,7,0,1,25.059861731496472,0:0,auto,0,215,4,umh,20,0,0,cbr,1,baseline,0.6493532546000097,22,4,118,3,80,3,52,0,0,0,Action_1080p_30fps_5s
1428,0,p4x4,2,1.71533112905708,2,7,0,1,25.059861731496472,0:0,auto,0,215,4,umh,20,0,0,cbr,0,baseline,0.6493532546000097,22,4,118,3,80,3,52,0,0,0,Action_1080p_30fps_5s
1974,0,p4x4,2,0.8031596101194036,2,7,0,1,25.059861731496472,5:-5,auto,1,184,1,dia,10,0,0,cbr,1,baseline,0.0393652607209277,26,4,15,1,77,0,2,0,0,0,Action_1080p_30fps_5s
1079,0,p8x8,2,1.7703159785329992,1,10,1,-10,29.32159763936856,-4:4,none,0,100,3,tesa,45,0,0,none,1,main,0.2829198489071013,25,3,141,7,40,5,63,1,0,1,Action_480p_30fps_15s
1079,0,p8x8,0,1.7703159785329992,1,10,1,-10,29.32159763936856,-4:4,none,0,100,3,tesa,45,0,0,none,1,main,0.2829198489071013,25,3,141,7,29,5,63,1,0,1,Action_480p_30fps_15s
1079,0,p8x8,2,1.7703159785329992,1,10,1,-10,29.32159763936856,-4:4,auto,0,100,3,tesa,45,0,0,none,1,main,0.9544631986942628,25,3,141,7,40,5,63,1,0,1,Action_480p_30fps_15s
1079,0,p8x8,2,1.7703159785329992,1,10,1,-10,29.32159763936856,-4:4,none,0,100,3,tesa,45,0,0,none,1,main,0.2829198489071013,25,3,134,7,40,5,63,1,0,1,Action_480p_30fps_15s
1079,0,p8x8,1,1.7703159785329992,1,10,0,-10,29.32159763936856,2:2,none,0,100,3,tesa,45,0,0,none,1,main,0.2829198489071013,25,3,134,7,40,5,63,1,0,1,Action_480p_30fps_15s
1079,0,p8x8,0,1.7703159785329992,1,10,1,-3,29.32159763936856,-4:4,none,0,100,3,tesa,45,0,0,none,1,main,0.2829198489071013,25,3,141,7,29,5,63,1,0,1,Action_480p_30fps_15s
1079,0,p8x8,2,1.9962941833638503,1,10,1,-10,29.32159763936856,-4:4,auto,0,100,3,tesa,45,0,0,none,1,main,0.9544631986942628,22,3,141,7,40,5,63,1,0,1,Action_480p_30fps_15s
1079,0,p8x8,1,1.7703159785329992,1,10,1,7,29.32159763936856,-4:4,none,0,100,3,tesa,35,0,0,none,1,main,0.2829198489071013,25,3,141,7,29,5,63,1,0,1,Action_480p_30fps_15s
1079,0,p8x8,0,1.7703159785329992,1,10,1,-10,29.32159763936856,-4:4,none,0,100,3,tesa,35,0,0,none,1,main,0.2829198489071013,49,3,134,7,40,5,63,1,0,1,Action_480p_30fps_15s
1079,0,p8x8,2,1.7703159785329992,1,5,1,-5,29.32159763936856,-4:4,none,0,100,3,tesa,45,0,0,none,1,main,0.2829198489071013,25,3,141,6,29,5,63,1,0,1,Action_480p_30fps_15s
1079,0,p8x8,2,1.7703159785329992,1,5,1,-5,29.32159763936856,-4:4,none,0,100,3,tesa,45,0,0,none,1,main,0.2829198489071013,39,1,141,7,29,5,63,1,0,1,Action_480p_30fps_15s
1079,0,p8x8,1,1.8381750469507383,1,10,0,-10,29.32159763936856,2:2,none,0,100,3,tesa,45,0,0,none,1,main,0.2829198489071013,25,3,141,7,29,5,63,1,0,1,Action_480p_30fps_15s
1079,0,p8x8,0,1.170360342283746,1,10,1,-10,29.32159763936856,-4:4,none,0,100,2,tesa,45,0,0,none,1,main,0.2829198489071013,25,3,141,7,29,5,63,1,0,1,Action_480p_30fps_15s
1079,0,p8x8,0,1.7703159785329992,1,10,0,-10,33.922332913174714,-4:4,none,0,134,3,tesa,45,0,0,none,1,main,0.9544631986942628,25,3,141,7,40,5,63,1,0,1,Action_480p_30fps_15s
1079,0,p8x8,1,1.8381750469507383,1,10,0,-10,29.32159763936856,2:2,none,0,100,3,esa,45,0,0,none,1,main,0.2829198489071013,25,3,134,7,40,5,63,1,0,1,Action_480p_30fps_15s
1079,0,p8x8,0,1.7703159785329992,1,10,0,-10,29.32159763936856,-4:4,none,0,100,3,tesa,45,0,0,none,1,main,0.2829198489071013,25,3,141,7,29,5,63,1,0,1,Action_480p_30fps_15s
1633,0,p8x8,1,1.7703159785329992,1,10,0,-10,29.32159763936856,2:2,none,0,100,3,tesa,45,0,0,none,1,main,0.2829198489071013,48,3,134,5,40,5,51,1,0,1,Action_480p_30fps_15s
1079,1,p8x8,2,1.7703159785329992,1,10,0,-10,29.32159763936856,2:2,none,0,100,3,tesa,55,0,0,none,1,main,0.2829198489071013,25,3,141,7,29,5,63,2,0,1,Action_480p_30fps_15s
1079,0,p8x8,1,1.7703159785329992,1,10,0,-10,29.32159763936856,1:1,none,0,100,3,tesa,45,0,0,none,1,main,0.2829198489071013,25,3,134,7,40,5,9,1,0,1,Action_480p_30fps_15s
1079,0,p8x8,2,1.7703159785329992,2,10,0,-10,29.32159763936856,-4:4,temporal,0,100,3,tesa,39,0,0,none,1,baseline,0.9544631986942628,25,3,141,7,29,5,22,1,0,1,Action_480p_30fps_15s
1079,0,none,0,1.7703159785329992,1,7,1,1,25.059861731496472,6:6,auto,1,215,4,dia,10,0,0,cbr,1,baseline,0.6493532546000097,22,4,111,1,92,0,0,0,1,0,Still_image_1080p_60fps_5s
1079,1,none,0,1.7703159785329992,1,7,1,1,25.059861731496472,6:6,auto,1,215,4,dia,10,0,0,none,1,main,0.2829198489071013,25,3,141,6,29,5,63,1,0,1,Still_image_1080p_60fps_5s
1974,0,p4x4,2,0.8031596101194036,2,7,0,1,25.059861731496472,5:-5,auto,1,215,4,umh,10,0,0,cbr,1,baseline,0.6493532546000097,22,4,111,13,80,4,2,0,0,0,Still_image_1080p_60fps_5s
1079,0,p4x4,2,0.8031596101194036,1,10,0,-11,25.059861731496472,5:-5,auto,1,215,4,umh,10,0,0,cbr,1,baseline,0.6493532546000097,22,4,111,10,80,4,53,2,1,1,Still_image_1080p_60fps_5s
1079,0,p8x8,0,1.7703159785329992,1,7,0,1,25.059861731496472,5:-5,auto,1,215,4,umh,10,0,0,cbr,1,baseline,0.6493532546000097,22,4,111,3,80,0,2,0,0,0,Still_image_1080p_60fps_5s
1079,0,p8x8,3,1.7703159785329992,1,7,0,1,25.059861731496472,5:-5,auto,1,215,4,umh,10,0,0,cbr,1,baseline,0.6493532546000097,22,4,111,13,80,4,2,0,0,0,Still_image_1080p_60fps_5s
1132,0,p4x4,2,0.8031596101194036,1,10,0,-11,25.059861731496472,6:6,auto,1,270,4,tesa,10,0,0,cbr,1,baseline,0.6493532546000097,22,4,111,1,92,0,0,0,1,0,Still_image_1080p_60fps_5s
1079,0,p8x8,0,1.7703159785329992,1,7,0,1,25.059861731496472,5:-5,auto,1,215,4,umh,10,0,0,cbr,1,baseline,0.6493532546000097,22,4,111,13,80,4,2,0,1,0,Still_image_1080p_60fps_5s
434,0,p8x8,0,1.7703159785329992,1,7,0,1,25.059861731496472,0:0,auto,1,401,4,umh,10,0,0,cbr,1,baseline,0.6493532546000097,22,4,111,3,80,0,2,0,0,1,Still_image_1080p_60fps_5s
1132,0,p4x4,2,0.8031596101194036,1,10,0,-11,25.059861731496472,6:6,auto,1,270,4,tesa,10,0,0,cbr,1,baseline,0.6493532546000097,22,4,111,3,80,0,2,0,0,0,Still_image_1080p_60fps_5s
1079,0,p8x8,0,1.7703159785329992,1,7,0,1,25.059861731496472,5:-5,auto,1,215,4,umh,10,0,0,cbr,1,baseline,0.6493532546000097,22,6,249,1,92,0,0,0,1,0,Still_image_1080p_60fps_5s
1974,0,p4x4,2,0.8031596101194036,2,7,0,1,25.059861731496472,5:-5,auto,1,215,4,dia,10,0,0,cbr,1,baseline,0.6493532546000097,28,4,111,1,92,0,0,0,1,0,Still_image_1080p_60fps_5s
1407,0,p4x4,2,0.8031596101194036,1,10,0,-11,25.059861731496472,5:-5,auto,1,215,2,dia,10,0,0,cbr,1,baseline,0.6493532546000097,22,4,111,1,92,9,0,0,1,0,Still_image_1080p_60fps_5s
1079,0,p8x8,1,0.9753679292089328,1,10,0,-11,25.059861731496472,5:-5,auto,1,215,4,umh,10,0,0,cbr,1,baseline,0.6493532546000097,22,4,111,10,80,4,53,2,1,0,Still_image_1080p_60fps_5s
1407,0,"p8x8,b8x8,i8x8,i4x4",2,0.8031596101194036,1,10,0,-11,22.33527033185565,5:-5,auto,1,215,2,dia,10,0,0,cbr,1,baseline,0.6493532546000097,22,4,27,13,2,4,2,0,0,0,Still_image_1080p_60fps_5s
1974,0,p4x4,2,0.8031596101194036,2,7,0,8,25.059861731496472,5:-5,auto,1,215,4,umh,10,0,0,cbr,1,baseline,0.6493532546000097,22,4,111,1,92,9,0,0,1,0,Still_image_1080p_60fps_5s
1974,0,p4x4,2,0.8031596101194036,2,7,0,-5,25.059861731496472,5:-5,auto,1,215,4,umh,10,0,0,cbr,1,baseline,0.6493532546000097,22,4,111,12,80,4,2,0,1,1,Still_image_1080p_60fps_5s
2055,0,p4x4,2,0.8031596101194036,1,10,0,-11,25.059861731496472,6:6,auto,1,402,4,hex,10,0,0,cbr,1,baseline,0.6493532546000097,35,4,111,8,92,0,0,0,1,0,Still_image_1080p_60fps_5s
1079,0,p8x8,2,1.7703159785329992,1,10,1,-10,29.32159763936856,-4:4,auto,0,100,3,tesa,45,0,0,none,1,main,0.9544631986942628,25,3,141,7,40,5,63,1,0,1,Still_image_1080p_60fps_5s
1079,0,p8x8,2,1.7703159785329992,1,10,1,-10,29.32159763936856,-4:4,none,0,100,3,tesa,45,0,0,none,1,main,0.2829198489071013,25,3,134,7,40,5,63,1,0,1,Still_image_1080p_60fps_5s
1079,0,none,1,1.9748663738410028,1,4,0,1,25.059861731496472,-6:6,auto,0,215,4,umh,21,0,0,cbr,1,baseline,0.6493532546000097,22,4,111,13,80,4,2,0,0,0,Still_image_720p_60fps_10s
1079,0,p4x4,2,0.8031596101194036,1,10,0,-11,25.059861731496472,5:-5,auto,1,215,4,umh,10,0,0,cbr,1,baseline,0.6493532546000097,22,4,111,10,80,4,53,2,1,1,Still_image_720p_60fps_10s
1974,0,p4x4,2,0.8031596101194036,2,7,0,1,25.059861731496472,5:-5,auto,1,184,4,dia,10,0,0,cbr,1,baseline,0.6493532546000097,22,4,111,1,92,0,2,0,0,0,Still_image_720p_60fps_10s
1974,0,p4x4,2,0.8031596101194036,2,7,0,1,25.059861731496472,3:-3,auto,1,215,4,umh,21,0,0,cbr,1,baseline,0.6493532546000097,22,4,111,13,80,4,2,0,0,0,Still_image_720p_60fps_10s
1079,0,none,3,1.9748663738410028,1,4,0,1,25.059861731496472,3:-3,auto,1,215,4,umh,10,0,0,cbr,1,baseline,0.6493532546000097,22,4,111,13,80,4,2,0,0,0,Still_image_720p_60fps_10s
1079,0,p8x8,0,1.7703159785329992,1,7,0,1,25.059861731496472,5:-5,auto,1,215,4,umh,10,0,0,cbr,1,baseline,0.6493532546000097,22,4,111,3,80,0,2,0,0,0,Still_image_720p_60fps_10s
1974,0,p4x4,2,1.3617298251399643,2,7,0,1,25.059861731496472,5:-5,auto,1,215,4,umh,10,0,0,cbr,1,baseline,0.6493532546000097,22,4,111,13,80,4,2,0,0,0,Still_image_720p_60fps_10s
1079,0,p8x8,3,1.7703159785329992,1,7,0,1,25.059861731496472,5:-5,auto,1,215,4,umh,10,0,0,cbr,1,baseline,0.6493532546000097,22,4,111,13,80,4,2,0,0,0,Still_image_720p_60fps_10s
1974,0,p4x4,2,0.8031596101194036,2,7,0,1,25.059861731496472,5:-5,auto,1,215,4,umh,10,0,0,cbr,1,baseline,0.6493532546000097,22,4,111,13,80,4,2,0,0,0,Still_image_720p_60fps_10s
1639,0,p4x4,2,0.8031596101194036,1,7,0,1,25.059861731496472,3:-3,auto,1,215,4,umh,21,0,0,cbr,1,baseline,0.6493532546000097,22,4,111,13,80,4,1,0,0,0,Still_image_720p_60fps_10s
1974,0,p4x4,1,0.8031596101194036,2,7,0,1,25.059861731496472,5:-5,auto,1,184,4,dia,10,0,0,cbr,1,baseline,0.084791151994838,22,4,111,5,92,0,2,0,1,0,Still_image_720p_60fps_10s
1974,0,p4x4,2,0.8031596101194036,2,7,0,1,25.059861731496472,4:4,auto,1,184,4,dia,10,0,0,cbr,1,baseline,0.6493532546000097,21,4,111,1,92,0,44,0,0,0,Still_image_720p_60fps_10s
1079,0,none,3,1.9748663738410028,1,4,0,1,25.059861731496472,3:-3,auto,1,215,4,umh,22,0,0,cbr,1,baseline,0.6493532546000097,22,4,111,13,80,4,2,0,0,0,Still_image_720p_60fps_10s
1974,0,p4x4,1,0.8031596101194036,2,7,0,1,25.059861731496472,5:-5,auto,1,184,4,dia,10,0,0,cbr,1,baseline,0.084791151994838,22,4,111,5,92,0,2,0,1,1,Still_image_720p_60fps_10s
1079,0,none,3,1.9748663738410028,1,4,0,1,19.94861087989177,3:-3,auto,1,215,4,umh,10,0,0,cbr,1,baseline,0.5168133920197449,22,4,111,2,47,4,2,0,0,0,Still_image_720p_60fps_10s
1079,0,none,3,1.9748663738410028,1,4,0,1,25.059861731496472,-6:6,auto,1,215,4,umh,10,0,0,cbr,1,baseline,0.6493532546000097,23,4,111,13,34,4,2,0,0,0,Still_image_720p_60fps_10s
1079,0,none,3,1.9748663738410028,1,4,0,6,25.059861731496472,-2:2,auto,1,215,4,umh,10,0,0,cbr,1,baseline,0.6493532546000097,22,4,111,13,80,4,2,0,0,0,Still_image_720p_60fps_10s
1079,0,p4x4,2,0.8031596101194036,1,10,0,1,3.973377611017614,5:-5,auto,1,215,4,umh,10,0,0,cbr,1,baseline,0.6493532546000097,22,5,111,13,80,4,2,0,0,0,Still_image_720p_60fps_10s
1974,0,p4x4,2,1.3617298251399643,2,4,0,1,25.059861731496472,-6:6,auto,1,215,4,umh,10,0,1,cbr,1,baseline,0.6493532546000097,23,4,88,13,34,4,2,0,0,0,Still_image_720p_60fps_10s
1079,0,none,3,0.5104855622259826,1,7,0,1,25.059861731496472,5:-5,auto,1,215,4,umh,10,0,0,cbr,1,baseline,0.6493532546000097,22,4,111,13,80,4,2,0,0,0,Still_image_720p_60fps_10s
1079,0,p8x8,0,1.7703159785329992,1,10,1,-10,29.32159763936856,-4:4,none,0,100,3,tesa,45,0,0,none,1,main,0.2829198489071013,25,3,141,7,29,5,63,1,0,1,Standard_1080p_30fps_20s
1079,0,p8x8,2,1.7703159785329992,1,10,1,-10,29.32159763936856,-4:4,auto,0,100,3,tesa,45,0,0,none,1,main,0.9544631986942628,25,3,141,7,40,5,63,1,0,1,Standard_1080p_30fps_20s
1079,0,p8x8,2,1.7703159785329992,1,10,1,-10,29.32159763936856,-4:4,none,0,100,3,tesa,45,0,0,none,1,main,0.2829198489071013,25,3,134,7,40,5,63,1,0,1,Standard_1080p_30fps_20s
1079,0,p8x8,2,1.7703159785329992,1,10,1,-10,29.32159763936856,-4:4,none,0,100,3,tesa,45,0,0,none,1,main,0.2829198489071013,25,3,141,7,40,5,63,1,0,1,Standard_1080p_30fps_20s
1079,0,p8x8,2,1.9962941833638503,1,10,1,-10,29.32159763936856,-4:4,auto,0,100,3,tesa,45,0,0,none,1,main,0.9544631986942628,22,3,141,7,40,5,63,1,0,1,Standard_1080p_30fps_20s
1079,0,p8x8,0,1.7703159785329992,1,10,1,-3,29.32159763936856,-4:4,none,0,100,3,tesa,45,0,0,none,1,main,0.2829198489071013,25,3,141,7,29,5,63,1,0,1,Standard_1080p_30fps_20s
1079,0,p8x8,1,1.7703159785329992,1,10,1,7,29.32159763936856,-4:4,none,0,100,3,tesa,35,0,0,none,1,main,0.2829198489071013,25,3,141,7,29,5,63,1,0,1,Standard_1080p_30fps_20s
1079,0,p8x8,1,1.7703159785329992,1,10,0,-10,29.32159763936856,2:2,none,0,100,3,tesa,45,0,0,none,1,main,0.2829198489071013,25,3,134,7,40,5,63,1,0,1,Standard_1080p_30fps_20s
1079,0,p8x8,0,1.7703159785329992,1,10,1,-10,29.32159763936856,-4:4,none,0,100,3,tesa,35,0,0,none,1,main,0.2829198489071013,49,3,134,7,40,5,63,1,0,1,Standard_1080p_30fps_20s
1079,0,p8x8,2,1.7703159785329992,1,5,1,-5,29.32159763936856,-4:4,none,0,100,3,tesa,45,0,0,none,1,main,0.2829198489071013,25,3,141,6,29,5,63,1,0,1,Standard_1080p_30fps_20s
1079,0,p8x8,2,0.8239118566120954,1,10,1,-10,29.32159763936856,-4:4,none,0,100,3,tesa,45,0,0,none,1,main,0.2829198489071013,25,3,141,7,29,5,63,2,0,1,Standard_1080p_30fps_20s
1079,0,p8x8,1,0.9110636702503694,1,10,1,-10,29.32159763936856,-4:4,none,0,100,3,tesa,45,0,1,none,1,main,0.2829198489071013,25,3,134,7,40,5,63,1,0,1,Standard_1080p_30fps_20s
1079,0,p8x8,0,1.7703159785329992,1,10,1,-10,29.32159763936856,-4:4,none,0,100,3,tesa,14,0,0,none,1,main,0.2829198489071013,49,3,134,7,40,5,63,1,0,1,Standard_1080p_30fps_20s
1079,0,p8x8,2,1.7703159785329992,1,10,1,-10,29.32159763936856,-4:4,auto,0,100,3,tesa,45,0,0,none,1,main,0.2829198489071013,25,3,176,6,29,5,63,1,0,1,Standard_1080p_30fps_20s
324,0,p8x8,2,1.7703159785329992,1,6,0,-5,29.32159763936856,-4:4,none,0,100,3,tesa,45,1,0,none,1,main,0.9544631986942628,25,3,141,7,40,5,63,1,0,1,Standard_1080p_30fps_20s
1079,0,p8x8,0,1.7703159785329992,1,10,1,-10,29.32159763936856,-4:4,none,0,100,3,tesa,35,0,0,none,1,main,0.2829198489071013,25,3,134,7,40,5,63,1,0,1,Standard_1080p_30fps_20s
1079,0,p8x8,0,1.7703159785329992,1,10,1,-10,29.32159763936856,-4:4,none,0,100,3,tesa,45,0,0,none,1,main,0.2829198489071013,25,3,134,9,40,5,63,2,0,1,Standard_1080p_30fps_20s
2012,0,p8x8,2,1.7703159785329992,1,10,1,-10,29.32159763936856,-4:4,auto,0,100,3,tesa,45,0,0,none,1,main,0.2829198489071013,25,3,176,6,29,5,63,1,0,1,Standard_1080p_30fps_20s
1079,0,p8x8,2,1.7703159785329992,1,5,0,-5,29.32159763936856,-4:4,temporal,0,100,3,tesa,45,0,0,none,1,main,0.2829198489071013,25,3,141,7,29,5,34,2,0,1,Standard_1080p_30fps_20s
2023,0,p8x8,2,1.7703159785329992,1,10,0,-10,29.32159763936856,2:2,none,0,100,3,tesa,45,0,0,none,1,baseline,0.8714905602917009,25,3,134,7,19,5,56,1,0,1,Standard_1080p_30fps_20s
1079,0,none,0,1.7703159785329992,1,7,1,1,25.059861731496472,6:6,auto,1,215,4,dia,10,0,0,cbr,1,baseline,0.6493532546000097,22,4,111,1,92,0,0,0,1,0,Big_1080p_25fps_20s
1079,0,p8x8,0,1.7703159785329992,1,7,0,1,25.059861731496472,5:-5,auto,1,215,4,umh,10,0,0,cbr,1,baseline,0.6493532546000097,22,4,111,3,80,0,2,0,0,0,Big_1080p_25fps_20s
1974,0,p4x4,2,0.8031596101194036,2,7,0,1,25.059861731496472,5:-5,auto,1,215,4,umh,10,0,0,cbr,1,baseline,0.6493532546000097,22,4,111,13,80,4,2,0,0,0,Big_1080p_25fps_20s
1974,0,p4x4,2,0.8031596101194036,2,7,0,1,25.059861731496472,5:-5,auto,1,184,4,dia,10,0,0,cbr,1,baseline,0.6493532546000097,22,4,111,1,92,0,2,0,0,0,Big_1080p_25fps_20s
1079,0,p8x8,3,1.7703159785329992,1,7,0,1,25.059861731496472,5:-5,auto,1,215,4,umh,10,0,0,cbr,1,baseline,0.6493532546000097,22,4,111,13,80,4,2,0,0,0,Big_1080p_25fps_20s
1974,0,p4x4,2,0.8031596101194036,2,7,0,1,25.059861731496472,3:-3,auto,1,215,4,umh,21,0,0,cbr,1,baseline,0.6493532546000097,22,4,111,13,80,4,2,0,0,0,Big_1080p_25fps_20s
1079,0,p4x4,2,0.8031596101194036,1,10,0,-11,25.059861731496472,5:-5,auto,1,215,4,umh,10,0,0,cbr,1,baseline,0.6493532546000097,22,4,111,10,80,4,53,2,1,1,Big_1080p_25fps_20s
1639,0,p4x4,2,0.8031596101194036,1,7,0,1,25.059861731496472,3:-3,auto,1,215,4,umh,21,0,0,cbr,1,baseline,0.6493532546000097,22,4,111,13,80,4,1,0,0,0,Big_1080p_25fps_20s
1974,0,p4x4,1,0.8031596101194036,2,7,0,1,25.059861731496472,5:-5,auto,1,184,4,dia,10,0,0,cbr,1,baseline,0.084791151994838,22,4,111,5,92,0,2,0,1,0,Big_1080p_25fps_20s
1079,0,none,3,1.9748663738410028,1,4,0,1,25.059861731496472,3:-3,auto,1,215,4,umh,10,0,0,cbr,1,baseline,0.6493532546000097,22,4,111,13,80,4,2,0,0,0,Big_1080p_25fps_20s
1079,0,none,3,1.9748663738410028,1,4,0,1,25.059861731496472,3:-3,auto,1,215,4,umh,10,1,0,cbr,1,baseline,0.6493532546000097,22,13,111,3,80,0,2,0,0,0,Big_1080p_25fps_20s
1079,0,p4x4,2,0.8031596101194036,2,7,0,1,25.059861731496472,5:-5,auto,1,184,4,dia,10,0,0,cbr,1,baseline,0.084791151994838,22,3,111,5,92,0,2,0,1,0,Big_1080p_25fps_20s
1079,0,p8x8,0,1.7703159785329992,1,7,0,11,25.059861731496472,1:1,auto,1,215,4,umh,10,0,0,cbr,1,baseline,0.6493532546000097,22,4,111,3,41,0,2,2,1,0,Big_1080p_25fps_20s
1079,0,p4x4,2,0.8031596101194036,1,10,0,-11,25.059861731496472,2:2,auto,1,215,4,umh,10,0,0,cbr,1,high,0.6493532546000097,22,4,111,3,80,0,2,0,0,0,Big_1080p_25fps_20s
1079,0,p8x8,2,1.7703159785329992,1,7,0,11,25.059861731496472,1:1,auto,1,215,2,umh,10,0,0,cbr,1,baseline,0.6493532546000097,22,4,111,3,41,0,2,2,1,0,Big_1080p_25fps_20s
1079,0,p8x8,2,1.7703159785329992,1,7,0,-5,25.059861731496472,3:3,auto,1,215,4,umh,10,0,0,cbr,1,baseline,0.6493532546000097,22,4,111,3,41,0,2,2,1,0,Big_1080p_25fps_20s
1282,0,p8x8,2,0.8031596101194036,2,4,0,1,25.059861731496472,5:-5,auto,1,184,4,dia,10,0,0,cbr,1,baseline,0.084791151994838,22,3,111,5,92,2,2,0,1,1,Big_1080p_25fps_20s
1079,0,p8x8,0,1.7077155992590969,1,7,0,1,25.059861731496472,5:-5,auto,1,215,4,umh,10,0,0,cbr,1,baseline,0.106792850156811,22,4,111,3,41,0,2,0,1,0,Big_1080p_25fps_20s
1974,0,p4x4,2,0.8031596101194036,2,7,0,1,25.059861731496472,3:-3,spatial,1,215,4,umh,21,0,0,cbr,1,baseline,0.6493532546000097,22,4,111,3,80,0,2,0,0,0,Big_1080p_25fps_20s
22,0,none,3,1.9748663738410028,1,4,0,11,25.059861731496472,6:6,auto,1,215,4,dia,16,0,0,cbr,1,baseline,0.6493532546000097,22,4,111,1,2,0,0,0,1,0,Big_1080p_25fps_20s
1974,0,p4x4,2,0.8031596101194036,2,7,0,1,25.059861731496472,5:-5,auto,1,215,4,umh,10,0,0,cbr,1,baseline,0.6493532546000097,22,4,111,13,80,4,2,0,0,0,Big_720p_60fps_10s
1079,0,p8x8,3,1.7703159785329992,1,7,0,1,25.059861731496472,5:-5,auto,1,215,4,umh,10,0,0,cbr,1,baseline,0.6493532546000097,22,4,111,13,80,4,2,0,0,0,Big_720p_60fps_10s
1079,0,p4x4,2,0.8031596101194036,1,10,0,-11,25.059861731496472,5:-5,auto,1,215,4,umh,10,0,0,cbr,1,baseline,0.6493532546000097,22,4,111,10,80,4,53,2,1,1,Big_720p_60fps_10s
1079,0,p8x8,0,1.7703159785329992,1,7,0,1,25.059861731496472,5:-5,auto,1,215,4,umh,10,0,0,cbr,1,baseline,0.6493532546000097,22,4,111,3,80,0,2,0,0,0,Big_720p_60fps_10s
1974,0,p4x4,2,0.8031596101194036,2,7,0,1,25.059861731496472,5:-5,auto,1,184,4,dia,10,0,0,cbr,1,baseline,0.6493532546000097,22,4,111,1,92,0,2,0,0,0,Big_720p_60fps_10s
1974,0,p4x4,2,0.8031596101194036,2,7,0,1,25.059861731496472,3:-3,auto,1,215,4,umh,21,0,0,cbr,1,baseline,0.6493532546000097,22,4,111,13,80,4,2,0,0,0,Big_720p_60fps_10s
1974,0,p4x4,2,0.8031596101194036,2,7,0,1,25.059861731496472,5:5,auto,1,215,4,umh,10,0,0,cbr,1,baseline,0.6493532546000097,22,4,111,13,80,4,2,0,0,0,Big_720p_60fps_10s
1079,0,none,3,1.9748663738410028,1,4,0,1,25.059861731496472,3:-3,auto,1,215,4,umh,10,0,0,cbr,1,baseline,0.6493532546000097,22,4,111,13,80,4,2,0,0,0,Big_720p_60fps_10s
1639,0,p4x4,2,0.8031596101194036,1,7,0,1,25.059861731496472,3:-3,auto,1,215,4,umh,21,0,0,cbr,1,baseline,0.6493532546000097,22,4,111,13,80,4,1,0,0,0,Big_720p_60fps_10s
1974,0,p4x4,1,0.8031596101194036,2,7,0,1,25.059861731496472,5:-5,auto,1,184,4,dia,10,0,0,cbr,1,baseline,0.084791151994838,22,4,111,5,92,0,2,0,1,0,Big_720p_60fps_10s
1079,0,p8x8,0,1.7703159785329992,1,7,0,1,25.059861731496472,5:-5,auto,1,215,4,umh,10,0,0,cbr,1,baseline,0.6493532546000097,22,4,111,13,80,4,2,0,1,0,Big_720p_60fps_10s
434,0,p8x8,0,1.7703159785329992,1,7,0,1,25.059861731496472,0:0,auto,1,401,4,umh,10,0,0,cbr,1,baseline,0.6493532546000097,22,4,111,3,80,0,2,0,0,1,Big_720p_60fps_10s
1132,0,p4x4,2,0.8031596101194036,1,10,0,-11,25.059861731496472,6:6,auto,1,270,4,tesa,10,0,0,cbr,1,baseline,0.6493532546000097,22,4,111,1,92,0,0,0,1,0,Big_720p_60fps_10s
1079,0,none,3,1.9748663738410028,1,4,0,1,25.059861731496472,3:-3,auto,1,401,4,umh,10,0,0,cbr,1,baseline,0.6493532546000097,22,4,111,3,80,0,2,0,0,1,Big_720p_60fps_10s
1079,0,none,2,0.8031596101194036,2,0,0,-11,25.059861731496472,5:-5,auto,1,215,4,umh,10,0,0,cbr,1,baseline,0.6493532546000097,22,4,134,7,40,5,63,1,0,1,Big_720p_60fps_10s
1974,0,p4x4,2,0.8031596101194036,2,6,0,1,25.059861731496472,5:5,auto,1,215,4,umh,10,0,0,cbr,1,baseline,0.6493532546000097,22,4,111,13,80,2,2,0,1,0,Big_720p_60fps_10s
434,0,p8x8,0,1.5270546797508,1,7,0,1,44.018453348643085,0:0,auto,1,401,4,umh,10,0,0,cbr,1,baseline,0.084791151994838,22,4,111,5,92,0,2,0,1,0,Big_720p_60fps_10s
1132,0,p4x4,2,0.8031596101194036,2,10,1,-11,25.059861731496472,6:6,auto,0,270,4,tesa,10,0,0,cbr,1,baseline,0.4860962532737965,22,4,111,1,92,0,0,0,1,0,Big_720p_60fps_10s
1079,0,p8x8,0,1.7703159785329992,2,7,0,3,25.059861731496472,5:-5,auto,1,1,4,umh,10,0,0,cbr,1,baseline,0.6493532546000097,22,4,111,1,3,0,0,0,1,0,Big_720p_60fps_10s
1079,0,none,3,0.717727207894949,1,4,0,1,25.059861731496472,3:-3,auto,1,401,4,umh,10,0,0,cbr,1,baseline,0.084791151994838,22,4,111,5,92,0,2,0,0,0,Big_720p_60fps_10s
1079,0,p8x8,0,1.7703159785329992,1,10,1,-10,29.32159763936856,-4:4,none,0,100,3,tesa,45,0,0,none,1,main,0.2829198489071013,25,3,141,7,29,5,63,1,0,1,Action_720p_60fps_20s
1079,0,p8x8,2,1.7703159785329992,1,10,1,-10,29.32159763936856,-4:4,none,0,100,3,tesa,45,0,0,none,1,main,0.2829198489071013,25,3,134,7,40,5,63,1,0,1,Action_720p_60fps_20s
1079,0,p8x8,2,1.7703159785329992,1,10,1,-10,29.32159763936856,-4:4,auto,0,100,3,tesa,45,0,0,none,1,main,0.9544631986942628,25,3,141,7,40,5,63,1,0,1,Action_720p_60fps_20s
1079,0,p8x8,2,1.7703159785329992,1,10,1,-10,29.32159763936856,-4:4,none,0,100,3,tesa,45,0,0,none,1,main,0.2829198489071013,25,3,141,7,40,5,63,1,0,1,Action_720p_60fps_20s
1079,0,p8x8,1,1.7703159785329992,1,10,0,-10,29.32159763936856,2:2,none,0,100,3,tesa,45,0,0,none,1,main,0.2829198489071013,25,3,134,7,40,5,63,1,0,1,Action_720p_60fps_20s
1079,0,p8x8,2,1.9962941833638503,1,10,1,-10,29.32159763936856,-4:4,auto,0,100,3,tesa,45,0,0,none,1,main,0.9544631986942628,22,3,141,7,40,5,63,1,0,1,Action_720p_60fps_20s
1079,0,p8x8,0,1.7703159785329992,1,10,1,-3,29.32159763936856,-4:4,none,0,100,3,tesa,45,0,0,none,1,main,0.2829198489071013,25,3,141,7,29,5,63,1,0,1,Action_720p_60fps_20s
1079,0,p8x8,1,1.7703159785329992,1,10,1,7,29.32159763936856,-4:4,none,0,100,3,tesa,35,0,0,none,1,main,0.2829198489071013,25,3,141,7,29,5,63,1,0,1,Action_720p_60fps_20s
1079,0,p8x8,0,1.7703159785329992,1,10,1,-10,29.32159763936856,-4:4,none,0,100,3,tesa,35,0,0,none,1,main,0.2829198489071013,49,3,134,7,40,5,63,1,0,1,Action_720p_60fps_20s
1079,0,p8x8,2,1.7703159785329992,1,5,1,-5,29.32159763936856,-4:4,none,0,100,3,tesa,45,0,0,none,1,main,0.2829198489071013,25,3,141,6,29,5,63,1,0,1,Action_720p_60fps_20s
1079,0,p8x8,2,0.296249058842245,1,10,1,-10,29.32159763936856,-4:4,none,0,304,3,tesa,45,0,0,none,1,main,0.2829198489071013,40,3,141,7,40,7,63,1,0,2,Action_720p_60fps_20s
1079,0,p8x8,2,0.8848789024034137,1,10,1,-10,29.32159763936856,-4:4,none,0,100,3,tesa,14,0,0,none,0,main,0.2829198489071013,25,3,141,7,29,5,63,1,0,1,Action_720p_60fps_20s
1079,1,p8x8,2,1.9962941833638503,1,10,0,-10,29.32159763936856,-4:4,auto,0,100,3,tesa,45,0,0,none,1,main,0.9544631986942628,22,3,141,7,40,5,63,0,0,1,Action_720p_60fps_20s
1079,0,p8x8,0,1.7703159785329992,1,10,1,-3,29.32159763936856,-4:4,none,0,100,3,tesa,45,0,0,none,1,main,0.2829198489071013,25,11,141,7,29,5,63,1,0,1,Action_720p_60fps_20s
1079,0,p8x8,2,0.8848789024034137,1,10,1,-10,29.32159763936856,-4:4,none,0,100,1,esa,14,0,0,none,1,main,0.2829198489071013,25,3,134,7,40,5,63,1,0,1,Action_720p_60fps_20s
1079,0,p8x8,2,1.9962941833638503,1,10,0,-10,29.32159763936856,-4:4,auto,0,100,3,dia,45,0,0,none,1,main,0.2829198489071013,25,3,134,7,40,5,63,1,0,1,Action_720p_60fps_20s
1079,0,p8x8,2,0.8848789024034137,1,10,1,-10,29.32159763936856,-4:4,none,0,100,1,esa,14,0,0,none,1,main,0.2829198489071013,25,3,112,3,40,5,63,1,0,1,Action_720p_60fps_20s
1943,0,p8x8,0,1.7703159785329992,1,10,0,-3,29.32159763936856,-4:4,none,0,100,3,tesa,35,1,0,none,1,main,0.2829198489071013,37,3,141,7,29,5,63,1,0,1,Action_720p_60fps_20s
1079,0,p8x8,2,0.296249058842245,1,10,1,-10,39.19104779517417,-4:4,none,0,304,3,tesa,45,0,0,none,1,main,0.2829198489071013,25,18,141,7,29,5,63,1,0,1,Action_720p_60fps_20s
1079,0,p8x8,2,1.7703159785329992,1,10,1,-10,29.32159763936856,-4:4,none,0,100,3,esa,45,0,0,none,1,main,0.94721478966419,25,12,141,7,40,5,63,1,0,1,Action_720p_60fps_20s
1079,0,p8x8,0,1.7703159785329992,1,7,0,1,25.059861731496472,5:-5,auto,1,215,4,umh,10,0,0,cbr,1,baseline,0.6493532546000097,22,4,111,3,80,0,2,0,0,0,Still_image_1080p_30fps_20s
1974,0,p4x4,2,0.8031596101194036,2,7,0,1,25.059861731496472,5:-5,auto,1,215,4,umh,10,0,0,cbr,1,baseline,0.6493532546000097,22,4,111,13,80,4,2,0,0,0,Still_image_1080p_30fps_20s
1974,0,p4x4,2,0.8031596101194036,2,7,0,1,25.059861731496472,5:-5,auto,1,184,4,dia,10,0,0,cbr,1,baseline,0.6493532546000097,22,4,111,1,92,0,2,0,0,0,Still_image_1080p_30fps_20s
1079,0,p4x4,2,0.8031596101194036,1,10,0,-11,25.059861731496472,5:-5,auto,1,215,4,umh,10,0,0,cbr,1,baseline,0.6493532546000097,22,4,111,10,80,4,53,2,1,1,Still_image_1080p_30fps_20s
1974,0,p4x4,2,0.8031596101194036,2,7,0,1,25.059861731496472,3:-3,auto,1,215,4,umh,21,0,0,cbr,1,baseline,0.6493532546000097,22,4,111,13,80,4,2,0,0,0,Still_image_1080p_30fps_20s
1079,0,p8x8,3,1.7703159785329992,1,7,0,1,25.059861731496472,5:-5,auto,1,215,4,umh,10,0,0,cbr,1,baseline,0.6493532546000097,22,4,111,13,80,4,2,0,0,0,Still_image_1080p_30fps_20s
1974,0,p4x4,2,0.8031596101194036,2,7,0,1,25.059861731496472,5:5,auto,1,215,4,umh,10,0,0,cbr,1,baseline,0.6493532546000097,22,4,111,13,80,4,2,0,0,0,Still_image_1080p_30fps_20s
1974,0,p4x4,2,0.8031596101194036,1,7,0,1,25.059861731496472,5:-5,auto,1,215,4,umh,10,0,0,cbr,1,baseline,0.6493532546000097,22,4,118,3,4,0,2,0,0,0,Still_image_1080p_30fps_20s
1079,0,p8x8,3,1.7703159785329992,1,7,0,1,25.059861731496472,5:-5,auto,1,215,4,umh,10,1,0,cbr,1,baseline,0.6493532546000097,22,4,111,3,80,0,2,0,1,0,Still_image_1080p_30fps_20s
1974,0,p4x4,2,0.8031596101194036,2,14,0,1,25.059861731496472,-3:3,auto,1,215,4,umh,10,0,0,cbr,1,baseline,0.6493532546000097,22,4,111,13,80,4,2,0,1,0,Still_image_1080p_30fps_20s
1079,0,none,2,0.8031596101194036,1,10,0,-11,25.059861731496472,5:-5,auto,1,215,4,umh,10,0,0,cbr,1,baseline,0.6493532546000097,22,4,185,3,4,6,2,0,0,0,Still_image_1080p_30fps_20s
976,0,p4x4,2,0.8031596101194036,2,4,0,1,25.059861731496472,3:-3,auto,1,215,4,umh,21,1,0,cbr,1,baseline,0.6493532546000097,22,4,111,3,80,0,2,1,1,0,Still_image_1080p_30fps_20s
1974,0,p4x4,3,0.8031596101194036,2,7,0,-8,25.059861731496472,5:-5,auto,1,201,4,umh,10,1,0,cbr,1,baseline,0.6493532546000097,22,4,111,13,78,4,2,0,1,0,Still_image_1080p_30fps_20s
1079,0,p4x4,2,1.7703159785329992,1,7,0,1,25.059861731496472,5:-5,auto,1,215,4,umh,10,0,0,cbr,1,baseline,0.6493532546000097,22,9,111,3,80,0,2,0,0,0,Still_image_1080p_30fps_20s
1079,0,all,3,1.7703159785329992,1,7,0,-10,20.263363903835828,5:-5,auto,1,215,4,umh,10,1,0,cbr,1,high,0.6493532546000097,22,4,111,3,80,0,2,2,1,0,Still_image_1080p_30fps_20s
1974,0,p4x4,2,0.8031596101194036,2,7,0,1,25.059861731496472,5:-5,auto,1,248,4,dia,10,0,0,cbr,1,baseline,0.6493532546000097,42,4,111,1,92,0,2,0,1,0,Still_image_1080p_30fps_20s
976,0,p8x8,2,1.2333460899895137,2,4,0,1,25.059861731496472,-6:6,auto,1,215,4,umh,21,1,0,cbr,1,baseline,0.6493532546000097,22,4,111,3,80,4,2,0,0,0,Still_image_1080p_30fps_20s
1079,0,p8x8,3,0.8031596101194036,2,14,0,1,25.059861731496472,-3:3,auto,1,215,4,umh,48,0,0,cbr,1,baseline,0.6493532546000097,22,4,111,13,80,4,2,0,1,0,Still_image_1080p_30fps_20s
177,0,p4x4,2,0.8031596101194036,1,10,0,-11,25.059861731496472,5:-5,auto,1,215,4,umh,10,0,0,cbr,1,baseline,0.5138303002880483,22,4,111,13,80,4,2,0,0,0,Still_image_1080p_30fps_20s
976,0,p4x4,2,0.8031596101194036,0,10,0,-11,25.059861731496472,5:-5,auto,1,215,4,umh,10,0,0,cbr,1,baseline,0.6493532546000097,22,2,111,10,80,4,53,2,1,1,Still_image_1080p_30fps_20s
1079,1,p8x8,2,1.5254810059786288,1,14,1,-5,29.32159763936856,-4:4,none,1,100,3,tesa,45,0,1,none,1,baseline,0.2829198489071013,25,3,141,6,72,5,15,1,0,1,Action_1080p_60fps_10s
1079,0,p4x4,2,0.8031596101194036,1,10,0,-11,25.059861731496472,5:-5,auto,1,215,4,umh,10,0,0,cbr,1,baseline,0.6493532546000097,22,4,111,10,80,4,53,2,1,1,Action_1080p_60fps_10s
1079,0,p8x8,0,1.7703159785329992,1,7,0,1,25.059861731496472,5:-5,auto,1,215,4,umh,10,0,0,cbr,1,baseline,0.6493532546000097,22,4,111,3,80,0,2,0,0,0,Action_1080p_60fps_10s
1974,0,p4x4,2,0.8031596101194036,2,7,0,1,25.059861731496472,5:-5,auto,1,184,4,dia,10,0,0,cbr,1,baseline,0.6493532546000097,22,4,111,1,92,0,2,0,0,0,Action_1080p_60fps_10s
1079,0,p8x8,3,1.7703159785329992,1,7,0,1,25.059861731496472,5:-5,auto,1,215,4,umh,10,0,0,cbr,1,baseline,0.6493532546000097,22,4,111,13,80,4,2,0,0,0,Action_1080p_60fps_10s
1974,0,p4x4,2,0.8031596101194036,2,7,0,1,25.059861731496472,5:-5,auto,1,215,4,umh,10,0,0,cbr,1,baseline,0.6493532546000097,22,4,111,13,80,4,2,0,0,0,Action_1080p_60fps_10s
1974,0,p4x4,2,0.8031596101194036,2,7,0,1,25.059861731496472,3:-3,auto,1,215,4,umh,21,0,0,cbr,1,baseline,0.6493532546000097,22,4,111,13,80,4,2,0,0,0,Action_1080p_60fps_10s
130,0,p4x4,2,0.8031596101194036,2,7,0,1,25.059861731496472,3:-3,auto,1,215,4,umh,4,0,0,cbr,1,baseline,0.6493532546000097,22,4,111,13,80,4,2,0,0,0,Action_1080p_60fps_10s
130,0,all,2,0.8031596101194036,2,7,0,1,25.059861731496472,3:-3,auto,1,215,4,umh,21,0,0,cbr,0,baseline,0.6493532546000097,22,4,111,13,80,4,2,0,0,0,Action_1080p_60fps_10s
130,0,all,2,0.8031596101194036,2,7,0,1,25.059861731496472,3:-3,auto,1,215,4,umh,21,0,0,cbr,1,baseline,0.6493532546000097,22,14,111,13,80,4,15,0,0,0,Action_1080p_60fps_10s
298,0,p4x4,2,0.8031596101194036,2,7,0,1,25.059861731496472,0:0,auto,1,215,4,umh,21,1,0,cbr,1,baseline,0.6493532546000097,22,4,111,13,80,0,2,0,0,0,Action_1080p_60fps_10s
1974,0,p4x4,2,0.8031596101194036,2,7,0,1,25.059861731496472,3:-3,auto,1,215,4,umh,57,0,0,cbr,1,baseline,0.6493532546000097,22,4,111,1,92,0,2,0,0,0,Action_1080p_60fps_10s
1079,0,p4x4,1,0.8031596101194036,1,10,0,-11,25.059861731496472,5:-5,auto,1,215,4,umh,10,0,0,cbr,1,baseline,0.6493532546000097,22,4,111,3,80,0,2,0,0,0,Action_1080p_60fps_10s
130,0,all,2,0.8031596101194036,2,7,0,1,25.059861731496472,3:-3,auto,1,215,4,umh,21,0,0,cbr,1,baseline,0.6493532546000097,22,14,111,13,80,1,15,0,0,0,Action_1080p_60fps_10s
298,0,"p8x8,b8x8,i8x8,i4x4",2,0.8031596101194036,2,14,0,1,25.059861731496472,5:-5,auto,1,184,4,tesa,10,0,0,cbr,1,baseline,0.6493532546000097,22,4,111,1,92,0,2,0,0,0,Action_1080p_60fps_10s
1974,0,p4x4,2,0.8031596101194036,2,7,0,1,25.059861731496472,3:-3,auto,1,215,4,umh,57,0,0,cbr,1,main,0.6493532546000097,22,4,111,1,97,0,2,0,1,0,Action_1080p_60fps_10s
278,0,p4x4,2,0.8031596101194036,2,7,0,1,25.059861731496472,3:-3,auto,1,215,4,umh,4,0,0,cbr,1,baseline,0.5465247910346086,22,4,111,6,80,4,2,0,0,0,Action_1080p_60fps_10s
1079,0,all,2,0.8031596101194036,2,7,0,1,27.943883497413506,3:-3,auto,1,215,4,umh,57,0,0,cbr,1,baseline,0.4118804132525939,22,4,111,1,92,0,14,0,0,0,Action_1080p_60fps_10s
1079,0,p8x8,3,1.7703159785329992,1,7,0,1,25.059861731496472,5:-5,auto,1,215,4,umh,10,0,0,cbr,1,baseline,0.6493532546000097,22,4,111,3,80,0,2,0,0,0,Action_1080p_60fps_10s
1974,0,p4x4,2,0.8031596101194036,2,7,0,1,25.059861731496472,5:-5,auto,1,184,4,umh,4,0,0,cbr,1,baseline,0.6493532546000097,22,18,111,13,80,4,2,0,0,0,Action_1080p_60fps_10s
1079,0,p8x8,2,1.7703159785329992,1,10,1,-10,29.32159763936856,-4:4,none,0,100,3,tesa,45,0,0,none,1,main,0.2829198489071013,25,3,141,7,40,5,63,1,0,1,Standard_480p_25fps_15s
1079,0,p8x8,0,1.7703159785329992,1,10,1,-10,29.32159763936856,-4:4,none,0,100,3,tesa,45,0,0,none,1,main,0.2829198489071013,25,3,141,7,29,5,63,1,0,1,Standard_480p_25fps_15s
1079,0,p8x8,2,1.7703159785329992,1,10,1,-10,29.32159763936856,-4:4,auto,0,100,3,tesa,45,0,0,none,1,main,0.9544631986942628,25,3,141,7,40,5,63,1,0,1,Standard_480p_25fps_15s
1079,0,p8x8,2,1.7703159785329992,1,10,1,-10,29.32159763936856,-4:4,none,0,100,3,tesa,45,0,0,none,1,main,0.2829198489071013,25,3,134,7,40,5,63,1,0,1,Standard_480p_25fps_15s
1079,0,p8x8,0,1.7703159785329992,1,10,1,-3,29.32159763936856,-4:4,none,0,100,3,tesa,45,0,0,none,1,main,0.2829198489071013,25,3,141,7,29,5,63,1,0,1,Standard_480p_25fps_15s
1079,0,p8x8,1,1.7703159785329992,1,10,1,7,29.32159763936856,-4:4,none,0,100,3,tesa,35,0,0,none,1,main,0.2829198489071013,25,3,141,7,29,5,63,1,0,1,Standard_480p_25fps_15s
1079,0,p8x8,0,1.7703159785329992,1,10,1,-10,29.32159763936856,-4:4,none,0,100,3,tesa,35,0,0,none,1,main,0.2829198489071013,49,3,134,7,40,5,63,1,0,1,Standard_480p_25fps_15s
1079,0,p8x8,1,1.7703159785329992,1,10,0,-10,29.32159763936856,2:2,none,0,100,3,tesa,45,0,0,none,1,main,0.2829198489071013,25,3,134,7,40,5,63,1,0,1,Standard_480p_25fps_15s
1079,0,p8x8,2,1.9962941833638503,1,10,1,-10,29.32159763936856,-4:4,auto,0,100,3,tesa,45,0,0,none,1,main,0.9544631986942628,22,3,141,7,40,5,63,1,0,1,Standard_480p_25fps_15s
1079,0,p8x8,1,1.7703159785329992,1,12,0,-10,29.32159763936856,-4:4,none,0,100,3,tesa,45,1,0,none,1,main,0.2829198489071013,51,13,141,7,29,5,63,1,0,1,Standard_480p_25fps_15s
1079,0,p8x8,2,1.7703159785329992,1,10,1,-10,29.32159763936856,-4:4,auto,0,100,3,tesa,45,0,0,none,1,main,0.9544631986942628,25,3,141,16,74,5,63,1,0,1,Standard_480p_25fps_15s
1079,0,p8x8,1,1.7703159785329992,1,10,0,7,29.32159763936856,-4:4,none,0,100,3,tesa,35,0,0,none,1,main,0.2829198489071013,31,16,134,7,40,5,63,1,0,1,Standard_480p_25fps_15s
1079,0,p8x8,1,1.7703159785329992,1,10,1,-10,29.32159763936856,-4:4,none,0,100,3,tesa,45,0,1,none,1,main,0.5674618358614204,25,7,141,7,29,5,63,1,0,1,Standard_480p_25fps_15s
1079,0,p8x8,0,1.7703159785329992,1,7,1,-10,29.32159763936856,5:-5,none,0,100,3,tesa,35,0,0,none,1,main,0.2829198489071013,49,3,134,7,40,5,63,1,0,1,Standard_480p_25fps_15s
1079,0,p8x8,1,1.7703159785329992,0,6,0,7,29.32159763936856,-4:4,none,0,100,3,tesa,35,0,0,none,1,main,0.2829198489071013,31,16,134,7,11,5,63,1,0,1,Standard_480p_25fps_15s
1079,0,p8x8,1,1.7703159785329992,1,12,0,-10,22.94215221810485,-4:4,none,0,100,3,tesa,45,1,0,none,1,main,0.2829198489071013,51,13,141,7,40,5,63,1,0,1,Standard_480p_25fps_15s
1079,0,p8x8,0,1.7703159785329992,1,10,1,-3,29.32159763936856,-4:4,none,0,100,3,tesa,45,0,0,none,1,main,0.2829198489071013,25,3,141,7,29,5,63,2,0,1,Standard_480p_25fps_15s
1079,0,p8x8,0,1.7703159785329992,1,10,1,-10,29.32159763936856,-4:4,spatial,0,100,3,tesa,35,0,0,none,1,main,0.9544631986942628,22,3,141,7,40,5,63,1,0,1,Standard_480p_25fps_15s
1079,0,p8x8,0,1.7703159785329992,1,10,1,-3,29.32159763936856,-4:4,none,0,100,3,tesa,45,0,0,none,1,main,0.2829198489071013,49,3,134,8,40,5,63,1,0,1,Standard_480p_25fps_15s
1079,0,p8x8,0,1.7703159785329992,1,10,1,-10,29.32159763936856,-4:4,none,0,100,3,tesa,35,0,0,none,1,main,0.2829198489071013,25,3,141,16,29,5,63,1,0,1,Standard_480p_25fps_15s
1079,0,p8x8,0,1.7703159785329992,1,7,0,1,25.059861731496472,5:-5,auto,1,215,4,umh,10,0,0,cbr,1,baseline,0.6493532546000097,22,4,111,3,80,0,2,0,0,0,Action_480p_25fps_10s
1974,0,p4x4,2,0.8031596101194036,2,7,0,1,25.059861731496472,5:-5,auto,1,215,4,umh,10,0,0,cbr,1,baseline,0.6493532546000097,22,4,111,13,80,4,2,0,0,0,Action_480p_25fps_10s
1079,0,p4x4,2,0.8031596101194036,1,10,0,-11,25.059861731496472,5:-5,auto,1,215,4,umh,10,0,0,cbr,1,baseline,0.6493532546000097,22,4,111,10,80,4,53,2,1,1,Action_480p_25fps_10s
1079,0,p8x8,3,1.7703159785329992,1,7,0,1,25.059861731496472,5:-5,auto,1,215,4,umh,10,0,0,cbr,1,baseline,0.6493532546000097,22,4,111,13,80,4,2,0,0,0,Action_480p_25fps_10s
1974,0,p4x4,2,0.8031596101194036,2,7,0,1,25.059861731496472,5:-5,auto,1,184,4,dia,10,0,0,cbr,1,baseline,0.6493532546000097,22,4,111,1,92,0,2,0,0,0,Action_480p_25fps_10s
1974,0,p4x4,2,0.8031596101194036,2,7,0,1,25.059861731496472,3:-3,auto,1,215,4,umh,21,0,0,cbr,1,baseline,0.6493532546000097,22,4,111,13,80,4,2,0,0,0,Action_480p_25fps_10s
1974,0,p4x4,2,0.8031596101194036,2,7,0,1,25.059861731496472,5:5,auto,1,215,4,umh,10,0,0,cbr,1,baseline,0.6493532546000097,22,4,111,13,80,4,2,0,0,0,Action_480p_25fps_10s
1639,0,p4x4,2,0.8031596101194036,1,7,0,1,25.059861731496472,3:-3,auto,1,215,4,umh,21,0,0,cbr,1,baseline,0.6493532546000097,22,4,111,13,80,4,1,0,0,0,Action_480p_25fps_10s
1079,0,none,3,1.9748663738410028,1,4,0,1,25.059861731496472,3:-3,auto,1,215,4,umh,10,0,0,cbr,1,baseline,0.6493532546000097,22,4,111,13,80,4,2,0,0,0,Action_480p_25fps_10s
1974,0,p4x4,1,0.8031596101194036,2,7,0,1,25.059861731496472,5:-5,auto,1,184,4,dia,10,0,0,cbr,1,baseline,0.084791151994838,22,4,111,5,92,0,2,0,1,0,Action_480p_25fps_10s
1974,0,p4x4,2,0.8031596101194036,2,7,0,1,25.059861731496472,5:-5,auto,1,215,4,umh,10,0,0,cbr,1,baseline,0.6493532546000097,22,4,111,13,80,4,1,0,0,0,Action_480p_25fps_10s
627,0,p4x4,2,0.8031596101194036,2,7,0,1,25.059861731496472,0:0,auto,1,215,4,umh,10,0,0,vbr,1,baseline,0.6493532546000097,22,4,115,13,80,4,2,0,0,0,Action_480p_25fps_10s
1079,0,p8x8,3,1.7703159785329992,1,7,0,1,25.059861731496472,5:-5,auto,1,215,4,umh,10,0,0,cbr,1,baseline,0.6493532546000097,50,4,111,13,19,11,2,0,1,0,Action_480p_25fps_10s
1961,0,all,3,1.7703159785329992,2,7,0,1,25.059861731496472,5:-5,auto,1,177,4,umh,10,0,0,cbr,1,main,0.6493532546000097,22,4,111,13,80,4,2,0,0,0,Action_480p_25fps_10s
1639,0,p4x4,2,0.8031596101194036,2,7,0,1,25.059861731496472,5:-5,auto,1,215,4,umh,10,0,0,cbr,1,baseline,0.6493532546000097,22,4,111,13,80,4,2,0,0,0,Action_480p_25fps_10s
1961,0,all,3,1.7703159785329992,2,7,0,1,25.059861731496472,5:-5,auto,1,215,4,umh,10,0,0,cbr,1,baseline,0.6493532546000097,22,8,111,13,80,4,2,0,0,0,Action_480p_25fps_10s
627,0,all,2,0.8031596101194036,2,7,1,1,35.02815848969296,0:0,auto,1,1,4,umh,10,0,0,cbr,1,baseline,0.6493532546000097,50,4,111,13,19,11,2,0,1,0,Action_480p_25fps_10s
627,0,p4x4,2,0.8031596101194036,2,7,0,-7,25.059861731496472,0:0,auto,1,215,4,umh,10,0,0,cbr,1,baseline,0.6493532546000097,22,4,111,13,80,3,32,0,0,0,Action_480p_25fps_10s
1079,0,p8x8,3,0.8850416327165133,1,7,0,1,25.059861731496472,5:-5,auto,1,215,4,umh,10,0,0,cbr,1,baseline,0.6493532546000097,22,4,103,13,80,4,2,0,0,0,Action_480p_25fps_10s
1974,0,p4x4,1,0.0188279833812574,2,7,0,1,25.059861731496472,5:-5,auto,1,475,4,umh,10,0,0,cbr,1,baseline,0.6493532546000097,22,4,111,13,80,4,2,0,0,0,Action_480p_25fps_10s
1974,0,p4x4,2,0.8031596101194036,2,7,0,1,25.059861731496472,3:-3,auto,1,215,4,umh,21,0,0,cbr,1,baseline,0.6493532546000097,22,4,111,13,80,4,2,0,0,0,Still_image_480p_30fps_20s
1974,0,p4x4,2,0.8031596101194036,2,7,0,1,25.059861731496472,5:-5,auto,1,215,4,umh,10,0,0,cbr,1,baseline,0.6493532546000097,22,4,111,13,80,4,2,0,0,0,Still_image_480p_30fps_20s
1974,0,p4x4,2,0.8031596101194036,2,7,0,1,25.059861731496472,5:-5,auto,1,184,4,dia,10,0,0,cbr,1,baseline,0.6493532546000097,22,4,111,1,92,0,2,0,0,0,Still_image_480p_30fps_20s
1079,0,p8x8,3,1.7703159785329992,1,7,0,1,25.059861731496472,5:-5,auto,1,215,4,umh,10,0,0,cbr,1,baseline,0.6493532546000097,22,4,111,13,80,4,2,0,0,0,Still_image_480p_30fps_20s
1079,0,p4x4,2,0.8031596101194036,1,10,0,-11,25.059861731496472,5:-5,auto,1,215,4,umh,10,0,0,cbr,1,baseline,0.6493532546000097,22,4,111,10,80,4,53,2,1,1,Still_image_480p_30fps_20s
1079,0,p8x8,0,1.7703159785329992,1,7,0,1,25.059861731496472,5:-5,auto,1,215,4,umh,10,0,0,cbr,1,baseline,0.6493532546000097,22,4,111,3,80,0,2,0,0,0,Still_image_480p_30fps_20s
1079,0,none,3,1.9748663738410028,1,4,0,1,25.059861731496472,3:-3,auto,1,215,4,umh,10,0,0,cbr,1,baseline,0.6493532546000097,22,4,111,13,80,4,2,0,0,0,Still_image_480p_30fps_20s
1974,0,p4x4,1,0.8031596101194036,2,7,0,1,25.059861731496472,5:-5,auto,1,184,4,dia,10,0,0,cbr,1,baseline,0.084791151994838,22,4,111,5,92,0,2,0,1,0,Still_image_480p_30fps_20s
1639,0,p4x4,2,0.8031596101194036,1,7,0,1,25.059861731496472,3:-3,auto,1,215,4,umh,21,0,0,cbr,1,baseline,0.6493532546000097,22,4,111,13,80,4,1,0,0,0,Still_image_480p_30fps_20s
130,0,p4x4,2,0.8031596101194036,2,7,0,1,25.059861731496472,3:-3,auto,1,215,4,umh,4,0,0,cbr,1,baseline,0.6493532546000097,22,4,111,13,80,4,2,0,0,0,Still_image_480p_30fps_20s
1974,0,p4x4,1,0.8031596101194036,2,7,0,1,25.059861731496472,5:-5,auto,1,184,4,dia,10,0,0,cbr,1,baseline,0.084791151994838,22,4,111,5,16,0,2,0,1,0,Still_image_480p_30fps_20s
1974,0,p4x4,1,0.8031596101194036,2,7,0,1,25.059861731496472,6:6,auto,1,184,4,dia,10,0,0,cbr,1,baseline,0.8657534129007648,22,4,111,5,92,0,2,0,1,0,Still_image_480p_30fps_20s
1974,0,p4x4,2,0.8031596101194036,2,7,0,1,25.059861731496472,5:-5,auto,1,215,4,umh,10,0,0,cbr,1,baseline,0.6493532546000097,22,4,111,3,80,0,2,0,1,0,Still_image_480p_30fps_20s
1079,0,p8x8,2,0.8031596101194036,1,10,0,-11,26.836448190465475,4:-4,auto,1,215,4,umh,10,0,0,cbr,1,baseline,0.6493532546000097,22,4,111,10,80,4,53,2,1,1,Still_image_480p_30fps_20s
1079,0,none,3,1.9748663738410028,1,4,0,1,25.059861731496472,3:-3,auto,1,215,3,umh,10,0,0,cbr,1,baseline,0.6493532546000097,22,4,111,10,80,4,53,2,1,1,Still_image_480p_30fps_20s
1079,0,p4x4,2,0.8031596101194036,1,10,0,-11,3.5765822183933045,5:-5,auto,1,215,4,umh,10,0,0,cbr,1,baseline,0.6493532546000097,22,4,111,13,80,4,2,0,0,2,Still_image_480p_30fps_20s
1974,0,p4x4,2,0.8031596101194036,2,1,0,1,25.059861731496472,5:-5,auto,1,215,4,dia,10,0,0,cbr,1,baseline,0.6493532546000097,22,4,111,13,80,4,2,0,0,0,Still_image_480p_30fps_20s
1974,0,p4x4,2,0.8031596101194036,2,7,0,1,36.19670147033317,3:-3,auto,1,215,4,umh,21,1,0,cbr,1,baseline,0.6493532546000097,22,4,111,1,92,0,2,0,0,0,Still_image_480p_30fps_20s
2177,0,p4x4,2,0.8031596101194036,2,7,0,1,25.059861731496472,5:-5,auto,1,59,4,dia,10,0,0,cbr,1,baseline,0.6493532546000097,22,16,111,1,92,0,2,0,0,0,Still_image_480p_30fps_20s
1038,0,p4x4,0,0.8031596101194036,1,7,0,1,25.059861731496472,0:0,auto,1,215,4,umh,10,0,0,cbr,1,baseline,0.6493532546000097,22,4,111,1,92,0,2,0,1,0,Still_image_480p_30fps_20s
1079,0,p8x8,2,1.7703159785329992,1,10,1,-10,29.32159763936856,-4:4,auto,0,100,3,tesa,45,0,0,none,1,main,0.9544631986942628,25,3,141,7,40,5,63,1,0,1,Action_720p_25fps_15s
1079,0,p8x8,2,1.7703159785329992,1,10,1,-10,29.32159763936856,-4:4,none,0,100,3,tesa,45,0,0,none,1,main,0.2829198489071013,25,3,134,7,40,5,63,1,0,1,Action_720p_25fps_15s
1079,0,p8x8,2,1.7703159785329992,1,10,1,-10,29.32159763936856,-4:4,none,0,100,3,tesa,45,0,0,none,1,main,0.2829198489071013,25,3,141,7,40,5,63,1,0,1,Action_720p_25fps_15s
1079,0,p8x8,0,1.7703159785329992,1,10,1,-10,29.32159763936856,-4:4,none,0,100,3,tesa,45,0,0,none,1,main,0.2829198489071013,25,3,141,7,29,5,63,1,0,1,Action_720p_25fps_15s
1079,0,p8x8,0,1.7703159785329992,1,10,1,-10,29.32159763936856,-4:4,none,0,100,3,tesa,35,0,0,none,1,main,0.2829198489071013,49,3,134,7,40,5,63,1,0,1,Action_720p_25fps_15s
1079,0,p8x8,0,1.7703159785329992,1,10,1,-3,29.32159763936856,-4:4,none,0,100,3,tesa,45,0,0,none,1,main,0.2829198489071013,25,3,141,7,29,5,63,1,0,1,Action_720p_25fps_15s
1079,0,p8x8,1,1.7703159785329992,1,10,0,-10,29.32159763936856,2:2,none,0,100,3,tesa,45,0,0,none,1,main,0.2829198489071013,25,3,134,7,40,5,63,1,0,1,Action_720p_25fps_15s
1079,0,p8x8,1,1.7703159785329992,1,10,1,7,29.32159763936856,-4:4,none,0,100,3,tesa,35,0,0,none,1,main,0.2829198489071013,25,3,141,7,29,5,63,1,0,1,Action_720p_25fps_15s
1079,0,p8x8,2,1.9962941833638503,1,10,1,-10,29.32159763936856,-4:4,auto,0,100,3,tesa,45,0,0,none,1,main,0.9544631986942628,22,3,141,7,40,5,63,1,0,1,Action_720p_25fps_15s
1079,0,p8x8,2,1.7703159785329992,1,5,1,-5,29.32159763936856,-4:4,none,0,100,3,tesa,45,0,0,none,1,main,0.2829198489071013,25,3,141,6,29,5,63,1,0,1,Action_720p_25fps_15s
1079,0,p8x8,2,0.296249058842245,1,10,1,-10,29.32159763936856,-4:4,none,0,304,3,tesa,45,0,0,none,1,main,0.2829198489071013,40,3,141,7,40,7,63,1,0,2,Action_720p_25fps_15s
1079,0,p8x8,2,1.7703159785329992,1,10,1,-10,29.32159763936856,-4:4,none,0,100,3,tesa,45,0,0,none,1,main,0.2829198489071013,32,3,134,7,40,5,63,1,0,1,Action_720p_25fps_15s
1079,0,p8x8,2,0.296249058842245,1,10,1,-10,29.32159763936856,-4:4,none,0,100,3,umh,45,0,0,none,1,main,0.2829198489071013,25,3,134,7,40,5,63,1,0,1,Action_720p_25fps_15s
1125,0,p8x8,2,1.7703159785329992,1,10,1,-10,29.32159763936856,-4:4,temporal,0,100,3,tesa,45,1,0,none,1,main,0.2829198489071013,25,19,141,7,29,5,63,1,1,1,Action_720p_25fps_15s
1125,0,p8x8,2,1.7703159785329992,1,10,1,-10,29.32159763936856,-4:4,none,0,100,3,tesa,45,0,0,none,1,main,0.2829198489071013,25,3,141,7,40,1,63,1,0,1,Action_720p_25fps_15s
1079,0,p8x8,0,1.7703159785329992,1,10,1,-10,29.32159763936856,-4:4,none,0,100,3,tesa,45,0,0,none,1,main,0.2829198489071013,25,3,141,7,29,5,63,0,0,2,Action_720p_25fps_15s
1079,0,p8x8,2,0.296249058842245,1,10,1,-10,29.32159763936856,-4:4,auto,0,100,4,tesa,45,0,0,none,1,baseline,0.9544631986942628,25,3,141,7,40,5,63,1,0,1,Action_720p_25fps_15s
1427,0,p8x8,2,1.7703159785329992,1,10,0,-3,29.32159763936856,-4:4,none,0,100,3,tesa,38,0,0,none,1,main,0.2829198489071013,25,3,141,7,29,1,63,1,0,1,Action_720p_25fps_15s
1079,0,p8x8,2,1.7703159785329992,1,5,1,-5,29.32159763936856,-4:4,none,0,100,3,tesa,6,0,0,none,1,main,0.2829198489071013,25,3,18,6,29,5,63,1,0,1,Action_720p_25fps_15s
1308,1,p8x8,2,0.296249058842245,2,10,1,-10,29.32159763936856,-4:4,auto,0,100,4,tesa,45,0,0,none,1,main,0.2829198489071013,25,3,134,2,40,3,63,1,0,0,Action_720p_25fps_15s
1079,0,p8x8,2,1.7703159785329992,1,10,1,-10,29.32159763936856,-4:4,auto,0,100,3,tesa,45,0,0,none,1,main,0.9544631986942628,25,3,141,7,40,5,63,1,0,1,Action_480p_30fps_5s
1079,0,p8x8,2,1.7703159785329992,1,10,1,-10,29.32159763936856,-4:4,none,0,100,3,tesa,45,0,0,none,1,main,0.2829198489071013,25,3,141,7,40,5,63,1,0,1,Action_480p_30fps_5s
1079,0,p8x8,2,1.7703159785329992,1,10,1,-10,29.32159763936856,-4:4,none,0,100,3,tesa,45,0,0,none,1,main,0.2829198489071013,25,3,134,7,40,5,63,1,0,1,Action_480p_30fps_5s
1079,0,p8x8,0,1.7703159785329992,1,10,1,-10,29.32159763936856,-4:4,none,0,100,3,tesa,45,0,0,none,1,main,0.2829198489071013,25,3,141,7,29,5,63,1,0,1,Action_480p_30fps_5s
1079,0,p4x4,2,0.8031596101194036,1,10,0,-11,25.059861731496472,5:-5,auto,1,215,4,umh,10,0,0,cbr,1,baseline,0.6493532546000097,22,4,111,10,80,4,53,2,1,1,Action_480p_30fps_5s
1079,0,p8x8,0,1.7703159785329992,1,7,0,1,25.059861731496472,5:-5,auto,1,215,4,umh,10,0,0,cbr,1,baseline,0.6493532546000097,22,4,111,3,80,0,2,0,0,0,Action_480p_30fps_5s
1974,0,p4x4,2,0.8031596101194036,2,7,0,1,25.059861731496472,5:-5,auto,1,215,4,umh,10,0,0,cbr,1,baseline,0.6493532546000097,22,4,111,13,80,4,2,0,0,0,Action_480p_30fps_5s
1079,0,p8x8,3,1.7703159785329992,1,7,0,1,25.059861731496472,5:-5,auto,1,215,4,umh,10,0,0,cbr,1,baseline,0.6493532546000097,22,4,111,13,80,4,2,0,0,0,Action_480p_30fps_5s
1974,0,p4x4,2,0.8031596101194036,2,7,0,1,25.059861731496472,5:-5,auto,1,184,4,dia,10,0,0,cbr,1,baseline,0.6493532546000097,22,4,111,1,92,0,2,0,0,0,Action_480p_30fps_5s
1974,0,p4x4,2,0.8031596101194036,2,7,0,1,25.059861731496472,3:-3,auto,1,215,4,umh,21,0,0,cbr,1,baseline,0.6493532546000097,22,4,111,13,80,4,2,0,0,0,Action_480p_30fps_5s
1079,0,p8x8,0,1.7703159785329992,1,10,1,-10,29.32159763936856,-4:4,none,0,100,3,tesa,35,0,0,none,1,main,0.2829198489071013,49,3,134,7,40,5,63,1,0,1,Action_480p_30fps_5s
1079,0,p8x8,1,1.7703159785329992,1,10,0,-10,29.32159763936856,2:2,none,0,100,3,tesa,45,0,0,none,1,main,0.2829198489071013,25,3,134,7,40,5,63,1,0,1,Action_480p_30fps_5s
1079,0,p8x8,0,1.7703159785329992,1,10,1,-3,29.32159763936856,-4:4,none,0,100,3,tesa,45,0,0,none,1,main,0.2829198489071013,25,3,141,7,29,5,63,1,0,1,Action_480p_30fps_5s
1079,0,p8x8,1,1.7703159785329992,1,10,1,7,29.32159763936856,-4:4,none,0,100,3,tesa,35,0,0,none,1,main,0.2829198489071013,25,3,141,7,29,5,63,1,0,1,Action_480p_30fps_5s
1639,0,p4x4,2,0.8031596101194036,1,7,0,1,25.059861731496472,3:-3,auto,1,215,4,umh,21,0,0,cbr,1,baseline,0.6493532546000097,22,4,111,13,80,4,1,0,0,0,Action_480p_30fps_5s
1974,0,p4x4,1,0.8031596101194036,2,7,0,1,25.059861731496472,5:-5,auto,1,184,4,dia,10,0,0,cbr,1,baseline,0.084791151994838,22,4,111,5,92,0,2,0,1,0,Action_480p_30fps_5s
1079,0,none,3,1.9748663738410028,1,4,0,1,25.059861731496472,3:-3,auto,1,215,4,umh,10,0,0,cbr,1,baseline,0.6493532546000097,22,4,111,13,80,4,2,0,0,0,Action_480p_30fps_5s
1079,0,p8x8,2,1.7703159785329992,1,5,1,-5,29.32159763936856,-4:4,none,0,100,3,tesa,45,0,0,none,1,main,0.2829198489071013,25,3,141,6,29,5,63,1,0,1,Action_480p_30fps_5s
1079,0,p8x8,2,1.9962941833638503,1,10,1,-10,29.32159763936856,-4:4,auto,0,100,3,tesa,45,0,0,none,1,main,0.9544631986942628,22,3,141,7,40,5,63,1,0,1,Action_480p_30fps_5s
1974,0,p4x4,2,0.8031596101194036,2,7,0,1,25.059861731496472,5:5,auto,1,215,4,umh,10,0,0,cbr,1,baseline,0.6493532546000097,22,4,111,13,80,4,2,0,0,0,Action_480p_30fps_5s
1079,0,p4x4,2,0.8031596101194036,1,10,0,-11,25.059861731496472,5:-5,auto,1,215,4,umh,10,0,0,cbr,1,baseline,0.6493532546000097,22,4,111,10,80,4,53,2,1,1,Standard_720p_25fps_15s
1974,0,p4x4,2,0.8031596101194036,2,7,0,1,25.059861731496472,5:-5,auto,1,215,4,umh,10,0,0,cbr,1,baseline,0.6493532546000097,22,4,111,13,80,4,2,0,0,0,Standard_720p_25fps_15s
1079,0,p8x8,0,1.7703159785329992,1,7,0,1,25.059861731496472,5:-5,auto,1,215,4,umh,10,0,0,cbr,1,baseline,0.6493532546000097,22,4,111,3,80,0,2,0,0,0,Standard_720p_25fps_15s
1079,0,p8x8,3,1.7703159785329992,1,7,0,1,25.059861731496472,5:-5,auto,1,215,4,umh,10,0,0,cbr,1,baseline,0.6493532546000097,22,4,111,13,80,4,2,0,0,0,Standard_720p_25fps_15s
1974,0,p4x4,2,0.8031596101194036,2,7,0,1,25.059861731496472,3:-3,auto,1,215,4,umh,21,0,0,cbr,1,baseline,0.6493532546000097,22,4,111,13,80,4,2,0,0,0,Standard_720p_25fps_15s
1974,0,p4x4,2,0.8031596101194036,2,7,0,1,25.059861731496472,5:-5,auto,1,184,4,dia,10,0,0,cbr,1,baseline,0.6493532546000097,22,4,111,1,92,0,2,0,0,0,Standard_720p_25fps_15s
130,0,p4x4,2,0.8031596101194036,2,7,0,1,25.059861731496472,3:-3,auto,1,215,4,umh,4,0,0,cbr,1,baseline,0.6493532546000097,22,4,111,13,80,4,2,0,0,0,Standard_720p_25fps_15s
130,0,all,2,0.8031596101194036,2,7,0,1,25.059861731496472,3:-3,auto,1,215,4,umh,21,0,0,cbr,0,baseline,0.6493532546000097,22,4,111,13,80,4,2,0,0,0,Standard_720p_25fps_15s
130,0,all,2,0.8031596101194036,2,7,0,1,25.059861731496472,3:-3,auto,1,215,4,umh,21,0,0,cbr,1,baseline,0.6493532546000097,22,14,111,13,80,4,15,0,0,0,Standard_720p_25fps_15s
1974,0,p4x4,2,0.8031596101194036,2,7,0,1,25.059861731496472,5:-5,auto,1,215,4,tesa,10,0,0,cbr,1,baseline,0.6493532546000097,22,4,111,7,80,5,2,0,0,0,Standard_720p_25fps_15s
1974,0,p4x4,3,0.8031596101194036,2,16,0,1,25.059861731496472,5:-5,auto,1,184,4,dia,10,0,0,cbr,1,baseline,0.6493532546000097,22,4,111,1,92,0,2,0,0,0,Standard_720p_25fps_15s
1079,0,p4x4,2,0.0965984911501383,1,11,0,-11,25.059861731496472,6:6,auto,1,62,4,umh,10,0,0,cbr,1,baseline,0.6493532546000097,22,4,111,10,80,4,53,2,1,1,Standard_720p_25fps_15s
1079,0,p4x4,1,0.8031596101194036,1,10,0,-11,25.059861731496472,5:-5,auto,1,445,4,umh,10,0,0,cbr,1,baseline,0.6493532546000097,22,4,111,13,80,3,2,0,0,0,Standard_720p_25fps_15s
1974,0,p4x4,2,0.8031596101194036,2,7,0,1,25.059861731496472,5:-5,auto,1,215,4,umh,10,0,0,cbr,1,baseline,0.6493532546000097,22,4,111,13,68,4,2,0,0,0,Standard_720p_25fps_15s
1974,0,p4x4,2,0.8031596101194036,2,7,0,1,25.059861731496472,-5:5,auto,1,215,4,umh,21,0,0,cbr,0,baseline,0.6493532546000097,22,4,111,13,13,0,39,0,0,0,Standard_720p_25fps_15s
1974,0,all,2,0.8031596101194036,2,7,0,1,25.059861731496472,3:-3,temporal,1,215,4,umh,21,0,1,cbr,1,baseline,0.6493532546000097,21,4,111,12,80,4,48,0,1,0,Standard_720p_25fps_15s
1079,0,p8x8,2,1.7703159785329992,1,10,1,-10,29.32159763936856,-4:4,none,0,100,3,tesa,45,0,0,none,1,main,0.2829198489071013,25,3,141,7,40,5,63,1,0,1,Standard_720p_25fps_15s
1079,0,p8x8,0,1.7703159785329992,1,10,1,-10,29.32159763936856,-4:4,none,0,100,3,tesa,45,0,0,none,1,main,0.2829198489071013,25,3,141,7,29,5,63,1,0,1,Standard_720p_25fps_15s
1079,0,p8x8,2,1.7703159785329992,1,10,1,-10,29.32159763936856,-4:4,auto,0,100,3,tesa,45,0,0,none,1,main,0.9544631986942628,25,3,141,7,40,5,63,1,0,1,Standard_720p_25fps_15s
1079,0,p8x8,2,1.7703159785329992,1,10,1,-10,29.32159763936856,-4:4,none,0,100,3,tesa,45,0,0,none,1,main,0.2829198489071013,25,3,134,7,40,5,63,1,0,1,Standard_720p_25fps_15s
1079,0,p4x4,2,0.8031596101194036,1,10,0,-11,25.059861731496472,5:-5,auto,1,215,4,umh,10,0,0,cbr,1,baseline,0.6493532546000097,22,4,111,10,80,4,53,2,1,1,Standard_720p_25fps_5s
1079,0,p8x8,0,1.7703159785329992,1,7,0,1,25.059861731496472,5:-5,auto,1,215,4,umh,10,0,0,cbr,1,baseline,0.6493532546000097,22,4,111,3,80,0,2,0,0,0,Standard_720p_25fps_5s
1974,0,p4x4,2,0.8031596101194036,2,7,0,1,25.059861731496472,5:-5,auto,1,215,4,umh,10,0,0,cbr,1,baseline,0.6493532546000097,22,4,111,13,80,4,2,0,0,0,Standard_720p_25fps_5s
1974,0,p4x4,2,0.8031596101194036,2,7,0,1,25.059861731496472,5:-5,auto,1,184,4,dia,10,0,0,cbr,1,baseline,0.6493532546000097,22,4,111,1,92,0,2,0,0,0,Standard_720p_25fps_5s
1079,0,p8x8,3,1.7703159785329992,1,7,0,1,25.059861731496472,5:-5,auto,1,215,4,umh,10,0,0,cbr,1,baseline,0.6493532546000097,22,4,111,13,80,4,2,0,0,0,Standard_720p_25fps_5s
1974,0,p4x4,2,0.8031596101194036,2,7,0,1,25.059861731496472,3:-3,auto,1,215,4,umh,21,0,0,cbr,1,baseline,0.6493532546000097,22,4,111,13,80,4,2,0,0,0,Standard_720p_25fps_5s
1974,0,p4x4,2,0.8031596101194036,2,7,0,1,25.059861731496472,5:-5,auto,1,215,4,tesa,10,0,0,cbr,1,baseline,0.6493532546000097,22,4,111,7,80,5,2,0,0,0,Standard_720p_25fps_5s
1079,0,none,3,1.9748663738410028,1,4,0,1,25.059861731496472,3:-3,auto,1,215,4,umh,10,0,0,cbr,1,baseline,0.6493532546000097,22,4,111,13,80,4,2,0,0,0,Standard_720p_25fps_5s
130,0,all,2,0.8031596101194036,2,7,0,1,25.059861731496472,3:-3,auto,1,215,4,umh,21,0,0,cbr,0,baseline,0.6493532546000097,22,4,111,13,80,4,2,0,0,0,Standard_720p_25fps_5s
130,0,p4x4,2,0.8031596101194036,2,7,0,1,25.059861731496472,3:-3,auto,1,215,4,umh,4,0,0,cbr,1,baseline,0.6493532546000097,22,4,111,13,80,4,2,0,0,0,Standard_720p_25fps_5s
130,0,all,2,0.8031596101194036,2,7,0,1,25.059861731496472,3:-3,auto,1,215,4,umh,21,0,0,cbr,1,baseline,0.6493532546000097,22,14,111,13,80,4,15,0,0,0,Standard_720p_25fps_5s
1639,0,p4x4,2,0.8031596101194036,1,7,0,1,25.059861731496472,3:-3,auto,1,215,4,umh,21,0,0,cbr,1,baseline,0.6493532546000097,22,4,111,13,80,4,1,0,0,0,Standard_720p_25fps_5s
1974,0,all,2,0.8031596101194036,2,7,0,1,25.059861731496472,5:-5,auto,1,184,4,dia,10,0,0,none,1,baseline,0.6493532546000097,22,4,111,1,92,0,1,0,1,0,Standard_720p_25fps_5s
1079,0,p8x8,2,1.0576659936748651,1,10,0,-11,25.059861731496472,5:-5,auto,1,215,4,umh,10,0,1,cbr,1,baseline,0.6493532546000097,22,4,111,13,80,4,2,0,0,0,Standard_720p_25fps_5s
1974,0,all,2,0.8031596101194036,2,7,0,1,25.059861731496472,3:-3,auto,1,215,4,umh,21,0,0,cbr,0,baseline,0.6493532546000097,22,4,111,13,80,4,2,0,0,0,Standard_720p_25fps_5s
486,0,all,0,0.8031596101194036,2,7,0,1,25.059861731496472,3:-3,auto,1,215,4,umh,21,1,0,cbr,1,baseline,0.454612458577725,22,4,111,1,92,0,2,0,0,0,Standard_720p_25fps_5s
130,0,all,2,0.8031596101194036,2,7,0,1,25.059861731496472,3:-3,auto,1,215,4,umh,21,0,0,cbr,0,baseline,0.6961990171356299,37,4,111,13,80,4,2,0,0,0,Standard_720p_25fps_5s
1079,0,p4x4,2,0.8031596101194036,1,0,1,-6,25.059861731496472,5:-5,auto,1,215,4,umh,10,0,0,cbr,1,baseline,0.6493532546000097,22,4,111,1,92,0,1,0,1,0,Standard_720p_25fps_5s
130,0,p8x8,2,0.8031596101194036,2,7,0,1,25.059861731496472,5:-5,auto,1,215,4,umh,10,0,1,cbr,1,baseline,0.6493532546000097,22,4,86,9,80,4,27,2,1,1,Standard_720p_25fps_5s
1639,0,p4x4,2,0.8031596101194036,1,7,0,1,25.059861731496472,3:-3,auto,1,215,4,umh,21,0,0,cbr,1,baseline,0.6493532546000097,22,4,111,8,80,4,2,0,0,0,Standard_720p_25fps_5s
1079,0,p4x4,2,0.8031596101194036,1,10,0,-11,25.059861731496472,5:-5,auto,1,215,4,umh,10,0,0,cbr,1,baseline,0.6493532546000097,22,4,111,10,80,4,53,2,1,1,Still_image_1080p_30fps_5s
1974,0,p4x4,2,0.8031596101194036,2,7,0,1,25.059861731496472,5:-5,auto,1,215,4,umh,10,0,0,cbr,1,baseline,0.6493532546000097,22,4,111,13,80,4,2,0,0,0,Still_image_1080p_30fps_5s
1079,0,p8x8,3,1.7703159785329992,1,7,0,1,25.059861731496472,5:-5,auto,1,215,4,umh,10,0,0,cbr,1,baseline,0.6493532546000097,22,4,111,13,80,4,2,0,0,0,Still_image_1080p_30fps_5s
1079,0,p8x8,0,1.7703159785329992,1,7,0,1,25.059861731496472,5:-5,auto,1,215,4,umh,10,0,0,cbr,1,baseline,0.6493532546000097,22,4,111,3,80,0,2,0,0,0,Still_image_1080p_30fps_5s
1974,0,p4x4,2,0.8031596101194036,2,7,0,1,25.059861731496472,3:-3,auto,1,215,4,umh,21,0,0,cbr,1,baseline,0.6493532546000097,22,4,111,13,80,4,2,0,0,0,Still_image_1080p_30fps_5s
1974,0,p4x4,2,0.8031596101194036,2,7,0,1,25.059861731496472,5:-5,auto,1,184,4,dia,10,0,0,cbr,1,baseline,0.6493532546000097,22,4,111,1,92,0,2,0,0,0,Still_image_1080p_30fps_5s
130,0,all,2,0.8031596101194036,2,7,0,1,25.059861731496472,3:-3,auto,1,215,4,umh,21,0,0,cbr,1,baseline,0.6493532546000097,22,14,111,13,80,4,15,0,0,0,Still_image_1080p_30fps_5s
130,0,all,2,0.8031596101194036,2,7,0,1,25.059861731496472,3:-3,auto,1,215,4,umh,21,0,0,cbr,0,baseline,0.6493532546000097,22,4,111,13,80,4,2,0,0,0,Still_image_1080p_30fps_5s
130,0,p4x4,2,0.8031596101194036,2,7,0,1,25.059861731496472,3:-3,auto,1,215,4,umh,4,0,0,cbr,1,baseline,0.6493532546000097,22,4,111,13,80,4,2,0,0,0,Still_image_1080p_30fps_5s
1974,0,p4x4,2,0.8031596101194036,2,7,0,1,25.059861731496472,5:-5,auto,1,215,4,tesa,10,0,0,cbr,1,baseline,0.6493532546000097,22,4,111,7,80,5,2,0,0,0,Still_image_1080p_30fps_5s
1079,0,p8x8,0,1.7703159785329992,1,7,0,1,25.059861731496472,5:-5,auto,1,458,4,umh,10,0,0,cbr,1,baseline,0.0562111881394884,22,6,111,3,80,0,2,0,0,0,Still_image_1080p_30fps_5s
2191,0,p4x4,2,0.8031596101194036,2,7,0,1,25.059861731496472,5:-5,auto,1,215,4,tesa,10,0,0,cbr,1,baseline,0.6493532546000097,25,4,111,7,80,5,2,0,0,0,Still_image_1080p_30fps_5s
130,0,all,2,0.8031596101194036,2,7,0,1,25.059861731496472,3:-3,auto,1,215,4,umh,10,1,1,cbr,1,baseline,0.6493532546000097,31,4,111,4,80,0,2,0,0,0,Still_image_1080p_30fps_5s
1607,0,p4x4,2,0.8031596101194036,2,7,0,1,25.059861731496472,3:-3,auto,1,215,4,umh,21,0,0,cbr,1,baseline,0.3753722049737069,24,4,111,13,80,5,2,0,0,0,Still_image_1080p_30fps_5s
1974,0,p4x4,2,0.8031596101194036,2,7,0,1,25.059861731496472,5:-5,auto,1,215,3,umh,10,0,0,cbr,1,baseline,0.6493532546000097,22,4,111,7,72,5,2,0,0,0,Still_image_1080p_30fps_5s
1079,0,p4x4,2,0.8031596101194036,1,10,0,-11,25.059861731496472,5:-5,auto,1,215,4,umh,10,0,0,cbr,1,baseline,0.7588987792104773,22,4,111,10,80,4,2,0,0,0,Still_image_1080p_30fps_5s
130,0,all,2,0.8031596101194036,0,7,0,1,14.44334909258363,3:-3,auto,1,215,4,umh,10,1,1,cbr,1,baseline,0.6493532546000097,31,4,111,4,80,0,2,0,0,0,Still_image_1080p_30fps_5s
130,0,all,2,0.8031596101194036,2,7,0,1,25.059861731496472,3:-3,auto,1,215,4,umh,4,0,0,cbr,0,baseline,0.6493532546000097,22,4,111,13,80,4,2,0,0,0,Still_image_1080p_30fps_5s
1079,0,p8x8,2,1.7703159785329992,1,7,0,1,25.059861731496472,5:-5,auto,1,215,4,umh,10,0,0,cbr,1,baseline,0.6493532546000097,25,4,111,13,80,4,2,1,1,0,Still_image_1080p_30fps_5s
1079,0,p4x4,2,0.8031596101194036,1,10,0,-11,25.059861731496472,5:-5,auto,1,239,4,umh,10,0,0,cbr,1,baseline,0.6493532546000097,22,4,111,10,80,4,53,0,0,0,Still_image_1080p_30fps_5s
1079,0,p8x8,2,1.7703159785329992,1,10,1,-10,29.32159763936856,-4:4,auto,0,100,3,tesa,45,0,0,none,1,main,0.9544631986942628,25,3,141,7,40,5,63,1,0,1,Big_480p_25fps_15s
1079,0,p8x8,2,1.7703159785329992,1,10,1,-10,29.32159763936856,-4:4,none,0,100,3,tesa,45,0,0,none,1,main,0.2829198489071013,25,3,134,7,40,5,63,1,0,1,Big_480p_25fps_15s
1079,0,p8x8,0,1.7703159785329992,1,10,1,-10,29.32159763936856,-4:4,none,0,100,3,tesa,45,0,0,none,1,main,0.2829198489071013,25,3,141,7,29,5,63,1,0,1,Big_480p_25fps_15s
1079,0,p8x8,2,1.7703159785329992,1,10,1,-10,29.32159763936856,-4:4,none,0,100,3,tesa,45,0,0,none,1,main,0.2829198489071013,25,3,141,7,40,5,63,1,0,1,Big_480p_25fps_15s
1079,0,p8x8,0,1.7703159785329992,1,10,1,-3,29.32159763936856,-4:4,none,0,100,3,tesa,45,0,0,none,1,main,0.2829198489071013,25,3,141,7,29,5,63,1,0,1,Big_480p_25fps_15s
1079,0,p8x8,1,1.7703159785329992,1,10,0,-10,29.32159763936856,2:2,none,0,100,3,tesa,45,0,0,none,1,main,0.2829198489071013,25,3,134,7,40,5,63,1,0,1,Big_480p_25fps_15s
1079,0,p8x8,1,1.7703159785329992,1,10,1,7,29.32159763936856,-4:4,none,0,100,3,tesa,35,0,0,none,1,main,0.2829198489071013,25,3,141,7,29,5,63,1,0,1,Big_480p_25fps_15s
1079,0,p8x8,2,1.9962941833638503,1,10,1,-10,29.32159763936856,-4:4,auto,0,100,3,tesa,45,0,0,none,1,main,0.9544631986942628,22,3,141,7,40,5,63,1,0,1,Big_480p_25fps_15s
1079,0,p8x8,0,1.7703159785329992,1,10,1,-10,29.32159763936856,-4:4,none,0,100,3,tesa,35,0,0,none,1,main,0.2829198489071013,49,3,134,7,40,5,63,1,0,1,Big_480p_25fps_15s
1079,0,p8x8,2,1.7703159785329992,1,5,1,-5,29.32159763936856,-4:4,none,0,100,3,tesa,45,0,0,none,1,main,0.2829198489071013,25,3,141,6,29,5,63,1,0,1,Big_480p_25fps_15s
1079,0,p8x8,0,1.1189215257541645,1,10,0,-10,29.32159763936856,-4:4,none,0,100,3,tesa,23,0,0,none,1,main,0.2829198489071013,25,3,141,7,40,11,63,1,0,2,Big_480p_25fps_15s
1079,0,p8x8,2,1.7703159785329992,1,10,0,-10,29.32159763936856,2:2,none,0,100,3,tesa,45,0,0,none,1,main,0.2829198489071013,25,3,134,7,40,5,63,1,0,1,Big_480p_25fps_15s
1974,0,p4x4,2,0.8031596101194036,2,7,0,-10,29.32159763936856,-4:4,spatial,0,100,3,tesa,45,0,0,none,1,main,0.9544631986942628,25,3,141,7,80,5,63,1,0,1,Big_480p_25fps_15s
1079,0,p8x8,2,1.7703159785329992,1,10,0,-10,29.32159763936856,2:2,none,0,100,3,tesa,45,0,0,none,0,main,0.9544631986942628,22,3,141,7,40,5,63,1,0,1,Big_480p_25fps_15s
1339,0,p8x8,2,1.7703159785329992,1,10,1,-10,29.32159763936856,-4:4,none,0,100,3,tesa,45,0,0,none,1,main,0.2829198489071013,25,3,141,6,29,5,63,1,0,1,Big_480p_25fps_15s
1079,0,p8x8,2,1.7703159785329992,1,10,0,-10,29.32159763936856,2:2,none,0,100,3,tesa,45,0,0,none,1,main,0.2829198489071013,25,3,162,7,40,5,63,2,0,1,Big_480p_25fps_15s
1079,0,p8x8,2,0.8943211875879638,1,10,1,-10,29.32159763936856,2:2,none,0,100,3,tesa,45,0,0,none,1,main,0.2829198489071013,25,3,134,7,40,5,63,1,0,1,Big_480p_25fps_15s
1079,0,p8x8,0,1.7703159785329992,1,10,0,-10,29.32159763936856,2:2,temporal,0,100,3,tesa,45,0,0,none,0,main,0.2829198489071013,25,3,134,7,40,5,63,1,0,1,Big_480p_25fps_15s
1079,0,p8x8,2,1.1993287340598806,1,10,0,-10,29.32159763936856,-4:4,none,0,100,2,tesa,45,0,0,none,1,main,0.2829198489071013,38,15,134,7,40,5,63,1,0,1,Big_480p_25fps_15s
1079,0,p8x8,2,1.1993287340598806,1,10,0,-10,29.32159763936856,-4:4,none,0,100,3,tesa,45,0,0,none,1,main,0.2829198489071013,25,3,141,6,29,8,63,1,0,1,Big_480p_25fps_15s
1079,0,p8x8,3,1.7703159785329992,1,7,0,1,25.059861731496472,5:-5,auto,1,215,4,umh,10,0,0,cbr,1,baseline,0.6493532546000097,22,4,111,13,80,4,2,0,0,0,Action_720p_25fps_5s
1974,0,p4x4,2,0.8031596101194036,2,7,0,1,25.059861731496472,5:-5,auto,1,184,4,dia,10,0,0,cbr,1,baseline,0.6493532546000097,22,4,111,1,92,0,2,0,0,0,Action_720p_25fps_5s
1079,0,p4x4,2,0.8031596101194036,1,10,0,-11,25.059861731496472,5:-5,auto,1,215,4,umh,10,0,0,cbr,1,baseline,0.6493532546000097,22,4,111,10,80,4,53,2,1,1,Action_720p_25fps_5s
1974,0,p4x4,2,0.8031596101194036,2,7,0,1,25.059861731496472,5:-5,auto,1,215,4,umh,10,0,0,cbr,1,baseline,0.6493532546000097,22,4,111,13,80,4,2,0,0,0,Action_720p_25fps_5s
1974,0,p4x4,2,0.8031596101194036,2,7,0,1,25.059861731496472,3:-3,auto,1,215,4,umh,21,0,0,cbr,1,baseline,0.6493532546000097,22,4,111,13,80,4,2,0,0,0,Action_720p_25fps_5s
1079,0,p8x8,0,1.7703159785329992,1,7,0,1,25.059861731496472,5:-5,auto,1,215,4,umh,10,0,0,cbr,1,baseline,0.6493532546000097,22,4,111,3,80,0,2,0,0,0,Action_720p_25fps_5s
1079,0,none,3,1.9748663738410028,1,4,0,1,25.059861731496472,3:-3,auto,1,215,4,umh,10,0,0,cbr,1,baseline,0.6493532546000097,22,4,111,13,80,4,2,0,0,0,Action_720p_25fps_5s
1974,0,p4x4,1,0.8031596101194036,2,7,0,1,25.059861731496472,5:-5,auto,1,184,4,dia,10,0,0,cbr,1,baseline,0.084791151994838,22,4,111,5,92,0,2,0,1,0,Action_720p_25fps_5s
1639,0,p4x4,2,0.8031596101194036,1,7,0,1,25.059861731496472,3:-3,auto,1,215,4,umh,21,0,0,cbr,1,baseline,0.6493532546000097,22,4,111,13,80,4,1,0,0,0,Action_720p_25fps_5s
1974,0,p4x4,2,0.8031596101194036,2,7,0,1,25.059861731496472,5:5,auto,1,215,4,umh,10,0,0,cbr,1,baseline,0.6493532546000097,22,4,111,13,80,4,2,0,0,0,Action_720p_25fps_5s
1974,0,all,1,0.8031596101194036,2,7,0,1,25.059861731496472,5:-5,auto,1,184,4,dia,10,0,0,cbr,1,baseline,0.084791151994838,22,4,111,5,92,0,2,0,1,0,Action_720p_25fps_5s
243,0,p4x4,2,0.8031596101194036,2,7,0,1,25.059861731496472,5:-5,auto,1,184,4,dia,10,0,0,cbr,1,baseline,0.6493532546000097,22,20,111,1,92,0,29,0,0,0,Action_720p_25fps_5s
1974,0,p4x4,2,0.8031596101194036,2,7,0,11,25.059861731496472,5:-5,auto,1,215,4,umh,10,0,0,cbr,1,baseline,0.6493532546000097,22,4,111,13,80,4,2,0,0,0,Action_720p_25fps_5s
1447,0,p4x4,2,0.8031596101194036,1,10,0,-11,25.059861731496472,5:-5,auto,1,363,4,umh,10,0,0,cbr,1,baseline,0.6493532546000097,22,4,111,10,80,4,53,2,1,1,Action_720p_25fps_5s
1974,0,all,2,0.6239019409770982,2,7,0,1,25.059861731496472,3:-3,auto,1,215,4,umh,21,0,0,cbr,1,baseline,0.084791151994838,22,17,111,5,92,0,2,0,1,0,Action_720p_25fps_5s
243,0,p4x4,2,0.8031596101194036,1,7,0,12,20.70197833551498,5:-5,auto,1,215,4,umh,10,0,0,cbr,1,baseline,0.6493532546000097,22,4,111,13,80,4,2,0,0,0,Action_720p_25fps_5s
1079,0,p4x4,2,0.8031596101194036,1,10,0,-11,25.059861731496472,5:-5,auto,1,215,4,umh,10,0,0,none,1,baseline,0.084791151994838,22,4,111,5,92,0,2,0,1,0,Action_720p_25fps_5s
1974,0,p4x4,2,0.8031596101194036,2,7,0,1,25.059861731496472,5:-5,auto,1,184,0,dia,10,0,0,cbr,1,baseline,0.084791151994838,31,4,111,5,92,0,2,0,1,0,Action_720p_25fps_5s
1079,0,p8x8,0,1.7703159785329992,1,10,1,-10,29.32159763936856,-4:4,none,0,100,3,tesa,45,0,0,none,1,main,0.2829198489071013,25,3,141,7,29,5,63,1,0,1,Action_720p_25fps_5s
1079,0,p8x8,2,1.7703159785329992,1,10,1,-10,29.32159763936856,-4:4,auto,0,100,3,tesa,45,0,0,none,1,main,0.9544631986942628,25,3,141,7,40,5,63,1,0,1,Action_720p_25fps_5s
1079,1,p8x8,2,1.5254810059786288,1,14,1,-5,29.32159763936856,-4:4,none,1,100,3,tesa,45,0,1,none,1,baseline,0.2829198489071013,25,3,141,6,72,5,15,1,0,1,Big_480p_25fps_5s
1079,0,p8x8,0,1.7703159785329992,1,10,1,-10,29.32159763936856,-4:4,none,0,100,3,tesa,45,0,0,none,1,main,0.2829198489071013,25,3,141,7,29,5,63,1,0,1,Big_480p_25fps_5s
1079,0,p8x8,2,1.7703159785329992,1,10,1,-10,29.32159763936856,-4:4,none,0,100,3,tesa,45,0,0,none,1,main,0.2829198489071013,25,3,141,7,40,5,63,1,0,1,Big_480p_25fps_5s
1079,0,p8x8,2,1.7703159785329992,1,10,1,-10,29.32159763936856,-4:4,auto,0,100,3,tesa,45,0,0,none,1,main,0.9544631986942628,25,3,141,7,40,5,63,1,0,1,Big_480p_25fps_5s
1079,0,p8x8,2,1.7703159785329992,1,10,1,-10,29.32159763936856,-4:4,none,0,100,3,tesa,45,0,0,none,1,main,0.2829198489071013,25,3,134,7,40,5,63,1,0,1,Big_480p_25fps_5s
1079,0,p8x8,1,1.7703159785329992,1,10,0,-10,29.32159763936856,2:2,none,0,100,3,tesa,45,0,0,none,1,main,0.2829198489071013,25,3,134,7,40,5,63,1,0,1,Big_480p_25fps_5s
1079,0,p8x8,0,1.7703159785329992,1,10,1,-3,29.32159763936856,-4:4,none,0,100,3,tesa,45,0,0,none,1,main,0.2829198489071013,25,3,141,7,29,5,63,1,0,1,Big_480p_25fps_5s
1079,0,p8x8,1,1.7703159785329992,1,10,1,7,29.32159763936856,-4:4,none,0,100,3,tesa,35,0,0,none,1,main,0.2829198489071013,25,3,141,7,29,5,63,1,0,1,Big_480p_25fps_5s
1079,0,p8x8,0,1.7703159785329992,1,10,1,-10,29.32159763936856,-4:4,none,0,100,3,tesa,35,0,0,none,1,main,0.2829198489071013,49,3,134,7,40,5,63,1,0,1,Big_480p_25fps_5s
1079,0,p8x8,2,1.9962941833638503,1,10,1,-10,29.32159763936856,-4:4,auto,0,100,3,tesa,45,0,0,none,1,main,0.9544631986942628,22,3,141,7,40,5,63,1,0,1,Big_480p_25fps_5s
1079,0,p8x8,2,1.7703159785329992,1,5,1,-5,29.32159763936856,-4:4,none,0,100,3,tesa,45,0,0,none,1,main,0.2829198489071013,25,3,141,6,29,5,63,1,0,1,Big_480p_25fps_5s
1079,0,p8x8,0,1.7703159785329992,1,2,1,-10,29.32159763936856,-4:4,none,0,100,3,tesa,35,0,0,none,1,main,0.2829198489071013,25,3,141,7,29,5,63,0,0,1,Big_480p_25fps_5s
1079,0,"p8x8,b8x8,i8x8,i4x4",2,1.7703159785329992,1,10,1,-10,29.32159763936856,-4:4,none,0,100,3,tesa,45,0,0,none,1,main,0.2829198489071013,25,3,141,7,29,5,63,0,0,1,Big_480p_25fps_5s
1976,0,p8x8,2,0.0066724944427157,1,10,1,-10,29.32159763936856,-4:4,none,0,100,3,tesa,45,0,0,cbr,1,main,0.2829198489071013,25,3,141,6,29,5,63,1,0,1,Big_480p_25fps_5s
1079,0,p8x8,2,1.7703159785329992,1,10,1,-10,29.32159763936856,-4:4,none,0,8,3,tesa,45,0,0,none,1,main,0.2829198489071013,25,3,134,7,40,6,63,0,0,1,Big_480p_25fps_5s
1079,0,p8x8,0,1.7703159785329992,1,10,1,-10,29.32159763936856,-4:4,none,0,100,3,tesa,35,0,0,none,1,main,0.2829198489071013,49,3,235,7,40,5,63,1,0,1,Big_480p_25fps_5s
1079,0,p8x8,2,1.9962941833638503,1,10,1,-10,29.32159763936856,-4:4,auto,0,100,3,tesa,45,0,0,none,1,main,0.9544631986942628,22,3,141,7,40,5,63,2,0,1,Big_480p_25fps_5s
1079,0,p8x8,0,1.7703159785329992,1,7,0,1,25.059861731496472,5:-5,auto,1,215,4,umh,10,0,0,cbr,1,baseline,0.6493532546000097,22,4,111,3,80,0,2,0,0,0,Big_480p_25fps_5s
1079,0,p8x8,3,1.7703159785329992,1,7,0,1,25.059861731496472,5:-5,auto,1,215,4,umh,10,0,0,cbr,1,baseline,0.6493532546000097,22,4,111,13,80,4,2,0,0,0,Big_480p_25fps_5s
1079,0,p4x4,2,0.8031596101194036,1,10,0,-11,25.059861731496472,5:-5,auto,1,215,4,umh,10,0,0,cbr,1,baseline,0.6493532546000097,22,4,111,10,80,4,53,2,1,1,Big_480p_25fps_5s
1079,1,none,0,1.7703159785329992,1,7,1,1,25.059861731496472,6:6,auto,1,215,4,dia,10,0,0,none,1,main,0.2829198489071013,25,3,141,6,29,5,63,1,0,1,Action_720p_60fps_10s
1079,1,none,0,0.7594583716082344,1,16,1,1,25.059861731496472,6:6,auto,1,215,4,dia,10,0,0,none,1,main,0.518934856101989,25,15,141,6,29,5,63,1,0,1,Action_720p_60fps_10s
1079,1,none,0,1.7703159785329992,1,16,1,1,44.95993701588269,6:6,auto,1,215,4,dia,10,0,0,none,1,high,0.518934856101989,25,15,141,13,29,5,63,0,0,1,Action_720p_60fps_10s
1079,1,none,0,1.7703159785329992,1,7,1,1,25.059861731496472,6:6,auto,1,215,4,dia,10,0,0,none,1,main,0.2829198489071013,25,3,141,6,29,5,63,1,0,0,Action_720p_60fps_10s
1079,0,p8x8,2,1.7703159785329992,1,10,1,-10,29.32159763936856,-4:4,none,0,100,3,tesa,45,0,0,none,1,main,0.2829198489071013,25,3,134,7,40,5,63,1,0,1,Action_720p_60fps_10s
1079,0,p8x8,2,1.7703159785329992,1,10,1,-10,29.32159763936856,-4:4,auto,0,100,3,tesa,45,0,0,none,1,main,0.9544631986942628,25,3,141,7,40,5,63,1,0,1,Action_720p_60fps_10s
1079,0,p8x8,2,1.7703159785329992,1,10,1,-10,29.32159763936856,-4:4,none,0,100,3,tesa,45,0,0,none,1,main,0.2829198489071013,25,3,141,7,40,5,63,1,0,1,Action_720p_60fps_10s
1079,0,p8x8,0,1.7703159785329992,1,10,1,-10,29.32159763936856,-4:4,none,0,100,3,tesa,45,0,0,none,1,main,0.2829198489071013,25,3,141,7,29,5,63,1,0,1,Action_720p_60fps_10s
1974,0,p4x4,2,0.8031596101194036,2,7,0,-10,29.32159763936856,-4:4,auto,0,100,3,tesa,45,0,0,none,1,main,0.9544631986942628,25,3,141,7,40,5,63,1,0,1,Action_720p_60fps_10s
1974,0,p8x8,2,1.7703159785329992,1,10,1,-10,29.32159763936856,-4:4,none,0,100,3,tesa,45,0,0,none,1,main,0.2829198489071013,25,3,134,7,40,5,63,1,0,1,Action_720p_60fps_10s
805,0,p4x4,2,0.1146312860506383,2,7,0,-10,29.32159763936856,-4:4,none,0,100,3,tesa,45,0,0,none,1,main,0.2829198489071013,25,3,141,7,29,5,63,1,0,0,Action_720p_60fps_10s
1338,0,p4x4,2,0.8031596101194036,2,7,0,-10,29.32159763936856,-4:4,auto,0,100,3,tesa,45,0,0,none,1,main,0.9544631986942628,25,3,141,7,40,5,63,1,0,1,Action_720p_60fps_10s
1079,0,p8x8,2,1.7703159785329992,1,10,1,-10,29.32159763936856,-4:4,auto,0,468,3,tesa,45,0,0,none,1,main,0.2829198489071013,25,3,141,7,29,5,63,1,0,1,Action_720p_60fps_10s
1974,0,p8x8,2,1.7703159785329992,1,10,1,-10,29.32159763936856,3:3,none,0,100,3,tesa,45,0,0,none,1,main,0.9544631986942628,25,3,141,7,40,1,63,1,0,1,Action_720p_60fps_10s
1079,0,p8x8,2,1.7703159785329992,1,10,0,-10,29.32159763936856,5:-5,auto,0,100,3,tesa,45,0,0,none,1,main,0.9544631986942628,45,3,141,7,40,5,63,1,0,1,Action_720p_60fps_10s
1974,0,p4x4,2,0.8031596101194036,2,7,0,1,25.059861731496472,5:-5,auto,1,215,4,umh,10,0,0,cbr,1,baseline,0.6493532546000097,22,4,111,13,80,4,2,0,0,0,Action_720p_60fps_10s
1079,0,p8x8,0,1.7703159785329992,1,7,0,1,25.059861731496472,5:-5,auto,1,215,4,umh,10,0,0,cbr,1,baseline,0.6493532546000097,22,4,111,3,80,0,2,0,0,0,Action_720p_60fps_10s
1079,0,p4x4,2,0.8031596101194036,1,10,0,-11,25.059861731496472,5:-5,auto,1,215,4,umh,10,0,0,cbr,1,baseline,0.6493532546000097,22,4,111,10,80,4,53,2,1,1,Action_720p_60fps_10s
1079,0,p8x8,3,1.7703159785329992,1,7,0,1,25.059861731496472,5:-5,auto,1,215,4,umh,10,0,0,cbr,1,baseline,0.6493532546000097,22,4,111,13,80,4,2,0,0,0,Action_720p_60fps_10s
1974,0,p4x4,2,0.8031596101194036,2,7,0,1,25.059861731496472,5:-5,auto,1,184,4,dia,10,0,0,cbr,1,baseline,0.6493532546000097,22,4,111,1,92,0,2,0,0,0,Action_720p_60fps_10s
1079,0,none,0,1.7703159785329992,1,7,1,1,25.059861731496472,6:6,auto,1,215,4,dia,10,0,0,cbr,1,baseline,0.6493532546000097,22,4,111,1,92,0,0,0,1,0,Standard_480p_60fps_10s
130,0,p4x4,2,1.837411806759884,2,7,1,1,25.059861731496472,6:6,auto,1,215,4,dia,10,0,0,cbr,1,baseline,0.6493532546000097,29,17,111,1,92,0,0,2,1,2,Standard_480p_60fps_10s
130,0,p4x4,2,1.837411806759884,2,7,1,8,25.059861731496472,6:6,auto,1,215,3,dia,10,0,0,cbr,1,baseline,0.6493532546000097,29,17,111,1,92,0,0,2,1,0,Standard_480p_60fps_10s
1079,0,p4x4,2,0.8031596101194036,1,6,0,-11,25.059861731496472,6:6,auto,1,215,3,dia,19,0,0,cbr,1,baseline,0.6493532546000097,29,12,111,1,92,0,0,2,1,0,Standard_480p_60fps_10s
1079,0,p4x4,2,0.8031596101194036,1,10,0,-11,25.059861731496472,5:-5,auto,1,215,4,umh,10,0,0,cbr,1,baseline,0.6493532546000097,22,4,111,10,80,4,53,2,1,1,Standard_480p_60fps_10s
1974,0,p4x4,2,0.8031596101194036,2,7,0,1,25.059861731496472,5:-5,auto,1,215,4,umh,10,0,0,cbr,1,baseline,0.6493532546000097,22,4,111,13,80,4,2,0,0,0,Standard_480p_60fps_10s
1079,0,p8x8,3,1.7703159785329992,1,7,0,1,25.059861731496472,5:-5,auto,1,215,4,umh,10,0,0,cbr,1,baseline,0.6493532546000097,22,4,111,13,80,4,2,0,0,0,Standard_480p_60fps_10s
1079,0,p8x8,0,1.7703159785329992,1,7,0,1,25.059861731496472,5:-5,auto,1,215,4,umh,10,0,0,cbr,1,baseline,0.6493532546000097,22,4,111,3,80,0,2,0,0,0,Standard_480p_60fps_10s
1974,0,p4x4,2,0.8031596101194036,2,7,0,1,25.059861731496472,3:-3,auto,1,215,4,umh,21,0,0,cbr,1,baseline,0.6493532546000097,22,4,111,13,80,4,2,0,0,0,Standard_480p_60fps_10s
1974,0,p4x4,2,0.8031596101194036,2,7,0,1,25.059861731496472,5:-5,auto,1,184,4,dia,10,0,0,cbr,1,baseline,0.6493532546000097,22,4,111,1,92,0,2,0,0,0,Standard_480p_60fps_10s
1974,0,p4x4,2,0.8031596101194036,2,7,0,1,25.059861731496472,5:5,auto,1,215,4,umh,10,0,0,cbr,1,baseline,0.6493532546000097,22,4,111,13,80,4,2,0,0,0,Standard_480p_60fps_10s
1974,0,p4x4,2,0.8031596101194036,2,7,0,1,25.059861731496472,5:-5,auto,1,215,4,tesa,10,0,0,cbr,1,baseline,0.6493532546000097,22,4,111,7,80,5,2,0,0,0,Standard_480p_60fps_10s
130,0,p4x4,2,0.8031596101194036,2,7,0,1,25.059861731496472,3:-3,auto,1,215,4,umh,4,0,0,cbr,1,baseline,0.6493532546000097,22,4,111,13,80,4,2,0,0,0,Standard_480p_60fps_10s
130,0,p4x4,2,0.8031596101194036,2,7,0,1,25.059861731496472,5:5,auto,1,215,4,umh,10,0,0,cbr,1,baseline,0.6493532546000097,22,4,111,13,80,4,2,0,0,0,Standard_480p_60fps_10s
1974,0,p4x4,2,0.8031596101194036,2,7,0,1,25.059861731496472,3:-3,auto,1,215,4,umh,21,0,0,cbr,1,baseline,0.6493532546000097,22,19,111,13,80,4,2,0,0,0,Standard_480p_60fps_10s
1974,0,p4x4,2,0.8031596101194036,2,7,0,1,25.059861731496472,5:5,auto,1,215,4,umh,21,0,0,cbr,1,baseline,0.6493532546000097,22,19,111,13,80,4,2,0,0,0,Standard_480p_60fps_10s
1974,0,p4x4,2,0.8031596101194036,2,7,0,1,25.059861731496472,6:6,auto,1,215,4,dia,10,0,0,cbr,1,baseline,0.6489835788225751,22,3,111,1,92,0,0,0,1,0,Standard_480p_60fps_10s
1079,0,p8x8,2,1.7703159785329992,1,10,1,-10,29.32159763936856,-4:4,auto,0,100,3,tesa,45,0,0,none,1,main,0.9544631986942628,25,3,141,7,40,5,63,1,0,1,Standard_480p_60fps_10s
1079,0,p8x8,2,1.7703159785329992,1,10,1,-10,29.32159763936856,-4:4,none,0,100,3,tesa,45,0,0,none,1,main,0.2829198489071013,25,3,141,7,40,5,63,1,0,1,Standard_480p_60fps_10s
1079,0,p8x8,0,1.7703159785329992,1,10,1,-10,29.32159763936856,-4:4,none,0,100,3,tesa,45,0,0,none,1,main,0.2829198489071013,25,3,141,7,29,5,63,1,0,1,Standard_480p_60fps_10s
1079,0,none,0,1.7703159785329992,1,7,1,1,25.059861731496472,6:6,auto,1,215,4,dia,10,0,0,cbr,1,baseline,0.6493532546000097,22,4,111,1,92,0,0,0,1,0,Standard_720p_60fps_20s
1079,0,p4x4,2,0.8031596101194036,1,6,0,-11,25.059861731496472,6:6,auto,1,215,3,dia,19,0,0,cbr,1,baseline,0.6493532546000097,29,12,111,1,92,0,0,2,1,0,Standard_720p_60fps_20s
1079,0,p4x4,2,1.7703159785329992,1,10,1,-10,29.32159763936856,-4:4,auto,0,215,4,dia,10,0,0,vbr,1,baseline,0.6493532546000097,22,4,111,1,92,0,0,0,1,0,Standard_720p_60fps_20s
1079,0,p8x8,0,1.7703159785329992,1,7,1,11,25.059861731496472,6:6,auto,1,215,1,dia,10,0,0,cbr,1,baseline,0.6493532546000097,22,4,111,1,92,0,0,2,1,0,Standard_720p_60fps_20s
1079,0,p8x8,2,1.7703159785329992,1,10,1,-10,29.32159763936856,-4:4,auto,0,100,3,tesa,45,0,0,none,1,main,0.9544631986942628,25,3,141,7,40,5,63,1,0,1,Standard_720p_60fps_20s
1079,0,p8x8,2,1.7703159785329992,1,10,1,-10,29.32159763936856,-4:4,none,0,100,3,tesa,45,0,0,none,1,main,0.2829198489071013,25,3,141,7,40,5,63,1,0,1,Standard_720p_60fps_20s
1079,0,p8x8,2,1.7703159785329992,1,10,1,-10,29.32159763936856,-4:4,none,0,100,3,tesa,45,0,0,none,1,main,0.2829198489071013,25,3,134,7,40,5,63,1,0,1,Standard_720p_60fps_20s
1079,0,p8x8,0,1.7703159785329992,1,10,1,-10,29.32159763936856,-4:4,none,0,100,3,tesa,45,0,0,none,1,main,0.2829198489071013,25,3,141,7,29,5,63,1,0,1,Standard_720p_60fps_20s
1079,0,p8x8,0,1.7703159785329992,1,10,1,-3,29.32159763936856,-4:4,none,0,100,3,tesa,45,0,0,none,1,main,0.2829198489071013,25,3,141,7,29,5,63,1,0,1,Standard_720p_60fps_20s
1079,0,p8x8,0,1.7703159785329992,1,10,1,-10,29.32159763936856,-4:4,none,0,100,3,tesa,35,0,0,none,1,main,0.2829198489071013,49,3,134,7,40,5,63,1,0,1,Standard_720p_60fps_20s
1079,0,p8x8,1,1.7703159785329992,1,10,1,7,29.32159763936856,-4:4,none,0,100,3,tesa,35,0,0,none,1,main,0.2829198489071013,25,3,141,7,29,5,63,1,0,1,Standard_720p_60fps_20s
1079,0,p8x8,1,1.7703159785329992,1,10,0,-10,29.32159763936856,2:2,none,0,100,3,tesa,45,0,0,none,1,main,0.2829198489071013,25,3,134,7,40,5,63,1,0,1,Standard_720p_60fps_20s
1079,0,p8x8,2,1.9962941833638503,1,10,1,-10,29.32159763936856,-4:4,auto,0,100,3,tesa,45,0,0,none,1,main,0.9544631986942628,22,3,141,7,40,5,63,1,0,1,Standard_720p_60fps_20s
1079,0,p8x8,2,0.2436827774463033,1,10,1,-10,29.32159763936856,-4:4,none,0,100,3,tesa,45,0,0,none,1,main,0.2829198489071013,27,3,30,7,40,5,63,1,0,1,Standard_720p_60fps_20s
1079,0,p8x8,2,0.9637075811445744,1,10,1,-10,29.32159763936856,-4:4,none,0,100,3,tesa,45,0,0,cbr,1,main,0.2829198489071013,25,3,141,7,40,5,63,1,0,1,Standard_720p_60fps_20s
1079,0,p8x8,2,1.7703159785329992,1,12,0,-10,29.32159763936856,-4:4,none,0,100,3,tesa,45,0,0,none,0,main,0.2829198489071013,25,3,130,7,40,5,63,1,0,1,Standard_720p_60fps_20s
1079,0,p8x8,2,1.9962941833638503,1,10,1,-10,29.32159763936856,-4:4,auto,0,100,3,tesa,45,0,0,none,1,main,0.2829198489071013,32,3,228,12,40,5,63,0,0,0,Standard_720p_60fps_20s
1079,0,p8x8,2,1.7703159785329992,1,12,1,-10,29.32159763936856,-4:4,auto,0,100,3,tesa,45,0,0,none,1,main,0.2829198489071013,25,3,134,7,40,5,63,1,0,1,Standard_720p_60fps_20s
1079,0,p8x8,2,1.7703159785329992,1,10,1,-10,29.32159763936856,-4:4,spatial,0,100,1,tesa,45,0,0,none,1,main,0.2829198489071013,25,3,134,7,16,6,63,1,0,1,Standard_720p_60fps_20s
1079,0,p8x8,2,1.7703159785329992,1,10,1,-10,29.32159763936856,2:2,auto,0,100,3,tesa,15,0,0,none,1,main,0.9544631986942628,25,3,141,7,40,3,63,1,0,1,Standard_720p_60fps_20s
1079,0,none,0,1.7703159785329992,1,7,1,1,25.059861731496472,6:6,auto,1,215,4,dia,10,0,0,cbr,1,baseline,0.6493532546000097,22,4,111,1,92,0,0,0,1,0,Still_image_480p_30fps_15s
1079,0,p8x8,0,1.7703159785329992,1,10,1,-10,29.32159763936856,-4:4,none,0,100,3,tesa,45,0,0,none,1,main,0.2829198489071013,25,3,141,7,29,5,63,1,0,1,Still_image_480p_30fps_15s
1079,0,p8x8,2,1.7703159785329992,1,10,1,-10,29.32159763936856,-4:4,none,0,100,3,tesa,45,0,0,none,1,main,0.2829198489071013,25,3,141,7,40,5,63,1,0,1,Still_image_480p_30fps_15s
1079,0,p8x8,2,1.7703159785329992,1,10,1,-10,29.32159763936856,-4:4,none,0,100,3,tesa,45,0,0,none,1,main,0.2829198489071013,25,3,134,7,40,5,63,1,0,1,Still_image_480p_30fps_15s
1079,0,p8x8,2,1.7703159785329992,1,10,1,-10,29.32159763936856,-4:4,auto,0,100,3,tesa,45,0,0,none,1,main,0.9544631986942628,25,3,141,7,40,5,63,1,0,1,Still_image_480p_30fps_15s
1079,0,p8x8,0,1.7703159785329992,1,10,1,-3,29.32159763936856,-4:4,none,0,100,3,tesa,45,0,0,none,1,main,0.2829198489071013,25,3,141,7,29,5,63,1,0,1,Still_image_480p_30fps_15s
1079,0,p8x8,0,1.7703159785329992,1,10,1,-10,29.32159763936856,-4:4,none,0,100,3,tesa,35,0,0,none,1,main,0.2829198489071013,49,3,134,7,40,5,63,1,0,1,Still_image_480p_30fps_15s
1079,0,p8x8,2,1.9962941833638503,1,10,1,-10,29.32159763936856,-4:4,auto,0,100,3,tesa,45,0,0,none,1,main,0.9544631986942628,22,3,141,7,40,5,63,1,0,1,Still_image_480p_30fps_15s
1079,0,p8x8,1,1.7703159785329992,1,10,1,7,29.32159763936856,-4:4,none,0,100,3,tesa,35,0,0,none,1,main,0.2829198489071013,25,3,141,7,29,5,63,1,0,1,Still_image_480p_30fps_15s
1079,0,p8x8,1,1.7703159785329992,1,10,0,-10,29.32159763936856,2:2,none,0,100,3,tesa,45,0,0,none,1,main,0.2829198489071013,25,3,134,7,40,5,63,1,0,1,Still_image_480p_30fps_15s
1079,0,p8x8,1,1.7703159785329992,1,10,1,7,29.32159763936856,-4:4,none,0,100,3,tesa,35,0,0,none,1,main,0.2829198489071013,25,9,141,7,29,5,63,1,0,1,Still_image_480p_30fps_15s
1079,1,p8x8,1,1.0980941953604266,1,10,0,-10,29.32159763936856,-1:1,none,0,100,3,tesa,52,0,0,none,1,main,0.2829198489071013,25,3,134,7,40,5,63,1,0,1,Still_image_480p_30fps_15s
1734,0,p8x8,0,1.4172987555790388,1,10,1,-3,29.32159763936856,-4:4,none,0,100,3,tesa,45,0,0,none,1,main,0.2829198489071013,25,3,141,7,29,5,63,1,0,1,Still_image_480p_30fps_15s
1734,0,p8x8,2,1.4172987555790388,1,10,1,-3,21.164241557636423,-4:4,none,0,100,3,tesa,45,0,0,none,1,main,0.9544631986942628,34,3,141,7,40,5,63,1,0,1,Still_image_480p_30fps_15s
1734,0,p8x8,0,1.7703159785329992,1,10,1,-10,28.72712341945474,-4:4,none,0,100,3,tesa,45,0,0,none,1,main,0.8357855337626817,25,3,141,7,29,7,63,1,0,1,Still_image_480p_30fps_15s
1079,0,p8x8,2,1.7703159785329992,1,10,1,-8,29.32159763936856,-4:4,none,0,100,3,tesa,45,0,0,none,1,main,0.2829198489071013,25,3,141,8,40,0,63,1,0,1,Still_image_480p_30fps_15s
1079,0,p8x8,0,1.7703159785329992,1,10,1,-10,30.72419556491727,-4:4,none,0,100,3,tesa,28,0,0,none,1,main,0.2829198489071013,25,3,141,7,29,5,63,1,0,2,Still_image_480p_30fps_15s
1079,0,p8x8,1,1.7703159785329992,1,9,1,7,22.59156246642177,-4:4,none,0,100,3,tesa,35,0,0,none,1,main,0.2829198489071013,25,9,141,7,13,5,63,1,0,1,Still_image_480p_30fps_15s
1079,0,p8x8,1,1.6541694117051846,0,10,0,7,29.32159763936856,-4:4,none,0,100,3,tesa,35,0,0,none,1,main,0.2829198489071013,25,3,141,7,29,5,63,1,0,1,Still_image_480p_30fps_15s
1079,0,p8x8,1,1.0980941953604266,1,10,0,-10,29.32159763936856,-1:1,none,1,100,3,tesa,52,0,0,none,1,main,0.2829198489071013,25,3,141,7,29,5,63,1,0,1,Still_image_480p_30fps_15s
1079,0,p4x4,2,0.8031596101194036,1,6,0,-11,25.059861731496472,6:6,auto,1,215,3,dia,19,0,0,cbr,1,baseline,0.6493532546000097,29,12,111,1,92,0,0,2,1,0,Action_1080p_60fps_15s
130,0,p4x4,2,1.837411806759884,2,7,1,8,25.059861731496472,6:6,auto,1,215,3,dia,10,0,0,cbr,1,baseline,0.6493532546000097,29,17,111,1,92,0,0,2,1,0,Action_1080p_60fps_15s
130,0,p4x4,2,1.837411806759884,2,7,1,1,25.059861731496472,6:6,auto,1,215,4,dia,10,0,0,cbr,1,baseline,0.6493532546000097,29,17,111,1,92,0,0,2,1,2,Action_1080p_60fps_15s
1079,0,none,0,1.7703159785329992,1,7,1,1,25.059861731496472,6:6,auto,1,215,4,dia,10,0,0,cbr,1,baseline,0.6493532546000097,22,4,111,1,92,0,0,0,1,0,Action_1080p_60fps_15s
130,0,p4x4,2,1.837411806759884,2,7,1,1,25.059861731496472,6:6,auto,1,109,4,dia,10,0,0,cbr,0,baseline,0.6493532546000097,29,17,111,1,92,0,0,2,1,0,Action_1080p_60fps_15s
1974,0,p4x4,2,0.8031596101194036,1,9,0,-11,25.059861731496472,6:6,auto,1,215,3,dia,19,0,0,cbr,1,baseline,0.6493532546000097,29,12,111,1,92,0,0,2,1,0,Action_1080p_60fps_15s
1079,0,p4x4,2,0.8031596101194036,1,6,0,-11,25.059861731496472,6:6,auto,1,215,3,dia,19,0,0,cbr,1,baseline,0.6493532546000097,29,10,111,1,92,0,0,2,1,0,Action_1080p_60fps_15s
1079,0,p4x4,2,0.8031596101194036,1,10,0,-11,25.059861731496472,5:-5,auto,1,215,4,umh,10,0,0,cbr,1,baseline,0.6493532546000097,22,4,111,10,80,4,53,2,1,1,Action_1080p_60fps_15s
1974,0,p4x4,2,0.8031596101194036,2,7,0,1,25.059861731496472,5:-5,auto,1,184,4,dia,10,0,0,cbr,1,baseline,0.6493532546000097,22,4,111,1,92,0,2,0,0,0,Action_1080p_60fps_15s
1079,0,p8x8,0,1.7703159785329992,1,7,0,1,25.059861731496472,5:-5,auto,1,215,4,umh,10,0,0,cbr,1,baseline,0.6493532546000097,22,4,111,3,80,0,2,0,0,0,Action_1080p_60fps_15s
1079,0,p8x8,3,1.7703159785329992,1,7,0,1,25.059861731496472,5:-5,auto,1,215,4,umh,10,0,0,cbr,1,baseline,0.6493532546000097,22,4,111,13,80,4,2,0,0,0,Action_1080p_60fps_15s
1974,0,p4x4,2,0.8031596101194036,2,7,0,1,25.059861731496472,5:-5,auto,1,215,4,umh,10,0,0,cbr,1,baseline,0.6493532546000097,22,4,111,13,80,4,2,0,0,0,Action_1080p_60fps_15s
1974,0,p4x4,2,0.8031596101194036,2,7,0,1,25.059861731496472,3:-3,auto,1,215,4,umh,21,0,0,cbr,1,baseline,0.6493532546000097,22,4,111,13,80,4,2,0,0,0,Action_1080p_60fps_15s
1079,0,none,3,1.9748663738410028,1,4,0,1,25.059861731496472,3:-3,auto,1,215,4,umh,10,0,0,cbr,1,baseline,0.6493532546000097,22,4,111,13,80,4,2,0,0,0,Action_1080p_60fps_15s
1639,0,p4x4,2,0.8031596101194036,1,7,0,1,25.059861731496472,3:-3,auto,1,215,4,umh,21,0,0,cbr,1,baseline,0.6493532546000097,22,4,111,13,80,4,1,0,0,0,Action_1080p_60fps_15s
1974,0,p4x4,1,0.8031596101194036,2,7,0,1,25.059861731496472,5:-5,auto,1,184,4,dia,10,0,0,cbr,1,baseline,0.084791151994838,22,4,111,5,92,0,2,0,1,0,Action_1080p_60fps_15s
1974,0,p4x4,2,0.8031596101194036,2,7,0,1,25.059861731496472,5:5,auto,1,215,4,umh,10,0,0,cbr,1,baseline,0.6493532546000097,22,4,111,13,80,4,2,0,0,0,Action_1080p_60fps_15s
1974,0,p4x4,2,1.3617298251399643,2,7,0,1,25.059861731496472,5:-5,auto,1,215,4,umh,10,0,0,cbr,1,baseline,0.6493532546000097,22,4,111,13,80,4,2,0,0,0,Action_1080p_60fps_15s
1974,0,p4x4,2,0.8031596101194036,2,7,0,1,25.059861731496472,5:-5,temporal,1,215,4,umh,10,0,0,cbr,1,baseline,0.6493532546000097,22,4,111,3,51,0,2,0,1,0,Action_1080p_60fps_15s
1079,0,p8x8,3,1.7703159785329992,1,7,0,1,25.059861731496472,5:-5,auto,1,215,4,umh,10,0,0,cbr,1,baseline,0.6493532546000097,22,4,111,5,80,4,2,0,0,0,Action_1080p_60fps_15s
1079,0,none,0,1.7703159785329992,1,7,1,1,25.059861731496472,6:6,auto,1,215,4,dia,10,0,0,cbr,1,baseline,0.6493532546000097,22,4,111,1,92,0,0,0,1,0,Still_image_480p_60fps_5s
1079,0,p8x8,0,1.7703159785329992,1,10,1,-10,29.32159763936856,-4:4,none,0,100,3,tesa,45,0,0,none,1,main,0.2829198489071013,25,3,141,7,29,5,63,1,0,1,Still_image_480p_60fps_5s
1079,0,p8x8,2,1.7703159785329992,1,10,1,-10,29.32159763936856,-4:4,auto,0,100,3,tesa,45,0,0,none,1,main,0.9544631986942628,25,3,141,7,40,5,63,1,0,1,Still_image_480p_60fps_5s
1079,0,p8x8,2,1.7703159785329992,1,10,1,-10,29.32159763936856,-4:4,none,0,100,3,tesa,45,0,0,none,1,main,0.2829198489071013,25,3,141,7,40,5,63,1,0,1,Still_image_480p_60fps_5s
1079,0,p8x8,2,1.7703159785329992,1,10,1,-10,29.32159763936856,-4:4,none,0,100,3,tesa,45,0,0,none,1,main,0.2829198489071013,25,3,134,7,40,5,63,1,0,1,Still_image_480p_60fps_5s
1079,0,p8x8,1,1.7703159785329992,1,10,0,-10,29.32159763936856,2:2,none,0,100,3,tesa,45,0,0,none,1,main,0.2829198489071013,25,3,134,7,40,5,63,1,0,1,Still_image_480p_60fps_5s
1079,0,p8x8,0,1.7703159785329992,1,10,1,-3,29.32159763936856,-4:4,none,0,100,3,tesa,45,0,0,none,1,main,0.2829198489071013,25,3,141,7,29,5,63,1,0,1,Still_image_480p_60fps_5s
1079,0,p8x8,1,1.7703159785329992,1,10,1,7,29.32159763936856,-4:4,none,0,100,3,tesa,35,0,0,none,1,main,0.2829198489071013,25,3,141,7,29,5,63,1,0,1,Still_image_480p_60fps_5s
1079,0,p8x8,2,1.9962941833638503,1,10,1,-10,29.32159763936856,-4:4,auto,0,100,3,tesa,45,0,0,none,1,main,0.9544631986942628,22,3,141,7,40,5,63,1,0,1,Still_image_480p_60fps_5s
1079,0,p8x8,0,1.7703159785329992,1,10,1,-10,29.32159763936856,-4:4,none,0,100,3,tesa,35,0,0,none,1,main,0.2829198489071013,49,3,134,7,40,5,63,1,0,1,Still_image_480p_60fps_5s
1079,0,p8x8,2,1.7703159785329992,1,5,1,-5,29.32159763936856,-4:4,none,0,100,3,tesa,45,0,0,none,1,main,0.2829198489071013,25,3,141,6,29,5,63,1,0,1,Still_image_480p_60fps_5s
1079,0,p8x8,0,1.7703159785329992,1,10,1,-3,29.32159763936856,-4:4,none,0,100,3,tesa,45,0,0,none,1,main,0.2829198489071013,25,14,141,7,77,5,63,1,0,1,Still_image_480p_60fps_5s
1079,0,p8x8,2,1.7703159785329992,1,10,1,-9,29.32159763936856,-6:6,none,0,100,3,tesa,40,0,0,none,1,main,0.2829198489071013,25,3,134,7,40,5,63,1,0,1,Still_image_480p_60fps_5s
1079,0,p8x8,2,1.7703159785329992,1,10,1,2,29.207685966363982,-4:4,none,0,100,3,tesa,35,0,0,none,1,main,0.2829198489071013,25,3,189,7,29,1,63,1,0,1,Still_image_480p_60fps_5s
1079,0,p8x8,0,1.7703159785329992,0,10,0,-10,29.32159763936856,-4:4,none,0,100,4,tesa,26,0,0,none,1,main,0.2829198489071013,49,3,134,7,40,5,63,1,0,1,Still_image_480p_60fps_5s
1079,0,p8x8,1,1.7703159785329992,1,10,0,-10,29.32159763936856,2:2,none,0,338,3,tesa,35,0,0,none,1,main,0.2829198489071013,25,3,141,7,93,5,16,1,0,1,Still_image_480p_60fps_5s
1974,0,p4x4,2,0.8031596101194036,2,7,0,1,25.059861731496472,5:-5,auto,1,215,4,umh,10,0,0,cbr,1,baseline,0.6493532546000097,22,4,111,13,80,4,2,0,0,0,Still_image_480p_60fps_5s
1079,0,p8x8,0,1.7703159785329992,1,7,0,1,25.059861731496472,5:-5,auto,1,215,4,umh,10,0,0,cbr,1,baseline,0.6493532546000097,22,4,111,3,80,0,2,0,0,0,Still_image_480p_60fps_5s
1079,0,p4x4,2,0.8031596101194036,1,10,0,-11,25.059861731496472,5:-5,auto,1,215,4,umh,10,0,0,cbr,1,baseline,0.6493532546000097,22,4,111,10,80,4,53,2,1,1,Still_image_480p_60fps_5s
1079,0,p8x8,3,1.7703159785329992,1,7,0,1,25.059861731496472,5:-5,auto,1,215,4,umh,10,0,0,cbr,1,baseline,0.6493532546000097,22,4,111,13,80,4,2,0,0,0,Still_image_480p_60fps_5s
1079,0,p4x4,1,0.8031596101194036,2,7,1,1,25.059861731496472,5:-5,auto,1,184,4,dia,10,0,0,vbr,1,baseline,0.084791151994838,22,19,111,5,30,0,2,0,1,0,Action_720p_60fps_15s
1079,0,p8x8,2,1.7703159785329992,1,10,1,-10,29.32159763936856,-4:4,auto,0,100,3,tesa,45,0,0,none,1,main,0.9544631986942628,25,3,141,7,40,5,63,1,0,1,Action_720p_60fps_15s
1079,0,p8x8,2,1.7703159785329992,1,10,1,-10,29.32159763936856,-4:4,none,0,100,3,tesa,45,0,0,none,1,main,0.2829198489071013,25,3,134,7,40,5,63,1,0,1,Action_720p_60fps_15s
1079,0,p8x8,0,1.7703159785329992,1,10,1,-10,29.32159763936856,-4:4,none,0,100,3,tesa,45,0,0,none,1,main,0.2829198489071013,25,3,141,7,29,5,63,1,0,1,Action_720p_60fps_15s
1079,0,p8x8,2,1.7703159785329992,1,10,1,-10,29.32159763936856,-4:4,none,0,100,3,tesa,45,0,0,none,1,main,0.2829198489071013,25,3,141,7,40,5,63,1,0,1,Action_720p_60fps_15s
1974,0,p4x4,2,0.8031596101194036,2,7,0,1,25.059861731496472,5:-5,auto,1,215,4,umh,10,0,0,cbr,1,baseline,0.6493532546000097,22,4,111,13,80,4,2,0,0,0,Action_720p_60fps_15s
1079,0,p4x4,2,0.8031596101194036,1,10,0,-11,25.059861731496472,5:-5,auto,1,215,4,umh,10,0,0,cbr,1,baseline,0.6493532546000097,22,4,111,10,80,4,53,2,1,1,Action_720p_60fps_15s
1079,0,p8x8,0,1.7703159785329992,1,7,0,1,25.059861731496472,5:-5,auto,1,215,4,umh,10,0,0,cbr,1,baseline,0.6493532546000097,22,4,111,3,80,0,2,0,0,0,Action_720p_60fps_15s
1079,0,p8x8,3,1.7703159785329992,1,7,0,1,25.059861731496472,5:-5,auto,1,215,4,umh,10,0,0,cbr,1,baseline,0.6493532546000097,22,4,111,13,80,4,2,0,0,0,Action_720p_60fps_15s
1974,0,p4x4,2,0.8031596101194036,2,7,0,1,25.059861731496472,5:-5,auto,1,184,4,dia,10,0,0,cbr,1,baseline,0.6493532546000097,22,4,111,1,92,0,2,0,0,0,Action_720p_60fps_15s
1974,0,p4x4,2,0.8031596101194036,2,7,0,1,25.059861731496472,3:-3,auto,1,215,4,umh,21,0,0,cbr,1,baseline,0.6493532546000097,22,4,111,13,80,4,2,0,0,0,Action_720p_60fps_15s
1974,0,p4x4,2,0.8031596101194036,2,7,0,1,25.059861731496472,5:5,auto,1,215,4,umh,10,0,0,cbr,1,baseline,0.6493532546000097,22,4,111,13,80,4,2,0,0,0,Action_720p_60fps_15s
1974,0,p4x4,2,0.8031596101194036,2,7,0,-10,29.32159763936856,-4:4,auto,0,100,3,tesa,45,0,0,none,1,main,0.9544631986942628,25,3,141,7,40,5,63,1,0,1,Action_720p_60fps_15s
1974,0,p8x8,2,1.7703159785329992,1,10,1,-10,29.32159763936856,-4:4,none,0,100,3,tesa,45,0,0,none,1,main,0.2829198489071013,25,3,134,7,40,5,63,1,0,1,Action_720p_60fps_15s
1974,0,p4x4,1,0.8031596101194036,2,7,0,1,25.059861731496472,5:-5,auto,1,184,4,dia,10,0,0,cbr,1,baseline,0.084791151994838,22,4,111,5,92,0,2,0,1,0,Action_720p_60fps_15s
1639,0,p4x4,2,0.8031596101194036,1,7,0,1,25.059861731496472,3:-3,auto,1,215,4,umh,21,0,0,cbr,1,baseline,0.6493532546000097,22,4,111,13,80,4,1,0,0,0,Action_720p_60fps_15s
1079,0,none,3,1.9748663738410028,1,4,0,1,25.059861731496472,3:-3,auto,1,215,4,umh,10,0,0,cbr,1,baseline,0.6493532546000097,22,4,111,13,80,4,2,0,0,0,Action_720p_60fps_15s
1974,0,none,2,1.7703159785329992,1,10,0,-10,29.32159763936856,-4:4,none,0,100,3,tesa,45,0,0,none,1,main,0.2829198489071013,37,3,134,4,40,5,63,1,0,1,Action_720p_60fps_15s
1974,0,p8x8,2,0.8031596101194036,2,13,0,-10,29.32159763936856,-4:4,auto,0,100,3,tesa,45,0,0,none,1,baseline,0.4456181539665871,25,3,141,4,89,5,63,1,0,1,Action_720p_60fps_15s
1974,0,p8x8,2,1.7703159785329992,1,10,1,-10,29.32159763936856,-4:4,auto,0,100,3,tesa,45,0,0,none,1,main,0.9544631986942628,25,3,141,7,40,5,63,1,0,1,Action_720p_60fps_15s
1974,0,p4x4,2,0.8031596101194036,2,7,0,1,25.059861731496472,5:-5,auto,1,215,4,umh,10,0,0,cbr,1,baseline,0.6493532546000097,22,4,111,13,80,4,2,0,0,0,Still_image_720p_30fps_5s
1974,0,p4x4,2,0.8031596101194036,2,7,0,1,25.059861731496472,5:-5,auto,1,184,4,dia,10,0,0,cbr,1,baseline,0.6493532546000097,22,4,111,1,92,0,2,0,0,0,Still_image_720p_30fps_5s
1079,0,p8x8,0,1.7703159785329992,1,7,0,1,25.059861731496472,5:-5,auto,1,215,4,umh,10,0,0,cbr,1,baseline,0.6493532546000097,22,4,111,3,80,0,2,0,0,0,Still_image_720p_30fps_5s
1079,0,p4x4,2,0.8031596101194036,1,10,0,-11,25.059861731496472,5:-5,auto,1,215,4,umh,10,0,0,cbr,1,baseline,0.6493532546000097,22,4,111,10,80,4,53,2,1,1,Still_image_720p_30fps_5s
1079,0,p8x8,3,1.7703159785329992,1,7,0,1,25.059861731496472,5:-5,auto,1,215,4,umh,10,0,0,cbr,1,baseline,0.6493532546000097,22,4,111,13,80,4,2,0,0,0,Still_image_720p_30fps_5s
1974,0,p4x4,2,0.8031596101194036,2,7,0,1,25.059861731496472,3:-3,auto,1,215,4,umh,21,0,0,cbr,1,baseline,0.6493532546000097,22,4,111,13,80,4,2,0,0,0,Still_image_720p_30fps_5s
1974,0,p4x4,2,0.8031596101194036,2,7,0,1,25.059861731496472,5:5,auto,1,215,4,umh,10,0,0,cbr,1,baseline,0.6493532546000097,22,4,111,13,80,4,2,0,0,0,Still_image_720p_30fps_5s
1974,0,p4x4,2,0.8031596101194036,2,14,0,1,25.059861731496472,-3:3,auto,1,215,4,umh,10,0,0,cbr,1,baseline,0.6493532546000097,22,4,111,13,80,4,2,0,1,0,Still_image_720p_30fps_5s
1079,0,p8x8,3,1.7703159785329992,1,7,0,1,25.059861731496472,5:-5,auto,1,215,4,umh,10,1,0,cbr,1,baseline,0.6493532546000097,22,4,111,3,80,0,2,0,1,0,Still_image_720p_30fps_5s
1079,0,p8x8,3,1.4054367588011452,1,7,0,1,25.059861731496472,5:-5,auto,1,215,2,umh,10,0,0,vbr,1,baseline,0.6493532546000097,22,4,111,3,80,0,12,0,0,0,Still_image_720p_30fps_5s
1974,0,p4x4,2,1.836627942045124,2,14,0,1,25.059861731496472,-3:3,auto,1,215,4,umh,10,0,0,cbr,1,baseline,0.6493532546000097,22,4,111,6,80,4,6,0,0,0,Still_image_720p_30fps_5s
1079,0,p4x4,2,0.8031596101194036,2,7,0,1,25.059861731496472,5:5,auto,1,215,4,umh,10,0,0,cbr,1,baseline,0.6493532546000097,22,4,111,13,80,4,2,0,1,0,Still_image_720p_30fps_5s
1974,0,p4x4,2,0.8031596101194036,2,7,0,1,26.818757330391595,5:-5,auto,1,184,4,dia,10,0,0,cbr,1,baseline,0.8185650496112528,22,4,111,1,92,0,2,0,0,0,Still_image_720p_30fps_5s
1974,0,p4x4,2,0.8031596101194036,2,13,0,5,25.059861731496472,5:5,auto,1,215,4,umh,10,0,0,cbr,1,baseline,0.6493532546000097,22,4,111,13,80,4,26,1,1,0,Still_image_720p_30fps_5s
1974,0,p4x4,2,0.8031596101194036,2,14,0,1,25.059861731496472,-3:3,auto,1,215,4,umh,10,0,0,cbr,1,baseline,0.6493532546000097,22,4,111,3,80,0,13,0,0,0,Still_image_720p_30fps_5s
1079,0,p4x4,2,1.507257563142628,1,7,0,1,25.059861731496472,5:5,auto,1,215,4,umh,10,0,0,cbr,1,baseline,0.6493532546000097,22,4,97,13,80,4,2,0,0,0,Still_image_720p_30fps_5s
2036,0,p8x8,3,1.4054367588011452,2,7,0,1,25.059861731496472,5:5,auto,1,215,4,umh,10,0,0,cbr,1,baseline,0.6493532546000097,22,4,111,13,80,4,2,0,0,1,Still_image_720p_30fps_5s
1079,0,p4x4,2,0.8031596101194036,2,7,0,1,25.059861731496472,5:5,auto,1,215,4,umh,10,0,0,cbr,1,baseline,0.6493532546000097,22,4,111,13,80,0,2,0,0,0,Still_image_720p_30fps_5s
1079,0,p4x4,2,0.8031596101194036,2,10,0,-11,25.059861731496472,5:-5,auto,1,215,4,umh,10,0,0,cbr,1,baseline,0.6493532546000097,22,19,111,10,32,4,2,0,0,0,Still_image_720p_30fps_5s
1079,0,p8x8,3,1.4054367588011452,1,14,0,1,25.059861731496472,-3:3,auto,1,215,4,umh,10,0,0,cbr,1,baseline,0.6493532546000097,22,4,111,3,91,0,13,0,0,0,Still_image_720p_30fps_5s
1079,0,p4x4,1,0.8031596101194036,2,7,1,1,25.059861731496472,5:-5,auto,1,184,4,dia,10,0,0,vbr,1,baseline,0.084791151994838,22,19,111,5,30,0,2,0,1,0,Action_720p_30fps_10s
1079,0,none,0,1.7703159785329992,1,7,1,1,25.059861731496472,6:6,auto,1,215,4,dia,10,0,0,cbr,1,baseline,0.6493532546000097,22,4,111,1,92,0,0,0,1,0,Action_720p_30fps_10s
1079,0,p4x4,1,0.8031596101194036,0,7,1,1,25.059861731496472,5:5,auto,1,184,4,dia,10,0,0,vbr,1,baseline,0.084791151994838,22,2,111,5,30,0,2,0,1,0,Action_720p_30fps_10s
1079,0,p4x4,1,0.8031596101194036,2,7,0,1,41.83286521846591,5:-5,auto,1,184,4,dia,10,0,0,vbr,1,baseline,0.084791151994838,22,19,111,5,30,0,2,0,1,0,Action_720p_30fps_10s
1079,0,all,1,0.739147166975312,1,7,1,1,25.059861731496472,5:-5,auto,1,184,4,dia,10,0,0,vbr,1,baseline,0.084791151994838,22,19,111,1,92,0,25,0,1,0,Action_720p_30fps_10s
1079,0,p4x4,1,0.8031596101194036,2,7,1,1,25.059861731496472,5:-5,auto,1,184,4,dia,7,0,0,vbr,1,baseline,0.084791151994838,22,19,111,5,30,9,25,2,1,0,Action_720p_30fps_10s
1974,0,all,1,0.739147166975312,1,7,1,1,25.059861731496472,2:-2,auto,1,184,4,dia,10,0,0,vbr,1,baseline,0.084791151994838,22,19,111,1,92,0,25,0,1,0,Action_720p_30fps_10s
1079,1,none,0,1.7703159785329992,1,7,1,1,25.059861731496472,6:6,auto,1,215,4,dia,10,0,0,none,1,main,0.2829198489071013,25,3,141,6,29,5,63,1,0,1,Action_720p_30fps_10s
1974,0,p4x4,2,0.8031596101194036,2,7,0,1,25.059861731496472,5:-5,auto,1,215,4,umh,10,0,0,cbr,1,baseline,0.6493532546000097,22,4,111,13,80,4,2,0,0,0,Action_720p_30fps_10s
1079,0,p4x4,2,0.8031596101194036,1,10,0,-11,25.059861731496472,5:-5,auto,1,215,4,umh,10,0,0,cbr,1,baseline,0.6493532546000097,22,4,111,10,80,4,53,2,1,1,Action_720p_30fps_10s
1079,0,p8x8,0,1.7703159785329992,1,7,0,1,25.059861731496472,5:-5,auto,1,215,4,umh,10,0,0,cbr,1,baseline,0.6493532546000097,22,4,111,3,80,0,2,0,0,0,Action_720p_30fps_10s
1079,0,p8x8,3,1.7703159785329992,1,7,0,1,25.059861731496472,5:-5,auto,1,215,4,umh,10,0,0,cbr,1,baseline,0.6493532546000097,22,4,111,13,80,4,2,0,0,0,Action_720p_30fps_10s
1974,0,p4x4,2,0.8031596101194036,2,7,0,1,25.059861731496472,5:-5,auto,1,184,4,dia,10,0,0,cbr,1,baseline,0.6493532546000097,22,4,111,1,92,0,2,0,0,0,Action_720p_30fps_10s
1974,0,p4x4,2,0.8031596101194036,2,7,0,1,25.059861731496472,3:-3,auto,1,215,4,umh,21,0,0,cbr,1,baseline,0.6493532546000097,22,4,111,13,80,4,2,0,0,0,Action_720p_30fps_10s
1974,0,p4x4,2,0.8031596101194036,2,7,0,1,25.059861731496472,5:-5,auto,1,184,4,dia,10,0,0,cbr,1,baseline,0.6493532546000097,22,4,111,1,92,0,2,1,0,1,Action_720p_30fps_10s
1974,0,p4x4,2,0.8031596101194036,2,7,0,1,25.059861731496472,-2:2,auto,1,88,4,umh,10,0,0,cbr,1,baseline,0.6493532546000097,22,4,111,13,80,4,2,0,1,0,Action_720p_30fps_10s
1079,0,p8x8,2,1.7703159785329992,1,10,1,-10,29.32159763936856,-4:4,auto,0,100,3,tesa,45,0,0,none,1,main,0.9544631986942628,25,3,141,7,40,5,63,1,0,1,Action_720p_30fps_10s
1079,0,p8x8,2,1.7703159785329992,1,10,1,-10,29.32159763936856,-4:4,none,0,100,3,tesa,45,0,0,none,1,main,0.2829198489071013,25,3,134,7,40,5,63,1,0,1,Action_720p_30fps_10s
1079,0,p8x8,0,1.7703159785329992,1,10,1,-10,29.32159763936856,-4:4,none,0,100,3,tesa,45,0,0,none,1,main,0.2829198489071013,25,3,141,7,29,5,63,1,0,1,Action_720p_30fps_10s
1079,0,p8x8,2,1.7703159785329992,1,10,1,-10,29.32159763936856,-4:4,none,0,100,3,tesa,45,0,0,none,1,main,0.2829198489071013,25,3,141,7,40,5,63,1,0,1,Action_720p_30fps_10s
130,0,p4x4,2,1.837411806759884,2,7,1,1,25.059861731496472,6:6,auto,1,109,4,dia,10,0,0,cbr,0,baseline,0.6493532546000097,29,17,111,1,92,0,0,2,1,0,Standard_720p_30fps_20s
1974,0,p4x4,2,0.8031596101194036,1,9,0,-11,25.059861731496472,6:6,auto,1,215,3,dia,19,0,0,cbr,1,baseline,0.6493532546000097,29,12,111,1,92,0,0,2,1,0,Standard_720p_30fps_20s
1079,0,p4x4,2,0.8031596101194036,1,6,0,-11,25.059861731496472,6:6,auto,1,215,3,dia,19,0,0,cbr,1,baseline,0.6493532546000097,29,10,111,1,92,0,0,2,1,0,Standard_720p_30fps_20s
130,0,p4x4,2,1.837411806759884,2,7,1,1,25.059861731496472,6:6,auto,1,215,4,dia,10,0,0,cbr,1,baseline,0.6493532546000097,29,17,111,1,92,0,0,2,1,2,Standard_720p_30fps_20s
1079,0,none,0,1.7703159785329992,1,7,1,1,25.059861731496472,6:6,auto,1,215,4,dia,10,0,0,cbr,1,baseline,0.6493532546000097,22,4,111,1,92,0,0,0,1,0,Standard_720p_30fps_20s
1079,0,p4x4,2,0.8031596101194036,1,6,0,-11,25.059861731496472,6:6,auto,1,215,3,dia,19,0,0,cbr,1,baseline,0.6493532546000097,29,12,111,1,92,0,0,2,1,0,Standard_720p_30fps_20s
1079,0,p4x4,2,0.8031596101194036,1,3,0,-11,25.059861731496472,6:6,auto,1,215,3,dia,19,0,0,cbr,1,baseline,0.6493532546000097,29,12,111,1,92,1,0,2,1,0,Standard_720p_30fps_20s
1079,0,p4x4,2,0.8031596101194036,1,6,0,-11,22.60295966939336,6:6,auto,1,215,3,dia,19,0,0,cbr,1,baseline,0.6493532546000097,29,10,111,1,92,0,0,2,1,0,Standard_720p_30fps_20s
130,0,p4x4,1,1.837411806759884,2,7,1,4,25.059861731496472,6:6,auto,1,109,4,dia,10,0,0,cbr,0,baseline,0.6493532546000097,29,17,111,1,92,0,11,2,1,0,Standard_720p_30fps_20s
1079,0,p4x4,2,0.8031596101194036,1,3,0,-11,25.059861731496472,6:6,auto,1,215,0,dia,19,0,0,vbr,1,baseline,0.6493532546000097,29,12,111,1,92,1,0,2,1,0,Standard_720p_30fps_20s
130,0,p4x4,2,1.837411806759884,2,7,1,-10,25.059861731496472,6:6,auto,1,215,3,dia,19,0,0,vbr,0,baseline,0.6493532546000097,29,10,111,1,92,0,0,2,1,2,Standard_720p_30fps_20s
130,0,p4x4,2,1.837411806759884,2,7,1,1,25.059861731496472,6:6,auto,1,215,4,dia,10,0,0,cbr,1,baseline,0.4028027822902993,29,17,111,13,92,1,0,2,1,0,Standard_720p_30fps_20s
130,0,p4x4,2,1.837411806759884,2,3,1,1,25.059861731496472,6:6,auto,1,215,4,dia,10,0,0,vbr,1,baseline,0.6493532546000097,29,17,111,1,92,0,0,2,0,2,Standard_720p_30fps_20s
1079,0,p8x8,2,1.7703159785329992,1,10,1,-10,29.32159763936856,-4:4,auto,0,100,3,tesa,45,0,0,none,1,main,0.9544631986942628,25,3,141,7,40,5,63,1,0,1,Standard_720p_30fps_20s
1079,0,p8x8,2,1.7703159785329992,1,10,1,-10,29.32159763936856,-4:4,none,0,100,3,tesa,45,0,0,none,1,main,0.2829198489071013,25,3,134,7,40,5,63,1,0,1,Standard_720p_30fps_20s
1079,0,p8x8,2,1.7703159785329992,1,10,1,-10,29.32159763936856,-4:4,none,0,100,3,tesa,45,0,0,none,1,main,0.2829198489071013,25,3,141,7,40,5,63,1,0,1,Standard_720p_30fps_20s
1079,0,p8x8,0,1.7703159785329992,1,10,1,-10,29.32159763936856,-4:4,none,0,100,3,tesa,45,0,0,none,1,main,0.2829198489071013,25,3,141,7,29,5,63,1,0,1,Standard_720p_30fps_20s
1079,0,p8x8,2,0.6252271957400338,1,10,0,-10,29.32159763936856,-4:4,none,0,100,3,tesa,45,0,0,none,1,main,0.2829198489071013,25,3,141,7,40,5,20,1,0,1,Standard_720p_30fps_20s
1079,0,p8x8,2,1.432492616720349,1,10,1,-10,29.32159763936856,-4:4,none,0,100,3,tesa,45,0,0,none,1,main,0.2829198489071013,25,3,134,7,40,2,63,1,0,1,Standard_720p_30fps_20s
1079,0,p8x8,0,1.7703159785329992,1,7,0,1,25.059861731496472,5:-5,auto,1,215,4,umh,10,0,0,cbr,1,baseline,0.6493532546000097,22,4,111,3,80,0,2,0,0,0,Standard_720p_30fps_20s
1079,0,none,0,1.7703159785329992,1,7,1,1,25.059861731496472,6:6,auto,1,215,4,dia,10,0,0,cbr,1,baseline,0.6493532546000097,22,4,111,1,92,0,0,0,1,0,Standard_720p_25fps_10s
1079,0,p4x4,2,0.8031596101194036,1,6,0,-11,25.059861731496472,6:6,auto,1,215,3,dia,19,0,0,cbr,1,baseline,0.6493532546000097,29,12,111,1,92,0,0,2,1,0,Standard_720p_25fps_10s
130,0,p4x4,2,1.837411806759884,2,7,1,1,25.059861731496472,6:6,auto,1,215,4,dia,10,0,0,cbr,1,baseline,0.6493532546000097,29,17,111,1,92,0,0,2,1,2,Standard_720p_25fps_10s
1974,0,p4x4,2,0.8031596101194036,1,9,0,-11,25.059861731496472,6:6,auto,1,215,3,dia,19,0,0,cbr,1,baseline,0.6493532546000097,29,12,111,1,92,0,0,2,1,0,Standard_720p_25fps_10s
1079,0,p4x4,2,0.8031596101194036,1,6,0,-11,25.059861731496472,6:6,auto,1,215,3,dia,19,0,0,cbr,1,baseline,0.6493532546000097,29,10,111,1,92,0,0,2,1,0,Standard_720p_25fps_10s
130,0,p4x4,2,1.837411806759884,2,7,1,1,25.059861731496472,6:6,auto,1,109,4,dia,10,0,0,cbr,0,baseline,0.6493532546000097,29,17,111,1,92,0,0,2,1,0,Standard_720p_25fps_10s
1079,0,p4x4,2,0.8031596101194036,1,6,0,-11,22.60295966939336,6:6,auto,1,215,3,dia,19,0,0,cbr,1,baseline,0.6493532546000097,29,10,111,1,92,0,0,2,1,0,Standard_720p_25fps_10s
1079,0,p4x4,2,0.8031596101194036,1,3,0,-11,25.059861731496472,6:6,auto,1,215,3,dia,19,0,0,cbr,1,baseline,0.6493532546000097,29,12,111,1,92,1,0,2,1,0,Standard_720p_25fps_10s
130,0,p4x4,1,1.837411806759884,2,7,1,4,25.059861731496472,6:6,auto,1,109,4,dia,10,0,0,cbr,0,baseline,0.6493532546000097,29,17,111,1,92,0,11,2,1,0,Standard_720p_25fps_10s
1079,0,none,0,1.7703159785329992,2,7,1,1,25.059861731496472,6:6,auto,1,215,3,dia,19,0,0,cbr,1,baseline,0.6493532546000097,29,12,111,1,92,1,0,2,1,0,Standard_720p_25fps_10s
1079,0,p4x4,2,0.8031596101194036,1,6,1,-11,25.059861731496472,-3:3,auto,1,215,3,dia,19,0,0,cbr,1,baseline,0.6493532546000097,29,12,111,1,92,0,0,2,1,1,Standard_720p_25fps_10s
246,0,p4x4,2,1.837411806759884,2,7,1,1,25.059861731496472,6:6,auto,1,109,4,dia,42,0,0,cbr,0,baseline,0.4459819146203567,29,13,108,1,92,0,0,2,1,1,Standard_720p_25fps_10s
1079,0,p8x8,2,1.7703159785329992,1,10,1,-10,29.32159763936856,-4:4,auto,1,215,3,hex,19,0,0,cbr,1,baseline,0.6493532546000097,29,12,111,1,92,0,0,2,1,0,Standard_720p_25fps_10s
1079,0,p4x4,2,0.8031596101194036,1,6,0,-11,22.60295966939336,6:6,auto,1,215,3,dia,19,0,0,cbr,1,baseline,0.6493532546000097,29,12,111,1,92,0,0,2,1,0,Standard_720p_25fps_10s
1079,0,p4x4,2,0.8031596101194036,1,6,0,-11,25.059861731496472,6:6,auto,1,215,3,dia,19,0,0,cbr,1,baseline,0.6493532546000097,38,10,111,1,92,1,0,2,1,0,Standard_720p_25fps_10s
1974,0,p4x4,2,1.6741655470292751,2,6,1,-11,22.60295966939336,-5:5,auto,1,215,3,dia,19,0,0,cbr,1,baseline,0.6493532546000097,29,10,111,11,92,0,0,2,1,0,Standard_720p_25fps_10s
1079,0,p4x4,0,1.8458221446860648,1,6,0,-11,12.70039942180088,6:6,auto,1,215,0,dia,19,0,0,cbr,1,baseline,0.6493532546000097,29,10,111,1,88,0,0,2,0,0,Standard_720p_25fps_10s
130,0,p4x4,1,1.837411806759884,2,7,1,1,25.059861731496472,6:6,auto,1,215,4,dia,10,0,0,cbr,1,baseline,0.6493532546000097,22,4,111,1,92,0,0,0,1,0,Standard_720p_25fps_10s
246,0,p4x4,2,1.837411806759884,1,7,0,-11,25.059861731496472,6:6,auto,1,215,3,dia,19,0,0,cbr,1,baseline,0.6493532546000097,29,12,166,1,92,0,0,2,1,0,Standard_720p_25fps_10s
1079,1,none,0,1.7703159785329992,1,7,1,1,25.059861731496472,6:6,auto,1,215,4,dia,10,0,0,none,1,main,0.2829198489071013,25,3,141,6,29,5,63,1,0,1,Standard_720p_25fps_10s
1079,0,p4x4,2,0.8031596101194036,1,10,0,-11,25.059861731496472,5:-5,auto,1,215,4,umh,10,0,0,cbr,1,baseline,0.6493532546000097,22,4,111,10,80,4,53,2,1,1,Big_1080p_25fps_15s
1079,0,p8x8,0,1.7703159785329992,1,7,0,1,25.059861731496472,5:-5,auto,1,215,4,umh,10,0,0,cbr,1,baseline,0.6493532546000097,22,4,111,3,80,0,2,0,0,0,Big_1080p_25fps_15s
1079,0,p8x8,3,1.7703159785329992,1,7,0,1,25.059861731496472,5:-5,auto,1,215,4,umh,10,0,0,cbr,1,baseline,0.6493532546000097,22,4,111,13,80,4,2,0,0,0,Big_1080p_25fps_15s
1974,0,p4x4,2,0.8031596101194036,2,7,0,1,25.059861731496472,3:-3,auto,1,215,4,umh,21,0,0,cbr,1,baseline,0.6493532546000097,22,4,111,13,80,4,2,0,0,0,Big_1080p_25fps_15s
1974,0,p4x4,2,0.8031596101194036,2,7,0,1,25.059861731496472,5:-5,auto,1,215,4,umh,10,0,0,cbr,1,baseline,0.6493532546000097,22,4,111,13,80,4,2,0,0,0,Big_1080p_25fps_15s
1974,0,p4x4,2,0.8031596101194036,2,7,0,1,25.059861731496472,5:-5,auto,1,184,4,dia,10,0,0,cbr,1,baseline,0.6493532546000097,22,4,111,1,92,0,2,0,0,0,Big_1080p_25fps_15s
1974,0,p4x4,2,0.8031596101194036,2,7,0,1,25.059861731496472,5:5,auto,1,215,4,umh,10,0,0,cbr,1,baseline,0.6493532546000097,22,4,111,13,80,4,2,0,0,0,Big_1080p_25fps_15s
1974,0,p4x4,2,0.8031596101194036,2,14,0,1,25.059861731496472,-3:3,auto,1,215,4,umh,10,0,0,cbr,1,baseline,0.6493532546000097,22,4,111,13,80,4,2,0,1,0,Big_1080p_25fps_15s
1079,0,p8x8,3,1.7703159785329992,1,7,0,1,25.059861731496472,5:-5,auto,1,215,4,umh,10,1,0,cbr,1,baseline,0.6493532546000097,22,4,111,3,80,0,2,0,1,0,Big_1080p_25fps_15s
1974,0,p4x4,2,0.8031596101194036,2,7,0,1,25.059861731496472,5:-5,auto,1,184,4,dia,10,0,0,cbr,1,baseline,0.6493532546000097,22,4,111,11,92,0,2,0,0,0,Big_1080p_25fps_15s
1974,0,p4x4,1,0.8031596101194036,2,14,0,1,25.059861731496472,-3:3,auto,1,254,4,umh,10,0,0,cbr,1,baseline,0.6493532546000097,22,2,111,13,20,4,2,0,1,0,Big_1080p_25fps_15s
1079,0,p4x4,2,0.8031596101194036,1,10,0,-11,25.059861731496472,5:-5,auto,1,215,4,umh,10,0,0,cbr,1,baseline,0.6493532546000097,22,4,111,15,56,4,53,0,0,1,Big_1080p_25fps_15s
1079,0,p4x4,2,0.8031596101194036,0,10,0,-11,25.059861731496472,5:-5,auto,1,215,4,umh,10,0,0,cbr,1,baseline,0.6493532546000097,22,4,111,13,30,4,17,0,0,0,Big_1080p_25fps_15s
1516,0,p4x4,2,0.8031596101194036,1,10,0,-11,25.059861731496472,5:-5,auto,1,186,4,umh,10,0,0,cbr,1,baseline,0.6493532546000097,29,4,111,10,80,4,53,2,1,1,Big_1080p_25fps_15s
1079,0,p4x4,2,0.8031596101194036,1,10,0,-11,25.059861731496472,5:-5,auto,1,215,4,umh,10,0,0,cbr,1,baseline,0.6493532546000097,22,4,111,10,24,4,53,0,0,1,Big_1080p_25fps_15s
1079,0,p4x4,2,0.8031596101194036,0,10,0,-11,25.059861731496472,5:-5,auto,1,483,4,umh,10,0,0,cbr,1,baseline,0.6493532546000097,22,4,111,13,80,4,2,0,0,0,Big_1080p_25fps_15s
1974,0,all,2,0.8031596101194036,2,7,0,1,25.059861731496472,-3:3,auto,0,254,4,umh,10,0,0,cbr,0,baseline,0.6493532546000097,22,2,111,13,20,4,2,0,1,0,Big_1080p_25fps_15s
1079,0,p8x8,2,1.7703159785329992,1,10,1,-10,29.32159763936856,-4:4,none,0,100,3,tesa,45,0,0,none,1,main,0.2829198489071013,25,3,141,7,40,5,63,1,0,1,Big_1080p_25fps_15s
1079,0,p8x8,0,1.7703159785329992,1,10,1,-10,29.32159763936856,-4:4,none,0,100,3,tesa,45,0,0,none,1,main,0.2829198489071013,25,3,141,7,29,5,63,1,0,1,Big_1080p_25fps_15s
1079,0,p8x8,2,1.7703159785329992,1,10,1,-10,29.32159763936856,-4:4,auto,0,100,3,tesa,45,0,0,none,1,main,0.9544631986942628,25,3,141,7,40,5,63,1,0,1,Big_1080p_25fps_15s
1079,0,none,0,1.7703159785329992,1,7,1,1,25.059861731496472,6:6,auto,1,215,4,dia,10,0,0,cbr,1,baseline,0.6493532546000097,22,4,111,1,92,0,0,0,1,0,Big_720p_30fps_10s
130,0,p4x4,2,1.837411806759884,2,7,1,1,25.059861731496472,6:6,auto,1,215,4,dia,10,0,0,cbr,1,baseline,0.6493532546000097,29,17,111,1,92,0,0,2,1,2,Big_720p_30fps_10s
1974,0,p4x4,2,0.8031596101194036,1,9,0,-11,25.059861731496472,6:6,auto,1,215,3,dia,19,0,0,cbr,1,baseline,0.6493532546000097,29,12,111,1,92,0,0,2,1,0,Big_720p_30fps_10s
130,0,p4x4,2,1.837411806759884,2,7,1,1,25.059861731496472,6:6,auto,1,109,4,dia,10,0,0,cbr,0,baseline,0.6493532546000097,29,17,111,1,92,0,0,2,1,0,Big_720p_30fps_10s
1079,0,p4x4,2,0.8031596101194036,1,6,0,-11,25.059861731496472,6:6,auto,1,215,3,dia,19,0,0,cbr,1,baseline,0.6493532546000097,29,10,111,1,92,0,0,2,1,0,Big_720p_30fps_10s
130,1,p4x4,0,1.837411806759884,0,7,1,1,25.059861731496472,6:6,auto,1,215,4,dia,10,0,0,vbr,0,baseline,0.6493532546000097,29,17,32,1,87,0,0,0,1,0,Big_720p_30fps_10s
130,0,p4x4,0,1.837411806759884,0,7,1,1,1.864694607390001,6:6,auto,1,215,2,esa,10,0,0,vbr,0,baseline,0.6493532546000097,29,17,32,1,6,0,0,0,1,0,Big_720p_30fps_10s
130,0,p4x4,0,1.837411806759884,2,7,1,3,25.059861731496472,6:6,auto,1,215,4,dia,10,0,0,cbr,0,baseline,0.6493532546000097,29,17,32,1,87,0,0,0,1,0,Big_720p_30fps_10s
1974,0,p4x4,2,0.8031596101194036,1,9,0,-11,25.059861731496472,6:6,auto,1,113,3,dia,19,0,1,cbr,1,baseline,0.1283719280171081,47,17,32,1,87,0,0,0,1,0,Big_720p_30fps_10s
1079,0,p8x8,2,1.7703159785329992,1,10,1,-10,29.32159763936856,-4:4,auto,0,100,3,tesa,45,0,0,none,1,main,0.9544631986942628,25,3,141,7,40,5,63,1,0,1,Big_720p_30fps_10s
1079,0,p8x8,0,1.7703159785329992,1,10,1,-10,29.32159763936856,-4:4,none,0,100,3,tesa,45,0,0,none,1,main,0.2829198489071013,25,3,141,7,29,5,63,1,0,1,Big_720p_30fps_10s
1079,0,p8x8,2,1.7703159785329992,1,10,1,-10,29.32159763936856,-4:4,none,0,100,3,tesa,45,0,0,none,1,main,0.2829198489071013,25,3,134,7,40,5,63,1,0,1,Big_720p_30fps_10s
1079,0,p8x8,2,1.7703159785329992,1,10,1,-10,29.32159763936856,-4:4,none,0,100,3,tesa,45,0,0,none,1,main,0.2829198489071013,25,3,141,7,40,5,63,1,0,1,Big_720p_30fps_10s
1079,0,p8x8,0,1.7703159785329992,1,10,0,-10,29.32159763936856,-4:4,none,0,100,3,tesa,33,0,0,none,1,main,0.2829198489071013,25,3,141,7,29,5,63,1,0,1,Big_720p_30fps_10s
1079,0,p4x4,2,0.8031596101194036,1,10,0,-11,25.059861731496472,5:-5,auto,1,215,4,umh,10,0,0,cbr,1,baseline,0.6493532546000097,22,4,111,10,80,4,53,2,1,1,Big_720p_30fps_10s
1974,0,p4x4,2,0.8031596101194036,2,7,0,1,25.059861731496472,5:-5,auto,1,184,4,dia,10,0,0,cbr,1,baseline,0.6493532546000097,22,4,111,1,92,0,2,0,0,0,Big_720p_30fps_10s
1079,0,p8x8,0,1.7703159785329992,1,7,0,1,25.059861731496472,5:-5,auto,1,215,4,umh,10,0,0,cbr,1,baseline,0.6493532546000097,22,4,111,3,80,0,2,0,0,0,Big_720p_30fps_10s
1079,0,none,3,1.9748663738410028,1,4,0,1,25.059861731496472,3:-3,auto,1,215,4,umh,10,0,0,cbr,1,baseline,0.6493532546000097,22,4,111,13,80,4,2,0,0,0,Big_720p_30fps_10s
1974,0,p4x4,2,0.8031596101194036,2,7,0,1,25.059861731496472,3:-3,auto,1,215,4,umh,21,0,0,cbr,1,baseline,0.6493532546000097,22,4,111,13,80,4,2,0,0,0,Big_720p_30fps_10s
1974,0,p4x4,2,0.8031596101194036,2,7,0,1,25.059861731496472,5:-5,auto,1,215,4,umh,10,0,0,cbr,1,baseline,0.6493532546000097,22,4,111,13,80,4,2,0,0,0,Big_720p_30fps_10s
1079,0,p8x8,2,1.7703159785329992,1,10,1,-10,29.32159763936856,-4:4,none,0,100,3,tesa,45,0,0,none,1,main,0.2829198489071013,25,3,141,7,40,5,63,1,0,1,Still_image_720p_25fps_20s
1079,0,p8x8,2,1.7703159785329992,1,10,1,-10,29.32159763936856,-4:4,auto,0,100,3,tesa,45,0,0,none,1,main,0.9544631986942628,25,3,141,7,40,5,63,1,0,1,Still_image_720p_25fps_20s
1079,0,p8x8,2,1.7703159785329992,1,10,1,-10,29.32159763936856,-4:4,none,0,100,3,tesa,45,0,0,none,1,main,0.2829198489071013,25,3,134,7,40,5,63,1,0,1,Still_image_720p_25fps_20s
1079,0,p8x8,0,1.7703159785329992,1,10,1,-10,29.32159763936856,-4:4,none,0,100,3,tesa,45,0,0,none,1,main,0.2829198489071013,25,3,141,7,29,5,63,1,0,1,Still_image_720p_25fps_20s
1079,0,p8x8,0,1.7703159785329992,1,10,1,-10,29.32159763936856,-4:4,none,0,100,3,tesa,35,0,0,none,1,main,0.2829198489071013,49,3,134,7,40,5,63,1,0,1,Still_image_720p_25fps_20s
1079,0,p8x8,0,1.7703159785329992,1,10,1,-3,29.32159763936856,-4:4,none,0,100,3,tesa,45,0,0,none,1,main,0.2829198489071013,25,3,141,7,29,5,63,1,0,1,Still_image_720p_25fps_20s
1079,0,p8x8,0,1.7703159785329992,1,10,1,-10,29.32159763936856,-4:4,temporal,0,100,3,tesa,35,0,0,none,1,main,0.2829198489071013,49,3,134,7,40,5,63,1,0,1,Still_image_720p_25fps_20s
368,0,p8x8,2,1.7703159785329992,1,10,1,-10,29.32159763936856,-4:4,none,0,100,3,tesa,45,0,0,none,1,main,0.2829198489071013,25,3,134,7,40,5,63,2,0,1,Still_image_720p_25fps_20s
1079,0,p8x8,0,1.7703159785329992,1,10,1,-10,29.32159763936856,-4:4,none,0,100,3,tesa,45,0,0,none,1,main,0.365820908391329,36,3,16,7,29,5,63,1,0,1,Still_image_720p_25fps_20s
1079,0,p8x8,3,1.4189887628362736,1,10,1,-10,29.32159763936856,-4:4,temporal,0,100,3,tesa,51,0,0,none,1,main,0.9991673557794786,49,3,134,7,40,5,63,1,0,0,Still_image_720p_25fps_20s
1079,0,p8x8,3,1.7703159785329992,1,7,0,1,25.059861731496472,5:-5,auto,1,215,4,tesa,10,0,0,none,1,main,0.2829198489071013,49,3,134,7,40,5,63,1,0,1,Still_image_720p_25fps_20s
1079,0,p8x8,2,1.7703159785329992,1,10,0,-10,29.32159763936856,-4:4,none,0,100,3,tesa,45,0,0,none,1,main,0.2829198489071013,25,3,141,7,2,5,63,1,0,1,Still_image_720p_25fps_20s
1079,0,p8x8,0,1.7703159785329992,1,10,1,-10,29.32159763936856,-4:4,none,0,100,3,tesa,35,0,0,none,1,main,0.2829198489071013,25,3,141,7,29,5,63,1,0,1,Still_image_720p_25fps_20s
1079,0,p8x8,3,0.9687268975797468,2,10,1,-10,29.32159763936856,-4:4,temporal,0,100,3,tesa,35,0,0,vbr,1,main,0.9991673557794786,22,3,134,7,40,5,63,1,0,1,Still_image_720p_25fps_20s
1079,0,p8x8,0,1.7703159785329992,1,10,0,-10,29.32159763936856,-4:4,none,0,100,0,tesa,8,0,0,none,1,main,0.365820908391329,36,3,16,7,40,5,63,1,0,1,Still_image_720p_25fps_20s
1079,0,p8x8,2,1.7703159785329992,1,10,1,-10,3.941303844473592,-4:4,none,0,100,3,tesa,45,0,0,none,1,main,0.2829198489071013,25,3,141,7,29,5,63,1,0,1,Still_image_720p_25fps_20s
1079,0,p8x8,2,1.7703159785329992,1,10,1,-10,29.32159763936856,-4:4,none,0,100,3,tesa,45,0,0,none,1,main,0.2829198489071013,25,3,134,7,40,5,63,2,0,1,Still_image_720p_25fps_20s
368,0,p8x8,2,1.7703159785329992,1,10,1,-10,29.32159763936856,-4:4,none,0,100,3,tesa,45,0,0,none,1,main,0.2829198489071013,25,3,134,7,40,5,63,1,0,1,Still_image_720p_25fps_20s
476,0,p8x8,0,1.7703159785329992,1,10,1,-10,29.32159763936856,-4:4,none,0,100,3,tesa,35,0,0,none,1,main,0.2829198489071013,23,3,134,7,40,4,63,1,0,1,Still_image_720p_25fps_20s
1974,0,p4x4,2,0.8031596101194036,2,7,0,1,25.059861731496472,5:-5,auto,1,215,4,umh,10,0,0,cbr,1,baseline,0.6493532546000097,22,4,111,13,80,4,2,0,0,0,Still_image_720p_25fps_20s
1079,0,p8x8,0,1.7703159785329992,1,7,0,1,25.059861731496472,5:-5,auto,1,215,4,umh,10,0,0,cbr,1,baseline,0.6493532546000097,22,4,111,3,80,0,2,0,0,0,Big_720p_60fps_5s
1974,0,p4x4,2,0.8031596101194036,2,7,0,1,25.059861731496472,5:-5,auto,1,215,4,umh,10,0,0,cbr,1,baseline,0.6493532546000097,22,4,111,13,80,4,2,0,0,0,Big_720p_60fps_5s
1079,0,p4x4,2,0.8031596101194036,1,10,0,-11,25.059861731496472,5:-5,auto,1,215,4,umh,10,0,0,cbr,1,baseline,0.6493532546000097,22,4,111,10,80,4,53,2,1,1,Big_720p_60fps_5s
1079,0,p8x8,3,1.7703159785329992,1,7,0,1,25.059861731496472,5:-5,auto,1,215,4,umh,10,0,0,cbr,1,baseline,0.6493532546000097,22,4,111,13,80,4,2,0,0,0,Big_720p_60fps_5s
1974,0,p4x4,2,0.8031596101194036,2,7,0,1,25.059861731496472,5:-5,auto,1,184,4,dia,10,0,0,cbr,1,baseline,0.6493532546000097,22,4,111,1,92,0,2,0,0,0,Big_720p_60fps_5s
1974,0,p4x4,2,0.8031596101194036,2,7,0,1,25.059861731496472,3:-3,auto,1,215,4,umh,21,0,0,cbr,1,baseline,0.6493532546000097,22,4,111,13,80,4,2,0,0,0,Big_720p_60fps_5s
1974,0,p4x4,2,0.8031596101194036,2,7,0,1,25.059861731496472,5:5,auto,1,215,4,umh,10,0,0,cbr,1,baseline,0.6493532546000097,22,4,111,13,80,4,2,0,0,0,Big_720p_60fps_5s
1079,0,none,3,1.9748663738410028,1,4,0,1,25.059861731496472,3:-3,auto,1,215,4,umh,10,0,0,cbr,1,baseline,0.6493532546000097,22,4,111,13,80,4,2,0,0,0,Big_720p_60fps_5s
1974,0,p4x4,1,0.8031596101194036,2,7,0,1,25.059861731496472,5:-5,auto,1,184,4,dia,10,0,0,cbr,1,baseline,0.084791151994838,22,4,111,5,92,0,2,0,1,0,Big_720p_60fps_5s
1639,0,p4x4,2,0.8031596101194036,1,7,0,1,25.059861731496472,3:-3,auto,1,215,4,umh,21,0,0,cbr,1,baseline,0.6493532546000097,22,4,111,13,80,4,1,0,0,0,Big_720p_60fps_5s
1079,0,p4x4,1,0.8031596101194036,2,7,0,1,25.059861731496472,5:-5,auto,1,348,4,dia,10,0,0,cbr,0,baseline,0.084791151994838,24,4,111,6,92,0,2,0,1,0,Big_720p_60fps_5s
1974,0,p4x4,2,0.8031596101194036,2,7,0,1,25.059861731496472,-2:2,auto,1,184,4,esa,10,0,0,cbr,1,baseline,0.6493532546000097,22,4,128,1,49,0,2,1,0,0,Big_720p_60fps_5s
1079,0,p4x4,2,0.2472445092714786,1,10,0,-11,25.059861731496472,5:-5,auto,1,184,4,dia,10,0,0,cbr,1,baseline,0.084791151994838,22,20,111,5,84,0,2,0,1,0,Big_720p_60fps_5s
1079,0,p4x4,2,0.8031596101194036,1,4,0,-11,25.059861731496472,5:-5,none,1,215,4,umh,10,0,0,cbr,1,baseline,0.6493532546000097,22,4,111,1,92,0,2,0,0,0,Big_720p_60fps_5s
1079,0,p8x8,3,1.7703159785329992,1,7,0,1,14.530767961284493,5:-5,auto,1,215,4,umh,38,0,0,cbr,1,baseline,0.6493532546000097,22,4,111,13,80,4,2,0,0,0,Big_720p_60fps_5s
1974,0,p4x4,2,0.8031596101194036,2,7,0,1,25.059861731496472,-2:2,auto,1,184,4,esa,10,0,0,cbr,1,baseline,0.6493532546000097,22,4,128,1,49,0,2,1,1,0,Big_720p_60fps_5s
1974,0,p4x4,2,0.8031596101194036,2,1,0,1,25.059861731496472,5:-5,auto,1,184,4,dia,10,0,0,none,1,main,0.084791151994838,22,4,111,5,92,0,2,0,1,0,Big_720p_60fps_5s
1639,0,p4x4,3,1.9748663738410028,1,0,0,1,25.059861731496472,3:-3,auto,1,215,4,umh,10,0,0,cbr,1,baseline,0.6493532546000097,22,4,111,13,80,4,2,0,0,0,Big_720p_60fps_5s
1079,0,p8x8,0,1.7703159785329992,0,7,0,-11,25.059861731496472,5:-5,auto,1,215,4,umh,10,0,0,cbr,1,baseline,0.6493532546000097,22,4,111,3,80,0,2,0,1,0,Big_720p_60fps_5s
1079,0,p4x4,2,0.8031596101194036,2,10,0,-11,25.059861731496472,5:-5,auto,1,215,4,umh,10,0,0,cbr,1,baseline,0.6493532546000097,22,4,111,10,80,0,2,1,1,0,Big_720p_60fps_5s
1079,0,p8x8,0,1.7703159785329992,1,7,0,1,25.059861731496472,5:-5,auto,1,215,4,umh,10,0,0,cbr,1,baseline,0.6493532546000097,22,4,111,3,80,0,2,0,0,0,Big_720p_25fps_5s
1974,0,p4x4,2,0.8031596101194036,2,7,0,1,25.059861731496472,5:-5,auto,1,215,4,umh,10,0,0,cbr,1,baseline,0.6493532546000097,22,4,111,13,80,4,2,0,0,0,Big_720p_25fps_5s
1974,0,p4x4,2,0.8031596101194036,2,7,0,1,25.059861731496472,3:-3,auto,1,215,4,umh,21,0,0,cbr,1,baseline,0.6493532546000097,22,4,111,13,80,4,2,0,0,0,Big_720p_25fps_5s
1079,0,p8x8,3,1.7703159785329992,1,7,0,1,25.059861731496472,5:-5,auto,1,215,4,umh,10,0,0,cbr,1,baseline,0.6493532546000097,22,4,111,13,80,4,2,0,0,0,Big_720p_25fps_5s
1079,0,p4x4,2,0.8031596101194036,1,10,0,-11,25.059861731496472,5:-5,auto,1,215,4,umh,10,0,0,cbr,1,baseline,0.6493532546000097,22,4,111,10,80,4,53,2,1,1,Big_720p_25fps_5s
1974,0,p4x4,2,0.8031596101194036,2,7,0,1,25.059861731496472,5:-5,auto,1,184,4,dia,10,0,0,cbr,1,baseline,0.6493532546000097,22,4,111,1,92,0,2,0,0,0,Big_720p_25fps_5s
130,0,p4x4,2,0.8031596101194036,2,7,0,1,25.059861731496472,3:-3,auto,1,215,4,umh,4,0,0,cbr,1,baseline,0.6493532546000097,22,4,111,13,80,4,2,0,0,0,Big_720p_25fps_5s
130,0,all,2,0.8031596101194036,2,7,0,1,25.059861731496472,3:-3,auto,1,215,4,umh,21,0,0,cbr,0,baseline,0.6493532546000097,22,4,111,13,80,4,2,0,0,0,Big_720p_25fps_5s
1079,0,none,3,1.9748663738410028,1,4,0,1,25.059861731496472,3:-3,auto,1,215,4,umh,10,0,0,cbr,1,baseline,0.6493532546000097,22,4,111,13,80,4,2,0,0,0,Big_720p_25fps_5s
1974,0,p4x4,1,0.8031596101194036,2,7,0,1,25.059861731496472,5:-5,auto,1,184,4,dia,10,0,0,cbr,1,baseline,0.084791151994838,22,4,111,5,92,0,2,0,1,0,Big_720p_25fps_5s
1639,0,p4x4,2,0.8031596101194036,1,7,0,1,25.059861731496472,3:-3,auto,1,215,4,umh,21,0,0,cbr,1,baseline,0.6493532546000097,22,4,111,13,80,4,1,0,0,0,Big_720p_25fps_5s
1025,0,none,3,1.9748663738410028,1,4,0,1,2.930455961695437,3:-3,auto,1,215,4,umh,10,1,0,cbr,1,baseline,0.6493532546000097,22,4,111,1,92,0,2,0,0,0,Big_720p_25fps_5s
1974,0,p4x4,2,0.8031596101194036,2,7,0,1,25.059861731496472,3:-3,auto,1,215,4,umh,21,0,0,cbr,1,baseline,0.6493532546000097,22,4,111,13,62,5,2,0,0,0,Big_720p_25fps_5s
1079,0,all,0,1.7703159785329992,1,7,0,1,25.059861731496472,5:-5,auto,1,185,4,umh,10,0,0,cbr,1,baseline,0.6493532546000097,22,4,111,3,80,0,4,0,0,0,Big_720p_25fps_5s
1079,0,p4x4,3,0.8031596101194036,1,10,0,-11,25.059861731496472,5:-5,auto,1,215,4,dia,10,1,0,cbr,1,baseline,0.084791151994838,46,4,111,5,92,0,2,0,1,0,Big_720p_25fps_5s
130,0,p4x4,3,0.8031596101194036,1,10,0,-11,25.059861731496472,5:-5,none,1,215,4,dia,10,1,0,cbr,1,baseline,0.084791151994838,46,4,111,5,92,0,30,0,1,0,Big_720p_25fps_5s
130,0,all,2,0.8031596101194036,2,7,0,7,25.059861731496472,3:-3,auto,0,215,4,umh,21,0,0,cbr,1,baseline,0.084791151994838,22,4,52,5,92,0,2,0,0,0,Big_720p_25fps_5s
130,0,p4x4,2,0.8031596101194036,2,7,0,1,25.059861731496472,3:-3,auto,1,215,4,dia,10,0,0,cbr,1,baseline,0.084791151994838,44,4,111,1,45,8,2,0,1,0,Big_720p_25fps_5s
1974,0,p4x4,2,0.8031596101194036,2,7,0,1,20.65322178317544,3:-3,auto,1,215,4,umh,21,0,0,cbr,1,baseline,0.6493532546000097,22,4,111,15,80,4,2,0,0,0,Big_720p_25fps_5s
130,0,p4x4,2,0.8031596101194036,2,7,0,1,25.059861731496472,3:-3,auto,1,215,4,umh,4,0,0,cbr,1,baseline,0.6493532546000097,22,4,111,13,64,4,2,0,0,0,Big_720p_25fps_5s
1079,0,p4x4,2,0.8031596101194036,1,10,0,-11,25.059861731496472,5:-5,auto,1,215,4,umh,10,0,0,cbr,1,baseline,0.6493532546000097,22,4,111,10,80,4,53,2,1,1,Still_image_480p_25fps_5s
1974,0,p4x4,2,0.8031596101194036,2,7,0,1,25.059861731496472,5:-5,auto,1,215,4,umh,10,0,0,cbr,1,baseline,0.6493532546000097,22,4,111,13,80,4,2,0,0,0,Still_image_480p_25fps_5s
1974,0,p4x4,2,0.8031596101194036,2,7,0,1,25.059861731496472,5:-5,auto,1,184,4,dia,10,0,0,cbr,1,baseline,0.6493532546000097,22,4,111,1,92,0,2,0,0,0,Still_image_480p_25fps_5s
1079,0,p8x8,0,1.7703159785329992,1,7,0,1,25.059861731496472,5:-5,auto,1,215,4,umh,10,0,0,cbr,1,baseline,0.6493532546000097,22,4,111,3,80,0,2,0,0,0,Still_image_480p_25fps_5s
1079,0,p8x8,3,1.7703159785329992,1,7,0,1,25.059861731496472,5:-5,auto,1,215,4,umh,10,0,0,cbr,1,baseline,0.6493532546000097,22,4,111,13,80,4,2,0,0,0,Still_image_480p_25fps_5s
1974,0,p4x4,2,0.8031596101194036,2,7,0,1,25.059861731496472,3:-3,auto,1,215,4,umh,21,0,0,cbr,1,baseline,0.6493532546000097,22,4,111,13,80,4,2,0,0,0,Still_image_480p_25fps_5s
1974,0,p4x4,2,0.8031596101194036,2,7,0,1,25.059861731496472,5:-5,auto,1,215,4,umh,10,0,0,cbr,1,baseline,0.6493532546000097,22,17,111,1,92,0,0,0,0,0,Still_image_480p_25fps_5s
1079,0,p8x8,3,0.5464211271629129,1,7,0,1,25.059861731496472,5:-5,auto,1,215,4,umh,10,0,0,cbr,1,baseline,0.6493532546000097,22,4,111,10,80,4,53,2,1,1,Still_image_480p_25fps_5s
1974,0,p4x4,2,0.8031596101194036,2,7,0,1,25.059861731496472,5:-5,auto,1,215,4,umh,10,0,0,cbr,1,baseline,0.6493532546000097,22,4,111,13,80,6,2,0,0,0,Still_image_480p_25fps_5s
1974,0,none,2,0.8031596101194036,2,7,0,1,25.059861731496472,3:-3,auto,1,215,4,umh,21,0,0,cbr,1,baseline,0.6493532546000097,23,4,111,13,80,4,2,1,0,0,Still_image_480p_25fps_5s
1158,0,p4x4,2,0.8031596101194036,2,7,0,1,25.059861731496472,5:-5,auto,1,215,4,umh,10,1,0,cbr,1,baseline,0.6493532546000097,22,4,111,1,92,0,0,0,0,0,Still_image_480p_25fps_5s
1079,0,p8x8,3,1.7703159785329992,1,7,0,1,25.059861731496472,5:-5,auto,1,215,4,umh,10,0,0,cbr,1,baseline,0.6493532546000097,22,4,111,13,80,4,15,0,0,0,Still_image_480p_25fps_5s
1974,1,p4x4,2,0.8031596101194036,2,1,0,-11,25.059861731496472,3:-3,auto,1,215,4,umh,10,0,0,cbr,1,main,0.6493532546000097,22,4,111,3,80,0,2,0,1,0,Still_image_480p_25fps_5s
1079,0,none,0,1.7703159785329992,1,7,1,1,25.059861731496472,6:6,auto,1,215,4,dia,10,0,0,cbr,1,baseline,0.6493532546000097,22,4,111,1,92,0,0,0,1,0,Still_image_480p_25fps_5s
1079,0,p4x4,2,0.8031596101194036,1,6,0,-11,25.059861731496472,6:6,auto,1,215,3,dia,19,0,0,cbr,1,baseline,0.6493532546000097,29,12,111,1,92,0,0,2,1,0,Still_image_480p_25fps_5s
130,0,p4x4,2,1.837411806759884,2,7,1,1,25.059861731496472,6:6,auto,1,215,4,dia,10,0,0,cbr,1,baseline,0.6493532546000097,29,17,111,1,92,0,0,2,1,2,Still_image_480p_25fps_5s
1079,0,p4x4,2,0.8031596101194036,1,6,0,-11,25.059861731496472,6:6,auto,1,215,3,dia,19,0,0,cbr,1,baseline,0.6493532546000097,29,10,111,1,92,0,0,2,1,0,Still_image_480p_25fps_5s
1974,0,p4x4,2,0.8031596101194036,1,9,0,-11,25.059861731496472,6:6,auto,1,215,3,dia,19,0,0,cbr,1,baseline,0.6493532546000097,29,12,111,1,92,0,0,2,1,0,Still_image_480p_25fps_5s
130,0,p4x4,2,1.837411806759884,2,7,1,1,25.059861731496472,6:6,auto,1,109,4,dia,10,0,0,cbr,0,baseline,0.6493532546000097,29,17,111,1,92,0,0,2,1,0,Still_image_480p_25fps_5s
130,0,p4x4,2,1.837411806759884,2,7,1,1,40.80620717504262,6:6,auto,1,215,4,dia,10,0,0,cbr,1,baseline,0.6493532546000097,48,17,111,1,92,0,0,2,1,2,Still_image_480p_25fps_5s
1974,0,p4x4,2,0.8031596101194036,2,7,0,1,25.059861731496472,5:-5,auto,1,215,4,umh,10,0,0,cbr,1,baseline,0.6493532546000097,22,4,111,13,80,4,2,0,0,0,Standard_480p_30fps_20s
1079,0,p4x4,2,0.8031596101194036,1,10,0,-11,25.059861731496472,5:-5,auto,1,215,4,umh,10,0,0,cbr,1,baseline,0.6493532546000097,22,4,111,10,80,4,53,2,1,1,Standard_480p_30fps_20s
1079,0,p8x8,3,1.7703159785329992,1,7,0,1,25.059861731496472,5:-5,auto,1,215,4,umh,10,0,0,cbr,1,baseline,0.6493532546000097,22,4,111,13,80,4,2,0,0,0,Standard_480p_30fps_20s
1974,0,p4x4,2,0.8031596101194036,2,7,0,1,25.059861731496472,3:-3,auto,1,215,4,umh,21,0,0,cbr,1,baseline,0.6493532546000097,22,4,111,13,80,4,2,0,0,0,Standard_480p_30fps_20s
1079,0,p8x8,0,1.7703159785329992,1,7,0,1,25.059861731496472,5:-5,auto,1,215,4,umh,10,0,0,cbr,1,baseline,0.6493532546000097,22,4,111,3,80,0,2,0,0,0,Standard_480p_30fps_20s
1974,0,p4x4,2,0.8031596101194036,2,7,0,1,25.059861731496472,5:-5,auto,1,184,4,dia,10,0,0,cbr,1,baseline,0.6493532546000097,22,4,111,1,92,0,2,0,0,0,Standard_480p_30fps_20s
1974,0,p4x4,2,0.8031596101194036,2,7,0,1,25.059861731496472,5:5,auto,1,215,4,umh,10,0,0,cbr,1,baseline,0.6493532546000097,22,4,111,13,80,4,2,0,0,0,Standard_480p_30fps_20s
1079,0,p8x8,3,1.7703159785329992,1,7,0,1,25.059861731496472,5:-5,auto,1,215,4,umh,10,1,0,cbr,1,baseline,0.6493532546000097,22,4,111,3,80,0,2,0,1,0,Standard_480p_30fps_20s
1974,0,p4x4,2,0.8031596101194036,2,14,0,1,25.059861731496472,-3:3,auto,1,215,4,umh,10,0,0,cbr,1,baseline,0.6493532546000097,22,4,111,13,80,4,2,0,1,0,Standard_480p_30fps_20s
1079,0,p8x8,3,1.997601325586333,1,7,0,1,29.18331407167099,5:-5,auto,1,215,4,umh,10,1,0,cbr,1,baseline,0.4142891956161778,22,4,111,3,92,0,0,0,1,0,Standard_480p_30fps_20s
1974,0,p4x4,2,0.8031596101194036,2,7,0,1,25.059861731496472,5:5,auto,1,215,4,umh,10,0,0,cbr,1,baseline,0.6493532546000097,22,4,111,3,22,0,2,0,0,0,Standard_480p_30fps_20s
1974,0,p4x4,2,0.8031596101194036,2,7,0,1,25.059861731496472,5:-5,auto,1,215,4,umh,10,0,0,cbr,1,main,0.6493532546000097,22,4,111,3,80,0,2,0,1,0,Standard_480p_30fps_20s
1079,0,p4x4,2,0.8031596101194036,1,10,0,-11,25.059861731496472,3:-3,auto,1,215,4,umh,21,0,0,cbr,1,baseline,0.6493532546000097,22,4,111,13,80,4,2,0,0,0,Standard_480p_30fps_20s
1974,0,none,3,0.8031596101194036,2,7,0,6,25.059861731496472,3:3,auto,1,184,4,dia,10,0,0,cbr,1,baseline,0.6493532546000097,22,4,111,1,92,0,2,0,0,0,Standard_480p_30fps_20s
1079,0,p8x8,3,1.7703159785329992,1,7,0,1,25.059861731496472,0:0,auto,1,215,4,umh,10,0,0,cbr,1,main,0.6493532546000097,22,4,111,13,80,4,2,0,0,0,Standard_480p_30fps_20s
1974,0,p4x4,2,0.8031596101194036,2,7,0,-12,25.059861731496472,5:5,auto,1,215,4,umh,10,0,0,cbr,0,baseline,0.6493532546000097,22,6,111,3,22,0,2,0,0,0,Standard_480p_30fps_20s
1974,0,p4x4,2,0.8031596101194036,2,7,0,1,25.059861731496472,5:-5,auto,1,215,4,umh,10,0,0,cbr,1,main,0.6493532546000097,39,4,111,3,80,0,2,2,1,0,Standard_480p_30fps_20s
1079,0,p8x8,3,1.7703159785329992,1,7,0,1,16.669568145444014,5:-5,auto,0,215,4,umh,10,1,0,cbr,1,baseline,0.6493532546000097,22,4,111,3,52,0,2,0,1,0,Standard_480p_30fps_20s
1974,0,p4x4,2,0.8031596101194036,2,7,0,1,25.059861731496472,3:-3,auto,1,321,4,umh,21,0,0,cbr,1,baseline,0.6493532546000097,22,4,111,13,80,4,2,0,1,0,Standard_480p_30fps_20s
1974,0,p4x4,2,0.8031596101194036,2,7,0,1,25.059861731496472,5:-5,auto,1,184,4,dia,10,0,0,cbr,1,baseline,0.6568262158483255,22,4,111,1,92,0,2,0,0,0,Standard_480p_30fps_20s
1079,0,p8x8,2,1.7703159785329992,1,10,1,-10,29.32159763936856,-4:4,auto,0,100,3,tesa,45,0,0,none,1,main,0.9544631986942628,25,3,141,7,40,5,63,1,0,1,Action_480p_60fps_10s
1079,0,p8x8,2,1.7703159785329992,1,10,1,-10,29.32159763936856,-4:4,none,0,100,3,tesa,45,0,0,none,1,main,0.2829198489071013,25,3,141,7,40,5,63,1,0,1,Action_480p_60fps_10s
1079,0,p8x8,0,1.7703159785329992,1,10,1,-10,29.32159763936856,-4:4,none,0,100,3,tesa,45,0,0,none,1,main,0.2829198489071013,25,3,141,7,29,5,63,1,0,1,Action_480p_60fps_10s
1079,0,p8x8,2,1.7703159785329992,1,10,1,-10,29.32159763936856,-4:4,none,0,100,3,tesa,45,0,0,none,1,main,0.2829198489071013,25,3,134,7,40,5,63,1,0,1,Action_480p_60fps_10s
1079,0,p8x8,0,1.7703159785329992,1,10,1,-3,29.32159763936856,-4:4,none,0,100,3,tesa,45,0,0,none,1,main,0.2829198489071013,25,3,141,7,29,5,63,1,0,1,Action_480p_60fps_10s
1079,0,p8x8,0,1.7703159785329992,1,10,1,-10,29.32159763936856,-4:4,none,0,100,3,tesa,35,0,0,none,1,main,0.2829198489071013,49,3,134,7,40,5,63,1,0,1,Action_480p_60fps_10s
1079,0,p8x8,1,1.7703159785329992,1,10,0,-10,29.32159763936856,2:2,none,0,100,3,tesa,45,0,0,none,1,main,0.2829198489071013,25,3,134,7,40,5,63,1,0,1,Action_480p_60fps_10s
1079,0,p8x8,1,1.7703159785329992,1,10,1,7,29.32159763936856,-4:4,none,0,100,3,tesa,35,0,0,none,1,main,0.2829198489071013,25,3,141,7,29,5,63,1,0,1,Action_480p_60fps_10s
1079,0,p8x8,2,1.9962941833638503,1,10,1,-10,29.32159763936856,-4:4,auto,0,100,3,tesa,45,0,0,none,1,main,0.9544631986942628,22,3,141,7,40,5,63,1,0,1,Action_480p_60fps_10s
1079,0,p8x8,0,1.7703159785329992,1,10,0,-4,29.32159763936856,-5:5,none,0,100,2,tesa,35,0,0,none,1,main,0.2829198489071013,43,3,134,7,40,5,63,1,0,1,Action_480p_60fps_10s
482,0,p8x8,2,1.7703159785329992,1,11,1,-10,29.32159763936856,5:5,none,0,100,3,hex,45,0,0,none,1,main,0.2829198489071013,25,3,141,7,29,5,63,0,0,1,Action_480p_60fps_10s
1079,0,p8x8,0,0.7186488941568363,1,10,1,-10,13.411162930198708,-4:4,none,0,100,3,tesa,45,0,0,none,1,main,0.6762755739411771,25,3,141,7,29,5,63,2,0,1,Action_480p_60fps_10s
742,0,p8x8,0,1.7703159785329992,1,10,1,-3,29.32159763936856,-4:4,none,0,100,3,tesa,45,0,0,none,1,main,0.2829198489071013,40,3,141,7,29,5,63,1,0,1,Action_480p_60fps_10s
482,0,p8x8,2,1.7703159785329992,2,11,1,-10,29.32159763936856,5:5,none,0,100,3,hex,45,0,0,none,1,main,0.2829198489071013,25,3,141,7,3,5,63,0,0,1,Action_480p_60fps_10s
1079,0,p8x8,0,1.7703159785329992,1,10,1,-10,29.32159763936856,-4:4,none,0,100,3,tesa,35,0,0,none,1,main,0.2829198489071013,25,2,141,7,29,5,63,0,0,1,Action_480p_60fps_10s
1079,0,p8x8,2,1.7703159785329992,1,6,1,-10,29.32159763936856,-4:4,auto,0,100,3,tesa,45,0,0,none,1,main,0.9544631986942628,25,3,141,7,40,1,63,2,0,1,Action_480p_60fps_10s
742,0,p8x8,0,1.7703159785329992,2,10,1,-3,29.32159763936856,-4:4,spatial,0,222,3,tesa,45,0,0,none,1,main,0.2829198489071013,40,10,141,7,29,5,63,0,0,1,Action_480p_60fps_10s
1079,1,p8x8,2,1.5254810059786288,1,14,1,-5,29.32159763936856,-4:4,none,1,100,3,tesa,45,0,1,none,1,baseline,0.2829198489071013,25,3,141,6,72,5,15,1,0,1,Action_480p_60fps_10s
1079,0,p4x4,2,0.8031596101194036,1,10,0,-11,25.059861731496472,5:-5,auto,1,215,4,umh,10,0,0,cbr,1,baseline,0.6493532546000097,22,4,111,10,80,4,53,2,1,1,Action_480p_60fps_10s
1974,0,p4x4,2,0.8031596101194036,2,7,0,1,25.059861731496472,3:-3,auto,1,215,4,umh,21,0,0,cbr,1,baseline,0.6493532546000097,22,4,111,13,80,4,2,0,0,0,Action_480p_60fps_10s
1079,0,p4x4,2,0.8031596101194036,1,10,0,-11,25.059861731496472,5:-5,auto,1,215,4,umh,10,0,0,cbr,1,baseline,0.6493532546000097,22,4,111,10,80,4,53,2,1,1,Big_720p_30fps_5s
1974,0,p4x4,2,0.8031596101194036,2,7,0,1,25.059861731496472,5:-5,auto,1,215,4,umh,10,0,0,cbr,1,baseline,0.6493532546000097,22,4,111,13,80,4,2,0,0,0,Big_720p_30fps_5s
1079,0,p8x8,0,1.7703159785329992,1,7,0,1,25.059861731496472,5:-5,auto,1,215,4,umh,10,0,0,cbr,1,baseline,0.6493532546000097,22,4,111,3,80,0,2,0,0,0,Big_720p_30fps_5s
1079,0,p8x8,3,1.7703159785329992,1,7,0,1,25.059861731496472,5:-5,auto,1,215,4,umh,10,0,0,cbr,1,baseline,0.6493532546000097,22,4,111,13,80,4,2,0,0,0,Big_720p_30fps_5s
1974,0,p4x4,2,0.8031596101194036,2,7,0,1,25.059861731496472,5:-5,auto,1,184,4,dia,10,0,0,cbr,1,baseline,0.6493532546000097,22,4,111,1,92,0,2,0,0,0,Big_720p_30fps_5s
1974,0,p4x4,2,0.8031596101194036,2,7,0,1,25.059861731496472,3:-3,auto,1,215,4,umh,21,0,0,cbr,1,baseline,0.6493532546000097,22,4,111,13,80,4,2,0,0,0,Big_720p_30fps_5s
1974,0,p4x4,2,0.8031596101194036,2,7,0,1,25.059861731496472,5:-5,auto,1,215,4,umh,10,0,0,cbr,1,baseline,0.6493532546000097,22,17,111,1,92,0,0,0,0,0,Big_720p_30fps_5s
1079,0,p8x8,3,0.5464211271629129,1,7,0,1,25.059861731496472,5:-5,auto,1,215,4,umh,10,0,0,cbr,1,baseline,0.6493532546000097,22,4,111,10,80,4,53,2,1,1,Big_720p_30fps_5s
1974,0,p4x4,2,0.8031596101194036,2,7,0,1,25.059861731496472,5:-5,auto,1,215,4,umh,10,0,0,cbr,1,baseline,0.6493532546000097,22,4,111,13,80,6,2,0,0,0,Big_720p_30fps_5s
1974,0,none,2,0.8031596101194036,2,7,0,1,25.059861731496472,3:-3,auto,1,215,4,umh,21,0,0,cbr,1,baseline,0.6493532546000097,23,4,111,13,80,4,2,1,0,0,Big_720p_30fps_5s
1079,0,p4x4,3,0.8031596101194036,1,10,0,-11,25.059861731496472,5:-5,auto,1,215,4,umh,10,0,0,cbr,1,baseline,0.6493532546000097,22,4,111,10,80,2,53,2,1,1,Big_720p_30fps_5s
1079,0,p8x8,0,1.7703159785329992,1,7,0,1,25.059861731496472,5:-5,auto,1,215,4,umh,10,0,0,cbr,1,baseline,0.6493532546000097,22,4,111,3,80,3,0,0,1,0,Big_720p_30fps_5s
1533,0,p4x4,2,0.8031596101194036,2,12,0,1,25.059861731496472,5:-5,auto,1,215,4,umh,10,0,0,cbr,1,baseline,0.6493532546000097,22,4,111,13,80,4,2,0,1,0,Big_720p_30fps_5s
1079,0,p8x8,3,1.7703159785329992,1,7,0,1,32.12869444414642,5:-5,auto,1,215,3,umh,10,0,0,cbr,1,baseline,0.6493532546000097,22,4,111,3,80,0,2,0,0,0,Big_720p_30fps_5s
1079,0,p8x8,3,1.7703159785329992,1,7,0,1,25.059861731496472,5:-5,auto,1,215,4,umh,10,0,0,cbr,1,baseline,0.6493532546000097,22,4,111,13,80,0,2,0,0,0,Big_720p_30fps_5s
1974,0,p4x4,2,0.8031596101194036,2,7,0,1,31.900990609433755,-4:4,auto,1,215,4,umh,10,0,0,cbr,1,baseline,0.6493532546000097,22,4,111,3,80,0,2,2,0,0,Big_720p_30fps_5s
1079,0,p8x8,3,1.7703159785329992,1,7,0,1,25.059861731496472,5:-5,auto,1,215,4,umh,10,0,0,cbr,1,baseline,0.6493532546000097,22,4,111,13,17,0,2,0,0,0,Big_720p_30fps_5s
1079,0,p4x4,3,0.8031596101194036,1,10,0,-11,25.059861731496472,5:-5,auto,1,215,4,umh,10,0,0,cbr,1,baseline,0.6493532546000097,22,4,95,10,69,2,53,1,1,2,Big_720p_30fps_5s
1484,0,p8x8,0,1.7703159785329992,2,7,0,-3,25.059861731496472,5:-5,auto,1,215,4,umh,10,0,0,cbr,1,baseline,0.6493532546000097,22,18,103,3,80,3,0,0,1,0,Big_720p_30fps_5s
1533,0,p4x4,2,0.8031596101194036,2,12,0,-10,25.059861731496472,5:-5,auto,1,170,4,hex,10,0,0,cbr,1,baseline,0.6493532546000097,22,4,111,13,80,4,2,0,1,0,Big_720p_30fps_5s
1079,0,p4x4,2,0.8031596101194036,1,10,0,-11,25.059861731496472,5:-5,auto,1,215,4,umh,10,0,0,cbr,1,baseline,0.6493532546000097,22,4,111,10,80,4,53,2,1,1,Big_480p_30fps_5s
1974,0,p4x4,2,0.8031596101194036,2,7,0,1,25.059861731496472,5:-5,auto,1,184,4,dia,10,0,0,cbr,1,baseline,0.6493532546000097,22,4,111,1,92,0,2,0,0,0,Big_480p_30fps_5s
1079,0,p8x8,0,1.7703159785329992,1,7,0,1,25.059861731496472,5:-5,auto,1,215,4,umh,10,0,0,cbr,1,baseline,0.6493532546000097,22,4,111,3,80,0,2,0,0,0,Big_480p_30fps_5s
1079,0,p8x8,3,1.7703159785329992,1,7,0,1,25.059861731496472,5:-5,auto,1,215,4,umh,10,0,0,cbr,1,baseline,0.6493532546000097,22,4,111,13,80,4,2,0,0,0,Big_480p_30fps_5s
1974,0,p4x4,2,0.8031596101194036,2,7,0,1,25.059861731496472,5:-5,auto,1,215,4,umh,10,0,0,cbr,1,baseline,0.6493532546000097,22,4,111,13,80,4,2,0,0,0,Big_480p_30fps_5s
1974,0,p4x4,2,0.8031596101194036,2,7,0,1,25.059861731496472,3:-3,auto,1,215,4,umh,21,0,0,cbr,1,baseline,0.6493532546000097,22,4,111,13,80,4,2,0,0,0,Big_480p_30fps_5s
1079,0,p8x8,2,1.7703159785329992,1,10,1,-10,29.32159763936856,-4:4,auto,0,100,3,tesa,45,0,0,none,1,main,0.9544631986942628,25,3,141,7,40,5,63,1,0,1,Big_480p_30fps_5s
1974,0,p4x4,1,0.8031596101194036,2,7,0,1,25.059861731496472,5:-5,auto,1,184,4,dia,10,0,0,cbr,1,baseline,0.084791151994838,22,4,111,5,92,0,2,0,1,0,Big_480p_30fps_5s
1079,0,none,3,1.9748663738410028,1,4,0,1,25.059861731496472,3:-3,auto,1,215,4,umh,10,0,0,cbr,1,baseline,0.6493532546000097,22,4,111,13,80,4,2,0,0,0,Big_480p_30fps_5s
1974,0,p4x4,2,0.8031596101194036,2,7,0,1,25.059861731496472,5:5,auto,1,215,4,umh,10,0,0,cbr,1,baseline,0.6493532546000097,22,4,111,13,80,4,2,0,0,0,Big_480p_30fps_5s
1974,0,p4x4,2,0.8031596101194036,2,14,0,1,25.059861731496472,-3:3,auto,1,215,4,umh,10,0,0,cbr,1,baseline,0.6493532546000097,22,4,111,13,80,4,2,0,1,0,Big_480p_30fps_5s
1079,0,p8x8,3,1.7703159785329992,1,7,0,1,25.059861731496472,5:-5,auto,1,215,4,umh,10,1,0,cbr,1,baseline,0.6493532546000097,22,4,111,3,80,0,2,0,1,0,Big_480p_30fps_5s
130,0,p4x4,2,0.8031596101194036,2,7,0,1,25.059861731496472,3:-3,auto,1,215,4,umh,4,0,0,cbr,1,baseline,0.6493532546000097,22,4,111,13,80,4,2,0,0,0,Big_480p_30fps_5s
1079,0,p8x8,2,1.7703159785329992,1,10,1,-10,29.32159763936856,-4:4,none,0,100,3,tesa,45,0,0,none,1,main,0.2829198489071013,25,3,141,7,40,5,63,1,0,1,Big_480p_30fps_5s
1079,0,p8x8,0,1.7703159785329992,1,10,1,-10,29.32159763936856,-4:4,none,0,100,3,tesa,45,0,0,none,1,main,0.2829198489071013,25,3,141,7,29,5,63,1,0,1,Big_480p_30fps_5s
1079,0,p8x8,2,1.7703159785329992,1,10,1,-10,29.32159763936856,-4:4,none,0,100,3,tesa,45,0,0,none,1,main,0.2829198489071013,25,3,134,7,40,5,63,1,0,1,Big_480p_30fps_5s
1079,0,p8x8,3,1.997601325586333,1,7,0,1,29.18331407167099,5:-5,auto,1,215,4,umh,10,1,0,cbr,1,baseline,0.4142891956161778,22,4,111,3,92,0,0,0,1,0,Big_480p_30fps_5s
130,0,all,2,0.8031596101194036,2,7,0,1,25.059861731496472,3:-3,auto,1,215,4,umh,21,0,0,cbr,0,baseline,0.6493532546000097,22,4,111,13,80,4,2,0,0,0,Big_480p_30fps_5s
1079,0,p8x8,0,1.7703159785329992,1,10,1,-3,29.32159763936856,-4:4,none,0,100,3,tesa,45,0,0,none,1,main,0.2829198489071013,25,3,141,7,29,5,63,1,0,1,Big_480p_30fps_5s
1473,1,p8x8,2,1.7703159785329992,1,2,0,1,25.059861731496472,0:0,auto,1,215,4,esa,10,0,0,cbr,1,baseline,0.6493532546000097,22,4,111,5,44,4,2,0,1,0,Big_480p_30fps_5s
1079,0,none,0,1.7703159785329992,1,7,1,1,25.059861731496472,6:6,auto,1,215,4,dia,10,0,0,cbr,1,baseline,0.6493532546000097,22,4,111,1,92,0,0,0,1,0,Action_720p_30fps_20s
1079,0,none,0,1.7703159785329992,1,7,1,1,25.059861731496472,6:6,auto,1,215,4,dia,10,0,0,cbr,1,baseline,0.6493532546000097,22,4,111,1,92,0,63,0,1,0,Action_720p_30fps_20s
1079,0,none,0,1.7703159785329992,1,7,1,1,25.059861731496472,6:6,auto,1,215,4,dia,10,0,0,cbr,1,baseline,0.6493532546000097,22,4,111,1,92,2,63,0,1,1,Action_720p_30fps_20s
1079,0,p8x8,2,1.7703159785329992,1,10,1,-10,29.32159763936856,-4:4,none,0,100,3,tesa,45,0,0,none,1,main,0.2829198489071013,25,3,134,7,40,5,63,1,0,1,Action_720p_30fps_20s
1079,0,p8x8,2,1.7703159785329992,1,10,1,-10,29.32159763936856,-4:4,auto,0,100,3,tesa,45,0,0,none,1,main,0.9544631986942628,25,3,141,7,40,5,63,1,0,1,Action_720p_30fps_20s
1079,0,p8x8,0,1.7703159785329992,1,10,1,-10,29.32159763936856,-4:4,none,0,100,3,tesa,45,0,0,none,1,main,0.2829198489071013,25,3,141,7,29,5,63,1,0,1,Action_720p_30fps_20s
1079,0,p8x8,2,1.7703159785329992,1,10,1,-10,29.32159763936856,-4:4,none,0,100,3,tesa,45,0,0,none,1,main,0.2829198489071013,25,3,141,7,40,5,63,1,0,1,Action_720p_30fps_20s
1079,0,p8x8,0,1.7703159785329992,1,10,1,-10,29.32159763936856,-4:4,none,0,100,3,tesa,35,0,0,none,1,main,0.2829198489071013,49,3,134,7,40,5,63,1,0,1,Action_720p_30fps_20s
1079,0,p8x8,0,1.7703159785329992,1,10,1,-3,29.32159763936856,-4:4,none,0,100,3,tesa,45,0,0,none,1,main,0.2829198489071013,25,3,141,7,29,5,63,1,0,1,Action_720p_30fps_20s
1079,0,p8x8,1,1.7703159785329992,1,10,0,-10,29.32159763936856,2:2,none,0,100,3,tesa,45,0,0,none,1,main,0.2829198489071013,25,3,134,7,40,5,63,1,0,1,Action_720p_30fps_20s
1079,0,p8x8,1,1.7703159785329992,1,10,1,7,29.32159763936856,-4:4,none,0,100,3,tesa,35,0,0,none,1,main,0.2829198489071013,25,3,141,7,29,5,63,1,0,1,Action_720p_30fps_20s
1079,0,p8x8,2,1.9962941833638503,1,10,1,-10,29.32159763936856,-4:4,auto,0,100,3,tesa,45,0,0,none,1,main,0.9544631986942628,22,3,141,7,40,5,63,1,0,1,Action_720p_30fps_20s
1079,0,p8x8,0,1.7703159785329992,1,10,0,-4,29.32159763936856,-5:5,none,0,100,2,tesa,35,0,0,none,1,main,0.2829198489071013,43,3,134,7,40,5,63,1,0,1,Action_720p_30fps_20s
1079,0,p8x8,2,1.7703159785329992,1,10,1,-10,25.76419631609304,-4:4,none,0,100,3,tesa,35,0,0,none,1,main,0.2829198489071013,49,3,134,7,40,5,63,1,0,0,Action_720p_30fps_20s
1079,0,p8x8,0,1.7703159785329992,1,15,1,-10,29.32159763936856,-4:4,none,0,100,3,tesa,45,0,0,none,1,main,0.2829198489071013,25,3,134,12,40,5,63,1,0,1,Action_720p_30fps_20s
1079,0,p8x8,2,1.7703159785329992,2,10,1,-10,49.60376849944903,-4:4,none,0,100,3,tesa,35,0,0,none,1,main,0.2829198489071013,49,3,134,7,23,5,63,1,0,1,Action_720p_30fps_20s
1079,0,p8x8,0,1.7703159785329992,1,10,1,2,29.32159763936856,-4:4,none,0,100,3,tesa,5,0,0,none,1,main,0.2829198489071013,25,3,141,7,29,0,63,1,0,1,Action_720p_30fps_20s
1079,0,p8x8,1,1.8988949475082435,1,10,1,-10,25.76419631609304,-4:4,none,0,100,3,tesa,35,0,0,none,1,main,0.2829198489071013,49,3,147,7,40,5,63,1,0,1,Action_720p_30fps_20s
1079,0,p8x8,0,1.7703159785329992,1,10,1,-10,29.32159763936856,6:-6,none,0,100,2,tesa,45,0,0,none,1,main,0.2829198489071013,25,3,141,7,29,5,63,1,0,1,Action_720p_30fps_20s
1079,0,p8x8,2,1.7703159785329992,2,10,0,-10,29.32159763936856,-4:4,none,0,100,3,tesa,45,0,0,none,1,main,0.2829198489071013,25,3,141,7,40,5,63,1,0,1,Action_720p_30fps_20s
1079,0,p4x4,1,0.8031596101194036,2,7,1,1,25.059861731496472,5:-5,auto,1,184,4,dia,10,0,0,vbr,1,baseline,0.084791151994838,22,19,111,5,30,0,2,0,1,0,Big_1080p_30fps_15s
1079,1,p4x4,1,0.5169975793550353,1,7,1,-4,25.059861731496472,5:-5,auto,1,184,4,dia,45,0,0,vbr,1,baseline,0.084791151994838,22,19,40,5,30,0,2,1,0,1,Big_1080p_30fps_15s
1079,0,p8x8,0,1.7703159785329992,0,7,0,-11,25.059861731496472,5:-5,auto,1,184,3,dia,45,0,0,vbr,1,baseline,0.084791151994838,22,19,40,5,30,0,2,1,0,1,Big_1080p_30fps_15s
1079,0,p8x8,0,1.7703159785329992,1,7,0,1,25.059861731496472,5:-5,auto,1,215,4,umh,10,0,0,cbr,1,baseline,0.6493532546000097,22,4,111,3,80,0,2,0,0,0,Big_1080p_30fps_15s
1974,0,p4x4,2,0.8031596101194036,2,7,0,1,25.059861731496472,5:-5,auto,1,215,4,umh,10,0,0,cbr,1,baseline,0.6493532546000097,22,4,111,13,80,4,2,0,0,0,Big_1080p_30fps_15s
1079,0,p4x4,2,0.8031596101194036,1,10,0,-11,25.059861731496472,5:-5,auto,1,215,4,umh,10,0,0,cbr,1,baseline,0.6493532546000097,22,4,111,10,80,4,53,2,1,1,Big_1080p_30fps_15s
1079,0,p8x8,3,1.7703159785329992,1,7,0,1,25.059861731496472,5:-5,auto,1,215,4,umh,10,0,0,cbr,1,baseline,0.6493532546000097,22,4,111,13,80,4,2,0,0,0,Big_1080p_30fps_15s
1974,0,p4x4,2,0.8031596101194036,2,7,0,1,25.059861731496472,5:-5,auto,1,184,4,dia,10,0,0,cbr,1,baseline,0.6493532546000097,22,4,111,1,92,0,2,0,0,0,Big_1080p_30fps_15s
1974,0,p4x4,2,0.8031596101194036,2,7,0,1,25.059861731496472,3:-3,auto,1,215,4,umh,21,0,0,cbr,1,baseline,0.6493532546000097,22,4,111,13,80,4,2,0,0,0,Big_1080p_30fps_15s
1974,0,p4x4,1,0.8031596101194036,2,7,0,1,25.059861731496472,5:-5,auto,1,184,4,dia,10,0,0,cbr,1,baseline,0.084791151994838,22,4,111,5,92,0,2,0,1,0,Big_1080p_30fps_15s
1639,0,p4x4,2,0.8031596101194036,1,7,0,1,25.059861731496472,3:-3,auto,1,215,4,umh,21,0,0,cbr,1,baseline,0.6493532546000097,22,4,111,13,80,4,1,0,0,0,Big_1080p_30fps_15s
1079,0,none,3,1.9748663738410028,1,4,0,1,25.059861731496472,3:-3,auto,1,215,4,umh,10,0,0,cbr,1,baseline,0.6493532546000097,22,4,111,13,80,4,2,0,0,0,Big_1080p_30fps_15s
1974,0,p8x8,2,0.8031596101194036,2,7,0,11,5.100508447678601,3:-3,auto,1,215,4,umh,21,0,0,cbr,1,baseline,0.6493532546000097,22,4,111,13,80,8,1,0,0,0,Big_1080p_30fps_15s
1079,0,"p8x8,b8x8,i8x8,i4x4",2,0.8031596101194036,1,10,0,-11,25.059861731496472,5:-5,auto,1,215,4,umh,10,0,0,cbr,1,baseline,0.6493532546000097,41,4,111,9,80,1,53,0,0,0,Big_1080p_30fps_15s
1079,0,all,3,1.9748663738410028,1,4,0,1,25.059861731496472,3:-3,auto,1,215,4,umh,10,1,1,cbr,1,baseline,0.6493532546000097,22,5,111,3,80,0,2,0,0,0,Big_1080p_30fps_15s
1079,0,p8x8,2,0.8031596101194036,2,7,0,11,5.100508447678601,3:-3,auto,1,215,4,umh,21,0,0,cbr,1,baseline,0.6493532546000097,22,4,111,13,80,8,1,0,0,0,Big_1080p_30fps_15s
1079,0,all,3,1.9748663738410028,2,4,0,1,25.059861731496472,3:-3,auto,1,215,4,umh,10,1,1,cbr,1,baseline,0.6493532546000097,22,5,111,3,54,0,2,0,0,0,Big_1080p_30fps_15s
1079,0,p8x8,2,1.7703159785329992,1,10,1,-10,29.32159763936856,-4:4,none,0,100,3,tesa,45,0,0,none,1,main,0.2829198489071013,25,3,134,7,40,5,63,1,0,1,Big_1080p_30fps_15s
1079,0,p8x8,2,1.7703159785329992,1,10,1,-10,29.32159763936856,-4:4,auto,0,100,3,tesa,45,0,0,none,1,main,0.9544631986942628,25,3,141,7,40,5,63,1,0,1,Big_1080p_30fps_15s
1079,0,p8x8,2,1.7703159785329992,1,10,1,-10,29.32159763936856,-4:4,none,0,100,3,tesa,45,0,0,none,1,main,0.2829198489071013,25,3,141,7,40,5,63,1,0,1,Big_1080p_30fps_15s
1079,0,none,0,1.7703159785329992,1,7,1,1,25.059861731496472,6:6,auto,1,215,4,dia,10,0,0,cbr,1,baseline,0.6493532546000097,22,4,111,1,92,0,0,0,1,0,Action_720p_30fps_15s
1079,0,none,0,1.7703159785329992,1,7,1,1,25.059861731496472,6:6,auto,1,215,2,dia,10,0,0,cbr,1,baseline,0.6493532546000097,22,4,111,1,92,0,0,0,1,0,Action_720p_30fps_15s
1079,0,p8x8,2,1.7703159785329992,1,10,1,-10,29.32159763936856,-4:4,auto,0,439,3,tesa,45,0,1,cbr,1,main,0.9544631986942628,25,3,141,7,40,0,2,0,0,0,Action_720p_30fps_15s
1079,0,p8x8,0,1.7703159785329992,1,7,0,1,25.059861731496472,5:-5,auto,1,215,4,umh,10,0,0,cbr,1,baseline,0.6493532546000097,22,4,111,3,80,0,2,0,0,0,Action_720p_30fps_15s
1079,0,p4x4,2,0.8031596101194036,1,10,0,-11,25.059861731496472,5:-5,auto,1,215,4,umh,10,0,0,cbr,1,baseline,0.6493532546000097,22,4,111,10,80,4,53,2,1,1,Action_720p_30fps_15s
1974,0,p4x4,2,0.8031596101194036,2,7,0,1,25.059861731496472,5:-5,auto,1,215,4,umh,10,0,0,cbr,1,baseline,0.6493532546000097,22,4,111,13,80,4,2,0,0,0,Action_720p_30fps_15s
1974,0,p4x4,2,0.8031596101194036,2,7,0,1,25.059861731496472,5:-5,auto,1,184,4,dia,10,0,0,cbr,1,baseline,0.6493532546000097,22,4,111,1,92,0,2,0,0,0,Action_720p_30fps_15s
1079,0,p8x8,3,1.7703159785329992,1,7,0,1,25.059861731496472,5:-5,auto,1,215,4,umh,10,0,0,cbr,1,baseline,0.6493532546000097,22,4,111,13,80,4,2,0,0,0,Action_720p_30fps_15s
1974,0,p4x4,2,0.8031596101194036,2,7,0,1,25.059861731496472,3:-3,auto,1,215,4,umh,21,0,0,cbr,1,baseline,0.6493532546000097,22,4,111,13,80,4,2,0,0,0,Action_720p_30fps_15s
1974,0,p4x4,2,0.8031596101194036,2,14,0,1,25.059861731496472,-3:3,auto,1,215,4,umh,10,0,0,cbr,1,baseline,0.6493532546000097,22,4,111,13,80,4,2,0,1,0,Action_720p_30fps_15s
1974,0,p4x4,2,0.8031596101194036,2,7,0,1,25.059861731496472,5:5,auto,1,215,4,umh,10,0,0,cbr,1,baseline,0.6493532546000097,22,4,111,13,80,4,2,0,0,0,Action_720p_30fps_15s
1079,0,p8x8,3,1.7703159785329992,1,7,0,1,25.059861731496472,5:-5,auto,1,215,4,umh,10,1,0,cbr,1,baseline,0.6493532546000097,22,4,111,3,80,0,2,0,1,0,Action_720p_30fps_15s
1974,0,p4x4,2,0.8031596101194036,2,7,0,1,25.059861731496472,5:5,auto,1,215,4,umh,10,0,0,cbr,1,baseline,0.6493532546000097,22,4,111,1,92,0,0,0,0,0,Action_720p_30fps_15s
1079,1,all,3,1.7703159785329992,1,7,0,-4,23.66608224060565,5:-5,auto,1,246,4,umh,10,1,0,cbr,1,baseline,0.6493532546000097,22,4,111,3,80,0,2,0,1,0,Action_720p_30fps_15s
1974,0,p8x8,3,1.7703159785329992,1,7,0,-7,25.059861731496472,5:-5,auto,1,215,4,umh,10,0,0,cbr,1,baseline,0.2183827676181208,22,4,111,3,80,11,2,0,1,0,Action_720p_30fps_15s
1974,0,all,2,0.8031596101194036,2,7,0,1,25.059861731496472,5:5,auto,1,215,4,umh,10,0,1,cbr,1,baseline,0.6493532546000097,22,4,111,13,80,4,2,0,1,0,Action_720p_30fps_15s
1974,0,p8x8,3,1.7703159785329992,1,12,0,-7,25.059861731496472,5:-5,auto,1,215,4,umh,13,0,0,cbr,1,baseline,0.2183827676181208,22,4,111,3,80,0,2,0,1,0,Action_720p_30fps_15s
1079,1,all,3,1.7703159785329992,1,7,0,-4,23.66608224060565,6:-6,auto,1,246,4,umh,10,1,0,cbr,1,baseline,0.6493532546000097,30,4,111,3,80,11,21,0,1,0,Action_720p_30fps_15s
1079,0,p8x8,0,1.7703159785329992,1,7,0,1,25.059861731496472,5:5,auto,1,215,4,umh,10,0,0,cbr,1,baseline,0.6493532546000097,22,4,111,1,92,0,0,0,0,0,Action_720p_30fps_15s
1079,1,all,3,1.7703159785329992,2,7,0,-11,25.059861731496472,5:-5,auto,1,184,4,dia,64,0,0,cbr,1,baseline,0.6493532546000097,22,4,111,10,92,0,2,0,1,0,Action_720p_30fps_15s
1079,1,p4x4,1,0.5169975793550353,1,7,1,-4,25.059861731496472,5:-5,auto,1,184,4,dia,45,0,0,vbr,1,baseline,0.084791151994838,22,19,40,5,30,0,2,1,0,1,Standard_1080p_60fps_10s
1079,0,p4x4,1,0.8031596101194036,2,7,1,1,25.059861731496472,5:-5,auto,1,184,4,dia,10,0,0,vbr,1,baseline,0.084791151994838,22,19,111,5,30,0,2,0,1,0,Standard_1080p_60fps_10s
1079,0,p8x8,0,1.7703159785329992,0,7,0,-11,25.059861731496472,5:-5,auto,1,184,3,dia,45,0,0,vbr,1,baseline,0.084791151994838,22,19,40,5,30,0,2,1,0,1,Standard_1080p_60fps_10s
1974,0,p4x4,1,1.694790915797767,2,7,1,1,25.059861731496472,5:-5,auto,1,184,4,dia,10,0,0,vbr,1,baseline,0.084791151994838,22,19,111,5,30,0,7,2,1,0,Standard_1080p_60fps_10s
1974,0,p4x4,1,0.8031596101194036,2,7,0,1,25.059861731496472,5:-5,auto,1,184,4,dia,10,0,0,vbr,1,baseline,0.084791151994838,31,19,61,5,30,0,7,0,0,0,Standard_1080p_60fps_10s
1079,0,p8x8,3,1.7703159785329992,1,7,1,1,25.059861731496472,5:-5,auto,1,184,4,dia,10,0,0,vbr,1,baseline,0.084791151994838,22,19,111,5,68,0,2,0,1,0,Standard_1080p_60fps_10s
1974,0,p4x4,1,1.694790915797767,2,7,1,1,25.059861731496472,5:-5,auto,1,184,4,dia,10,0,0,vbr,1,baseline,0.084791151994838,22,19,111,5,30,0,42,2,1,0,Standard_1080p_60fps_10s
1079,0,p4x4,1,0.8031596101194036,2,7,1,1,25.059861731496472,5:-5,auto,1,184,4,dia,10,0,0,vbr,1,baseline,0.084791151994838,22,19,111,5,30,0,7,2,1,0,Standard_1080p_60fps_10s
1079,0,p8x8,0,1.7703159785329992,1,4,0,-11,25.059861731496472,5:-5,auto,1,184,3,dia,45,0,0,vbr,1,baseline,0.084791151994838,26,19,111,5,30,0,2,0,1,0,Standard_1080p_60fps_10s
1079,0,p4x4,1,0.5169975793550353,1,7,1,-4,28.74417029968711,5:-5,auto,1,184,4,dia,45,1,0,vbr,1,baseline,0.084791151994838,22,20,40,3,30,0,2,1,0,1,Standard_1080p_60fps_10s
1974,0,p4x4,1,1.694790915797767,2,7,1,1,25.059861731496472,5:-5,auto,1,184,4,dia,10,0,0,vbr,1,baseline,0.084791151994838,22,19,58,5,30,0,14,2,1,0,Standard_1080p_60fps_10s
1974,0,p4x4,1,1.694790915797767,1,7,1,1,25.059861731496472,5:-5,auto,1,184,4,dia,10,0,0,vbr,1,high,0.084791151994838,22,10,105,5,30,0,42,2,0,0,Standard_1080p_60fps_10s
1974,0,p4x4,2,0.8031596101194036,2,7,0,1,25.059861731496472,5:-5,auto,1,215,4,umh,10,0,0,cbr,1,baseline,0.6493532546000097,22,4,111,13,80,4,2,0,0,0,Standard_1080p_60fps_10s
1079,0,p8x8,0,1.7703159785329992,1,7,0,1,25.059861731496472,5:-5,auto,1,215,4,umh,10,0,0,cbr,1,baseline,0.6493532546000097,22,4,111,3,80,0,2,0,0,0,Standard_1080p_60fps_10s
1079,0,p4x4,2,0.8031596101194036,1,10,0,-11,25.059861731496472,5:-5,auto,1,215,4,umh,10,0,0,cbr,1,baseline,0.6493532546000097,22,4,111,10,80,4,53,2,1,1,Standard_1080p_60fps_10s
1974,0,p4x4,2,0.8031596101194036,2,7,0,1,25.059861731496472,5:-5,auto,1,184,4,dia,10,0,0,cbr,1,baseline,0.6493532546000097,22,4,111,1,92,0,2,0,0,0,Standard_1080p_60fps_10s
1079,0,p8x8,3,1.7703159785329992,1,7,0,1,25.059861731496472,5:-5,auto,1,215,4,umh,10,0,0,cbr,1,baseline,0.6493532546000097,22,4,111,13,80,4,2,0,0,0,Standard_1080p_60fps_10s
1974,0,p4x4,2,0.8031596101194036,2,7,0,1,25.059861731496472,3:-3,auto,1,215,4,umh,21,0,0,cbr,1,baseline,0.6493532546000097,22,4,111,13,80,4,2,0,0,0,Standard_1080p_60fps_10s
1974,0,p4x4,1,0.8031596101194036,2,7,0,1,25.059861731496472,5:-5,auto,1,184,4,dia,10,0,0,cbr,1,baseline,0.084791151994838,22,4,111,5,92,0,2,0,1,0,Standard_1080p_60fps_10s
1079,0,none,3,1.9748663738410028,1,4,0,1,25.059861731496472,3:-3,auto,1,215,4,umh,10,0,0,cbr,1,baseline,0.6493532546000097,22,4,111,13,80,4,2,0,0,0,Standard_1080p_60fps_10s
