write,0,select,1,0.1,1.1,0.2,1.2,1.3,0.3,2,2674,27906,20834,36784,18392,24891,55070,35593,9450,8624,9,14473,1.4,36179,0.4,0.5,1.5,0.6,1.6,weight,selected
writev,1,select,1,0,0,0,1,1,2,0,10583,4182,2709,36070,17783,63770,46270,21089,19133,20665,15,1438,1,18160,0,1,1,0,1743,0.477733,0
write,1,libev,1,1,0,1,1,0,1,2,38468,24998,23416,27122,13561,42073,26258,23968,13042,11131,10,34162,1,61566,1,1,0,0,2029,0.688867,0
sendfile,0,poll,1,0,1,0,1,1,0,2,1408,18382,51470,34080,6771,48283,7260,44221,13042,11131,7,34162,1,53288,1,1,0,0,2029,0.688867,0
writev,1,select,0,0,0,0,1,1,2,0,10583,4182,2709,36070,17783,63770,46270,21089,19133,20665,15,1438,1,18160,0,1,1,0,1473,0.477733,0
writev,1,select,0,0,0,0,1,1,2,0,10583,4182,2709,36070,17783,63770,46270,21089,19133,20665,15,1438,1,6374,0,1,1,0,1992,0.477733,0
sendfile,0,poll,1,1,1,0,1,1,0,2,1408,18382,51470,34080,647,18185,7260,44221,13042,11131,7,3316,1,60150,1,0,0,0,2029,0.477733,0
writev,1,poll,1,0,1,1,1,0,1,2,38468,24998,23416,27122,13561,42073,26258,23968,60903,20272,3,57210,1,7848,0,0,0,0,797,0.477733,0
writev,1,select,0,0,1,1,1,1,2,2,1408,18382,51470,34080,647,18185,7260,60153,13042,11131,7,3316,1,60150,1,0,0,0,2029,0.688867,0
writev,1,select,1,0,1,1,1,1,2,1,1408,18382,30797,34080,647,22401,7260,60153,60903,20272,3,57210,1,8691,0,0,0,0,212,0.477733,0
write,1,libev,0,1,1,0,1,1,2,0,48821,4182,58695,36070,17783,63770,46270,21089,19133,20665,15,1438,1,18160,0,1,1,0,2414,0.477733,0
writev,0,linux-sysepoll,0,1,1,0,1,0,1,2,60948,27117,17191,23565,10544,60275,37990,46509,23313,62795,9,50928,1,14964,1,0,1,1,877,0.85,0
writev,0,linux-sysepoll,1,1,0,0,1,0,1,1,60948,27117,17191,23565,10544,60275,37990,46509,5947,62795,9,50928,1,43070,0,1,1,1,1196,0.85,0
write,0,linux-sysepoll,0,0,0,1,1,0,2,1,46379,54071,42483,25257,12628,14630,23424,15546,65037,42490,11,948,0,43070,0,1,1,1,1196,0.85,0
write,0,linux-sysepoll,1,0,0,1,1,0,2,1,46379,54071,42734,25257,12628,14630,23424,15546,65037,42490,11,948,1,47909,0,1,1,1,1196,0.85,0
sendfile,1,libev,1,1,0,1,1,0,1,2,38468,24998,23416,27122,10337,42073,26258,23968,13042,11131,10,34162,1,61566,1,1,0,0,2029,0.85,0
write,0,select,0,0,1,1,1,1,2,1,46379,54071,42483,25257,12628,14630,23424,15546,65037,42490,4,37743,1,14964,1,0,1,1,877,0.779633,0
write,0,select,0,0,1,1,0,1,2,1,46379,54071,42483,25257,12628,14630,23424,15546,65037,42490,4,37743,1,14964,1,0,0,1,1041,0.779633,0
write,0,linux-sysepoll,1,0,0,1,1,0,1,1,64140,8261,41810,64113,32056,29968,42225,2831,39348,7572,2,1011,1,39130,1,0,0,1,569,0.422267,0
write,0,linux-sysepoll,1,0,0,1,1,1,1,1,64140,8261,41810,64113,32056,29968,42225,2831,39348,7572,2,1011,1,39130,1,0,1,1,877,0.422267,0
sendfile,0,linux-sysepoll,1,0,0,1,1,0,1,1,64140,8261,41810,64113,32056,29968,42225,2831,39348,7572,2,1011,1,39130,1,0,0,0,569,0.422267,0
write,0,libev,1,1,0,1,1,0,1,2,38468,47403,41810,64113,32056,29968,42225,2831,39348,7572,2,1011,1,39130,1,0,0,1,569,0.422267,0
write,0,linux-sysepoll,1,0,0,1,1,0,2,1,46379,54071,42734,25257,12628,14630,41999,15546,39348,7572,2,1011,1,39130,1,0,0,0,569,0.422267,0
write,0,libev,0,1,0,1,1,0,1,1,38468,47403,41810,64113,32056,29968,42225,2831,39348,7572,2,1011,0,39130,1,0,0,1,569,0.422267,0
write,1,poll,1,1,1,1,1,0,1,1,64140,8261,41810,64113,32056,29968,17061,2831,39348,7572,2,18751,1,39130,1,0,0,0,569,0.422267,0
writev,0,linux-sysepoll,1,0,0,1,1,0,1,1,64140,8261,41810,64113,32056,29968,42225,2831,39348,7572,2,1011,1,39130,0,0,0,1,569,0.422267,0
sendfile,0,linux-sysepoll,0,0,0,1,1,1,1,1,64140,8261,41810,64113,32056,29968,56678,2831,39348,7572,2,1011,1,39130,1,0,1,0,1582,0.422267,0
write,0,libev,1,0,0,0,1,1,1,1,64140,8261,41810,64113,32056,29968,42225,2831,39348,7572,2,1011,1,39130,1,0,1,1,877,0.422267,0
write,0,select,0,0,1,1,1,0,2,1,46379,54071,42483,9353,12628,14630,23424,15546,65037,42490,4,37743,1,14964,1,1,1,0,877,0.677783,0
write,0,poll,0,1,0,1,1,1,1,1,46379,54071,24816,25257,12628,14630,23424,15546,65037,42490,4,37743,1,14964,1,0,1,1,877,0.677783,0
write,0,select,0,0,1,1,0,0,2,1,46379,54071,42483,25257,17773,14630,23424,15546,65037,42490,4,37743,1,14964,1,0,0,1,569,0.677783,0
write,0,select,0,0,1,1,0,1,2,1,21393,54071,42483,25257,12628,14630,23424,15546,35282,42490,4,37743,1,14964,1,0,1,1,877,0.677783,0
write,0,select,0,0,1,1,1,1,2,1,46379,54071,42483,17033,12628,14630,23424,15546,65037,42490,4,37743,1,14964,1,0,0,1,1041,0.677783,0
writev,1,select,0,0,1,1,1,1,2,1,46379,54071,42483,25257,15394,14630,23424,15546,65037,42490,4,37743,1,14964,1,0,1,1,1196,0.677783,0
write,0,select,0,0,1,0,1,1,2,1,46379,54071,42483,25257,12628,14630,23424,15546,65037,42490,4,37743,1,14964,1,0,1,1,877,0.677783,0
write,0,linux-sysepoll,0,0,1,1,0,1,0,1,46379,54071,42483,25257,12628,14630,23424,15546,65037,42490,11,1011,1,39130,1,0,1,1,569,0.677783,0
writev,0,libev,0,1,0,1,1,0,2,1,38468,47403,2499,24604,32056,29968,42225,2831,39348,7572,2,1011,1,39130,1,0,1,1,877,0.7,0
write,0,libev,0,1,0,1,1,0,1,1,38468,47403,41810,24604,32056,29968,41338,2831,40715,7572,2,18859,1,39130,0,0,0,0,569,0.7,0
sendfile,0,libev,1,0,0,0,1,1,1,1,60442,8261,41810,64113,32056,14630,23424,15546,65037,42490,4,37743,1,14964,1,0,1,0,877,0.7,0
sendfile,1,linux-sysepoll,1,0,0,1,1,0,2,1,46379,10160,42734,25257,12628,14630,42225,2831,39348,5325,2,1011,1,39130,1,0,1,0,877,0.8278,0
sendfile,0,libev,1,0,0,1,1,1,1,1,31108,43535,41810,64113,32056,29968,55899,2831,39348,7572,2,18859,1,39130,0,1,0,0,569,0.755567,0
sendfile,0,libev,1,0,0,1,1,0,1,1,31108,43535,41810,64113,32056,29968,55899,2831,64381,7572,2,18859,1,39130,0,1,0,0,569,0.755567,0
write,0,libev,1,0,0,0,1,1,1,1,60442,8261,41810,64113,32056,14630,23424,15546,65037,42490,4,37743,1,14964,1,0,1,0,877,0.7,0
write,0,libev,1,0,0,0,1,1,1,1,60442,8261,41810,64113,970,14630,23424,15546,48413,42490,4,37743,1,14964,1,0,1,0,877,0.7,0
sendfile,0,libev,1,0,0,1,1,1,1,1,64140,8261,41810,64113,32056,14630,23424,15546,65037,42490,4,37743,1,14964,1,1,1,0,877,0.7,0
write,0,poll,1,0,0,0,1,1,1,1,60442,12449,41810,64113,32056,14630,23424,35011,61942,42490,4,37743,1,14964,1,0,1,0,877,0.7,0
write,0,libev,1,1,1,1,1,1,2,1,60442,54945,41810,64113,12628,14630,42225,2831,39348,5325,2,1011,1,39130,1,1,1,1,2626,0.888933,0
sendfile,1,linux-sysepoll,1,0,0,1,1,0,2,2,46379,10160,42734,62580,12628,14630,42225,2831,39348,5325,2,1011,1,39130,1,0,1,0,877,1.267922,0
sendfile,0,libev,1,0,1,1,1,1,1,1,31108,16393,41810,64113,32056,29968,55899,2831,39348,7572,2,18859,1,39130,0,1,0,0,569,0.888933,0
sendfile,1,libev,1,0,0,1,1,1,1,1,31108,43535,41810,64113,32056,29968,55899,2831,37377,7572,2,18859,1,39130,0,1,0,0,569,0.888933,0
sendfile,0,libev,1,0,0,1,1,1,1,1,31108,43535,41810,64113,32056,8064,55899,2831,39348,7572,2,18859,1,39130,0,1,0,0,569,0.888933,0
sendfile,0,libev,1,0,1,1,1,1,1,1,31108,16393,41810,64113,32056,29968,55899,2831,39348,7572,2,18859,1,39130,1,1,0,0,569,0.718533,0
write,0,libev,1,1,1,0,1,1,2,1,60442,8261,41810,64113,21697,14630,23424,15546,39348,5325,2,1011,1,39130,1,0,1,0,877,0.888933,0
sendfile,1,libev,1,1,0,1,1,1,1,1,31108,43535,41810,64113,32056,29968,55899,2831,37377,7572,2,18859,1,39130,0,0,0,0,569,0.35,0
sendfile,1,linux-sysepoll,1,1,1,1,1,0,2,2,46379,10160,41810,64113,32056,29968,55899,2831,64381,7572,2,18859,1,39130,0,1,0,0,569,0.35,0
sendfile,1,linux-sysepoll,1,0,1,1,1,0,2,2,46379,10160,46468,62580,12628,14630,42225,2831,39348,5325,2,1011,1,39130,0,1,0,0,569,0.35,0
sendfile,1,linux-sysepoll,1,0,1,1,1,0,2,2,46379,10160,9587,62580,12628,14630,42225,2831,39348,5325,2,5719,1,39130,0,1,0,0,569,0.35,0
sendfile,1,linux-sysepoll,1,0,1,1,1,0,2,2,46379,10160,46468,62580,12628,14630,42225,2831,39348,5325,2,1011,1,39130,0,1,1,1,877,0.35,0
sendfile,1,linux-sysepoll,1,0,0,0,0,0,2,1,46379,10160,42734,62580,12628,14630,44504,2831,39348,5325,2,1011,1,39130,1,0,0,1,569,0.35,0
sendfile,0,libev,1,0,1,0,1,1,1,1,31108,16393,41810,64113,32056,29968,55899,2831,39348,7572,2,18859,1,39130,1,1,1,0,1943,0.766667,0
write,0,libev,1,0,1,0,1,1,1,1,31108,16393,41810,64113,32056,29968,55899,2831,39348,7572,2,18859,1,39130,1,1,0,0,569,0.766667,0
sendfile,0,libev,1,0,1,0,1,1,1,1,31108,16393,41810,64113,32056,29968,55899,2831,39348,7572,2,46982,1,39130,1,1,1,0,1943,0.766667,0
sendfile,0,libev,1,0,0,0,1,0,1,1,38527,60155,42495,45349,10856,29968,55899,30963,39348,56598,4,37743,1,14964,1,1,0,1,1041,0.766667,0
sendfile,0,libev,1,0,0,1,1,1,1,1,31108,43535,41810,64113,32056,29968,55899,2831,39348,7572,2,18859,1,39130,0,1,0,1,569,0.766667,0
sendfile,0,libev,1,0,0,1,1,0,1,0,31108,43535,42495,64113,31563,29968,55899,2831,64381,7572,2,18859,1,45724,0,1,0,0,569,0.766667,0
sendfile,0,libev,1,0,1,1,1,0,1,1,31108,27493,41810,64113,16139,29968,16992,25900,39348,7572,2,19028,1,39130,0,1,0,0,569,0.766667,0
sendfile,1,libev,1,0,1,1,1,0,0,1,31108,19008,65110,64113,32056,29968,55899,2831,39348,7572,2,46982,1,39130,0,1,1,0,755,0.650033,0
sendfile,0,poll,1,0,0,1,1,0,2,2,46379,10160,42734,62580,12628,14630,48410,2831,39348,5325,2,1011,1,39130,1,0,1,0,1041,0.727817,0
sendfile,0,libev,1,1,1,0,1,0,1,1,31108,16393,41810,64113,32056,29968,55899,2831,39348,7572,2,46982,1,39130,1,1,1,0,569,0.650033,0
sendfile,0,libev,1,1,1,0,1,0,1,1,31108,16393,65110,64113,32056,29968,55899,2831,39348,7572,2,46982,1,39130,1,1,1,0,755,0.650033,0
sendfile,0,libev,1,1,1,0,1,0,1,1,31108,16393,41810,64113,17626,29968,55899,2831,39348,7572,2,46982,1,39130,1,1,1,0,569,0.650033,0
sendfile,0,libev,1,1,1,1,1,0,1,2,31108,16393,65110,64113,32056,29968,55899,2831,39348,7572,2,46982,1,62484,1,0,1,0,755,0.650033,0
sendfile,1,linux-sysepoll,1,0,0,1,1,0,2,2,46379,10160,42734,62580,12628,14630,48410,2831,39348,5325,2,1011,1,39130,1,0,1,0,1041,0.650033,0
sendfile,1,linux-sysepoll,1,0,0,1,1,0,2,2,46379,10160,42734,62580,12628,14630,42225,2831,39348,5325,2,1011,1,9038,1,0,1,0,877,0.650033,0
sendfile,1,linux-sysepoll,1,0,0,1,1,0,2,2,46379,10160,42734,62580,12628,14630,48410,2831,39348,5325,2,1011,1,39130,0,0,0,0,2284,0.650033,0
sendfile,0,poll,1,0,0,0,1,0,2,2,46379,10160,42734,62580,12628,14630,42225,2831,39348,48612,2,1011,1,39130,1,0,0,0,877,0.87225,0
sendfile,0,libev,1,0,0,1,1,1,1,1,31108,43535,41810,64113,32056,29968,55899,2831,39348,7572,2,1011,1,39130,1,0,1,0,1282,0.937033,0
sendfile,0,libev,1,0,0,1,1,1,2,1,31108,43535,41810,64113,32056,29968,55899,23102,39348,7572,2,39377,1,39130,1,1,1,0,1943,0.922208,0
sendfile,0,libev,1,0,0,1,1,1,2,1,31108,43535,41810,64113,32056,29968,55899,38627,54559,54688,2,46982,1,39130,1,0,1,0,1943,0.937033,0
write,0,libev,1,0,0,1,1,1,1,1,31108,43535,41810,64113,32056,29968,55899,2831,10429,7572,2,23333,1,39130,1,0,1,0,1282,0.922208,0
sendfile,0,linux-sysepoll,1,0,0,1,1,1,2,2,46379,10160,42734,37493,12628,14630,42225,2831,39348,5325,2,1011,1,39130,1,0,1,1,877,0.7556,0
sendfile,0,libev,1,0,0,1,1,1,1,1,31108,43535,41810,64113,32056,29968,55899,2831,39348,7572,2,18859,1,39130,0,0,0,1,569,0.7556,0
sendfile,0,linux-sysepoll,1,0,0,1,1,1,2,2,46379,10160,42734,37493,24091,14630,42225,2831,39348,5325,2,1011,1,39130,1,0,1,1,877,0.7556,0
sendfile,0,libev,1,0,0,1,1,1,2,1,31108,15480,41810,64113,32056,29968,55899,23102,39348,7572,2,39377,1,39130,1,1,1,0,1943,0.727767,0
write,0,libev,1,0,0,1,1,1,1,1,31108,43535,41810,64113,32056,29968,55899,2831,10429,7572,7,23333,1,10306,1,0,1,0,1041,0.727767,0
write,0,libev,1,0,0,0,1,1,2,1,31108,43535,41810,64113,32056,29968,55899,38627,54559,54688,2,46982,1,39130,1,0,1,0,1943,0.727767,0
sendfile,0,libev,1,0,0,1,1,1,2,1,31108,43535,41810,64113,32056,29968,55899,38627,54559,54688,2,46982,1,3427,1,0,1,0,2187,0.727767,0
sendfile,0,libev,1,0,0,1,1,1,2,1,31108,43535,41810,64113,32056,29968,51260,2831,10429,7572,16,23333,1,39130,1,0,1,0,1282,0.727767,0
sendfile,0,libev,1,1,0,1,1,1,2,1,31108,43535,36914,64113,32056,29968,46501,39794,39348,46121,2,39377,1,9038,1,0,1,0,877,0.727767,0
sendfile,0,poll,1,1,0,0,1,0,2,2,46379,10160,42734,62580,12628,14630,42225,2831,39348,48612,2,1011,1,39130,1,0,0,0,1942,0.922233,0
sendfile,0,libev,1,0,1,0,1,0,2,2,46379,10160,42734,62580,12628,14630,42225,23102,39348,7572,13,39377,1,41991,1,1,1,0,1943,0.922233,0
sendfile,0,libev,0,0,1,1,1,1,2,1,31108,43535,41810,64113,21029,29968,55899,38627,14451,54688,2,46982,1,16334,0,0,1,0,2187,0.800017,0
sendfile,0,poll,1,0,0,0,1,0,2,2,46379,10160,42734,62580,12628,14630,42225,23102,39348,7572,13,39377,1,39130,1,1,1,0,1943,0.922233,0
sendfile,0,libev,1,0,0,0,1,0,2,2,46379,10160,42734,14386,12628,14630,55899,2831,39348,16973,1,1011,1,39130,0,0,1,1,1282,0.922233,0
sendfile,0,libev,0,0,1,0,1,1,2,1,50277,43535,41810,41785,32056,29968,55899,38627,54559,54688,2,46982,1,39130,1,0,1,0,1943,0.922233,0
sendfile,0,libev,1,0,0,0,1,0,2,1,31108,43535,41810,64113,32056,29968,55899,2831,39348,16973,1,1011,1,39130,1,0,1,1,1282,0.922233,0
sendfile,0,libev,1,0,1,0,1,0,2,1,31108,43535,41810,64113,32056,29968,55899,17762,39348,62455,1,1011,1,39130,1,0,1,0,1943,0.922233,0
sendfile,1,libev,0,0,0,0,1,0,2,0,31108,43535,41810,64113,6493,29968,8817,2831,39348,15097,2,32127,1,39130,0,0,0,0,877,0.800017,0
sendfile,0,libev,0,0,1,0,1,1,2,2,46379,10160,42734,62580,12628,14630,42225,2831,39348,5325,2,1011,1,39130,1,0,1,0,877,0.6278,0
sendfile,0,libev,0,0,1,0,1,1,2,1,26366,43535,41810,41785,32056,29968,55899,38627,54559,54688,8,46982,1,39130,0,0,1,1,2187,0.844467,0
sendfile,0,libev,0,0,1,0,1,1,2,1,50277,43535,41810,41785,32056,29968,55899,38627,54559,54688,8,46982,1,39130,0,0,1,0,1943,0.8204,0
sendfile,1,libev,0,0,0,0,1,0,2,0,33422,43535,41810,64113,6493,29968,8817,2831,39348,15097,9,32127,1,39130,0,0,0,0,877,0.6278,0
sendfile,1,libev,0,0,0,0,1,0,2,0,31108,43535,41810,64113,6493,29968,8817,2831,39348,15097,2,32127,1,39130,0,0,0,0,2296,0.6278,0
sendfile,0,libev,1,0,0,1,1,1,2,1,31108,43535,41810,64113,21029,29968,55899,38627,14451,54688,2,46982,1,16334,1,0,1,1,2187,0.6278,0
write,0,libev,1,0,0,1,1,1,2,1,31108,51435,41810,64113,14982,29968,55899,38627,14451,54688,2,46982,1,16334,0,0,1,0,2187,0.6278,0
sendfile,0,libev,1,0,0,0,1,1,2,1,46379,15388,42734,62580,12628,14630,42225,2831,39348,5325,2,1011,1,39130,1,0,1,0,877,0.6278,0
sendfile,0,libev,0,0,0,1,1,1,2,1,31108,43535,41810,64113,32056,29968,55899,38627,54559,54688,2,46982,1,39130,1,0,1,1,1282,1.111067,0
sendfile,0,libev,1,0,0,1,1,1,2,1,31108,43535,41810,64113,32056,29968,55899,2831,39348,7572,2,1011,1,39130,1,0,1,0,1943,1.111067,0
sendfile,0,libev,1,0,0,1,1,1,2,1,31108,43535,41810,64113,32056,29968,55899,38627,62992,54688,6,46982,1,39130,1,0,1,0,1943,1.111067,0
sendfile,0,libev,1,0,0,1,1,1,2,1,31108,43535,41810,64113,32056,29968,12185,35562,50192,7572,2,39377,1,39130,1,1,1,0,1943,1.111067,0
sendfile,0,libev,1,0,0,1,1,1,1,0,31108,31907,41810,64113,32056,29968,55899,2831,39348,7572,2,1011,1,39130,1,0,1,0,1282,1.111067,0
sendfile,0,libev,1,0,0,1,1,1,1,1,31108,43535,41810,64113,24647,29968,55899,15367,39348,7572,2,1011,1,39130,1,0,1,0,987,1.111067,0
write,1,libev,1,0,0,1,1,1,0,1,31108,43535,41810,64113,32056,29968,55899,2831,10429,14716,2,15059,1,30187,1,0,1,0,181,0.727733,0
write,0,libev,1,0,0,1,1,1,0,1,31108,43535,41810,64113,32056,29968,55899,2831,10429,7572,2,23333,1,49300,1,0,1,0,181,0.727733,0
write,0,poll,1,0,0,1,1,1,1,1,31108,59461,41810,64113,32056,29968,55899,2831,10429,7572,2,23333,1,39130,1,0,1,0,1943,0.727733,0
write,0,poll,0,1,0,1,1,1,1,1,31108,59461,41810,34407,32056,29968,55899,2831,10429,7572,2,23333,1,39130,1,0,1,0,587,0.727733,0
write,0,libev,1,0,0,1,1,1,0,1,31108,43535,41810,64113,23283,29968,55899,47887,10429,7572,2,48217,1,39130,1,0,1,0,1943,1.698602,1
write,0,poll,1,0,0,1,1,1,1,1,31108,59461,41810,64113,32056,29968,55899,55845,10429,7572,2,23333,1,39130,1,0,1,0,1943,1.698602,1
sendfile,0,libev,1,0,0,0,1,1,2,1,31108,43535,41810,64113,32056,29968,55899,38627,54559,54688,2,46982,1,39130,1,1,1,0,2559,0.727733,0
sendfile,0,linux-sysepoll,1,0,0,0,1,0,2,1,31108,61050,41810,64113,32056,29968,51260,2831,10429,7572,16,36231,1,39130,1,0,1,0,1282,0.727733,0
write,1,linux-sysepoll,0,0,0,0,1,0,2,1,31108,43535,41810,64113,18689,29968,8817,2831,39348,15097,2,32127,1,9433,0,0,0,0,877,0.6556,0
write,1,poll,1,0,0,1,1,0,2,0,14692,43535,41810,64113,6493,29968,8817,33992,39348,15097,2,32127,1,39130,0,0,0,0,877,0.6556,0
write,1,poll,0,0,0,0,1,0,2,0,31108,43535,41810,64113,16018,29968,8817,2831,39348,31626,2,54377,1,39130,0,0,0,0,1342,0.6556,0
sendfile,0,libev,0,0,1,0,1,1,2,1,50277,43535,41810,41785,6293,1184,55899,38627,54559,54688,8,46982,1,8073,0,0,1,0,1943,0.6556,0
writev,0,poll,1,0,0,1,1,0,1,1,30130,59461,41810,64113,32056,29968,55899,2831,10429,7572,2,23333,1,39130,1,0,1,0,877,0.6556,0
sendfile,0,libev,0,1,0,0,1,1,2,1,26366,43535,41810,41785,1497,29968,55899,34809,54559,54688,8,46982,1,39130,0,1,1,1,1943,0.6556,0
write,0,poll,1,0,1,0,1,0,2,0,31108,62941,41810,49861,28326,29968,8817,2831,20138,31626,2,54377,1,39130,1,0,0,0,1342,1.0759,0
write,0,poll,1,1,0,1,1,0,2,0,13293,43535,50303,64113,6493,29968,55899,55845,10429,7572,2,23333,1,39130,1,0,1,0,1943,0.8611,0
write,0,libev,1,0,0,1,1,1,0,1,31108,43535,41810,64113,23283,29968,784,57669,10429,7572,2,48217,1,39130,1,0,1,0,1943,0.8611,0
write,0,libev,1,1,0,1,1,1,0,2,31466,43535,41810,64113,23283,29968,784,57669,10429,7572,2,48217,1,39130,1,0,1,0,1943,1.098133,0
write,0,poll,1,1,0,1,1,1,1,1,31108,22473,41810,64113,32056,29968,784,57669,10429,7572,2,48217,1,39130,1,0,1,0,1943,0.8611,0
write,0,libev,1,1,0,1,1,1,0,1,31108,43535,41810,64113,32056,29968,55899,55845,10429,7572,2,23333,0,39130,1,0,1,0,1943,1.098133,0
sendfile,0,libev,1,0,0,0,1,1,2,1,31108,43535,41810,64113,32056,29968,12185,35562,50192,7572,2,39377,1,39130,1,1,1,0,1943,1.137033,0
write,0,linux-sysepoll,1,0,0,0,1,1,0,1,31108,59461,41810,64113,32056,29968,55899,32031,57787,7572,2,23333,1,39130,0,1,1,1,1943,1.137033,0
write,0,libev,1,0,0,1,1,1,0,1,31108,43535,50303,64113,6493,29968,55899,55845,10429,7572,2,31616,1,39130,1,0,1,0,1943,0.733333,0
write,0,poll,0,1,0,1,1,1,1,1,31108,59461,41810,64113,32056,29968,55899,55845,10429,7572,2,23333,1,39130,1,0,1,0,1943,0.733333,0
write,0,libev,1,0,1,1,1,1,0,1,31108,21670,41810,32716,23283,29968,55899,47887,10429,7572,2,48217,1,39130,1,0,1,0,1943,0.733333,0
write,0,linux-sysepoll,1,0,1,0,1,1,0,1,31108,59461,41810,64113,32056,29968,55899,32031,10429,7572,2,23333,1,39130,1,0,1,0,1943,0.733333,0
write,0,libev,1,0,0,1,0,1,0,1,31108,43535,50303,64113,6493,17198,55899,55845,10429,7572,2,1011,1,39130,1,0,1,0,1282,0.733333,0
write,0,libev,1,0,1,1,1,1,1,1,31108,43535,41810,64113,32056,29968,55899,2831,45136,7572,8,49220,1,39130,0,0,1,0,1943,0.9278,0
sendfile,0,libev,0,0,1,0,1,1,2,0,31108,43535,41810,64113,32056,29968,55899,23102,39348,7572,3,49878,1,39130,1,0,1,0,1943,0.9278,0
sendfile,0,libev,0,0,1,0,1,1,2,1,31108,43535,41810,64113,32056,25542,55899,23102,39348,7572,3,49878,1,39130,0,0,1,0,1596,0.9278,0
sendfile,0,libev,0,0,1,0,1,1,2,0,31108,43535,41810,64113,32056,29968,55899,23102,39348,7572,3,49878,1,39130,1,0,1,0,1282,0.9278,0
sendfile,0,libev,0,0,1,0,1,0,0,1,50277,43535,41810,41785,32056,9362,55899,38627,54559,54688,8,46982,1,13203,1,0,1,0,1282,0.850033,0
sendfile,0,libev,0,0,1,0,1,1,1,1,26366,43535,41810,22114,32056,29968,55899,34757,39348,5325,2,1011,1,39130,1,0,1,0,877,0.850033,0
sendfile,0,libev,0,0,1,0,1,0,0,1,50277,43535,41050,41785,32056,9362,38779,38627,54559,54688,8,46982,1,13203,1,0,1,0,1943,0.850033,0
sendfile,0,libev,0,0,0,0,1,0,0,1,50277,43535,41810,22114,23009,29968,55899,34757,39348,5325,2,1011,1,4128,0,0,0,0,877,0.722267,0
sendfile,1,linux-sysepoll,1,0,0,1,1,0,2,2,11302,10160,42734,62580,12628,14630,42225,2831,39348,5325,2,1011,1,44835,1,0,1,0,877,0.722267,0
sendfile,1,linux-sysepoll,1,0,0,1,1,0,2,2,30362,43535,41810,64113,32056,29968,55899,2831,41603,7572,1,49220,1,39130,0,0,1,0,1943,0.722267,0
sendfile,1,linux-sysepoll,1,0,0,1,1,0,2,2,30362,43535,41810,64113,24748,29968,55899,2831,41603,7572,1,49220,1,49439,0,0,1,0,1282,0.722267,0
sendfile,1,libev,1,1,0,0,1,1,2,1,31108,43535,41810,29444,32056,29968,12185,35562,57084,7572,0,39377,1,39130,1,1,1,0,1282,0.722267,0
sendfile,1,libev,1,1,0,0,1,1,2,1,31108,43535,41810,29444,18778,29968,12185,35562,57084,7572,0,39377,1,39130,1,1,0,0,74,0.722267,0
sendfile,1,poll,1,1,0,0,1,1,2,1,31108,43535,41810,29444,32056,29968,12185,35562,57084,7572,2,1011,1,44835,1,0,1,0,877,0.722267,0
sendfile,0,libev,1,1,0,0,1,1,2,1,31108,59461,41810,64113,32056,29968,55899,142,57787,7572,2,23333,1,39130,1,1,1,1,1943,1.161117,0
write,1,linux-sysepoll,1,1,0,0,1,0,0,1,31466,43535,41810,64113,23283,29968,784,57669,10429,20174,2,48217,1,39130,1,0,1,1,1943,1.161133,0
write,0,libev,1,1,0,1,1,1,0,2,39425,41688,41810,64113,23283,29968,784,57669,10429,7572,2,48217,1,39130,1,0,1,0,1943,1.077767,0
write,0,libev,1,1,0,1,1,1,0,1,31466,43535,32953,64113,23283,29968,784,57669,10429,7572,2,48217,1,39130,1,0,1,0,1943,1.077767,0
write,0,linux-sysepoll,1,1,1,1,0,0,2,0,1922,43535,50303,50539,6493,29968,55899,55845,10429,7572,2,8405,1,39130,1,0,0,0,1943,1.1111,0
write,0,poll,1,0,1,0,1,0,2,0,31108,35997,41810,49861,28326,29968,8817,2831,20138,31626,2,54377,1,40215,1,0,0,0,2140,1.1111,0
sendfile,0,libev,1,1,0,0,1,1,2,1,31108,43535,41810,64113,32056,29968,12185,35562,50192,7572,2,23333,1,39130,1,1,1,1,1943,1.1111,0
sendfile,0,linux-sysepoll,1,0,0,0,1,1,0,1,31108,59461,41810,64113,32056,29968,55899,142,42721,7572,2,5173,1,61208,1,0,1,1,1943,1.1111,0
sendfile,0,linux-sysepoll,1,0,0,0,1,1,1,1,31108,22473,41810,64113,32056,29968,54358,57669,60897,7572,2,48217,1,39130,1,0,1,0,1943,1.1111,0
sendfile,0,linux-sysepoll,1,0,0,0,1,1,0,1,31108,59461,41810,64113,25341,29968,55899,142,42721,30601,2,48217,1,39130,1,0,1,0,1943,1.1111,0
sendfile,1,linux-sysepoll,1,0,0,1,1,0,0,2,46379,10160,42734,62580,12628,14630,42225,2831,39348,42138,2,48217,1,39130,1,0,1,0,2093,1.083367,0
writev,1,linux-sysepoll,1,1,0,1,1,0,2,2,46379,10160,42734,62580,12628,14630,42225,2831,43641,5325,2,1011,1,39130,1,0,1,0,2093,1.083367,0
sendfile,1,linux-sysepoll,1,0,1,1,1,0,0,2,46379,10160,42734,62580,12628,14630,42225,2831,39348,37978,4,48217,1,39130,1,0,1,0,515,1.083367,0
sendfile,1,linux-sysepoll,1,0,0,1,1,0,2,2,46379,10160,42734,61169,12628,14630,2944,2831,20138,32063,2,54377,1,39130,1,1,0,0,1342,1.0778,0
write,1,linux-sysepoll,1,0,0,1,1,0,2,2,46379,10160,42734,31549,12628,14630,40272,2831,39348,5325,2,1011,1,39130,1,1,1,0,877,1.0778,0
sendfile,0,libev,1,1,0,0,1,1,0,1,31466,62941,53310,49861,28326,29968,8817,2831,20138,43332,2,54377,1,39130,1,0,0,0,588,1.083367,0
sendfile,1,linux-sysepoll,1,1,0,1,1,0,2,2,46379,10160,42734,62580,12628,14630,42225,17741,39348,5325,8,54377,1,40215,1,0,0,0,2140,1.06115,0
sendfile,0,libev,1,1,0,1,1,1,0,1,31466,62941,53310,49861,28326,29968,8817,2831,20138,31626,2,54377,1,39130,1,1,0,0,1342,1.083367,0
sendfile,0,libev,1,1,0,0,0,1,0,1,31466,34472,53310,49861,28326,29968,55899,55845,10429,7572,2,8405,1,51963,1,1,0,0,1342,1.083367,0
sendfile,1,linux-sysepoll,1,0,0,1,1,0,2,2,46379,10160,42734,62580,12628,14630,42225,17741,39348,5325,8,54377,1,39130,1,0,0,0,2143,0.988933,0
sendfile,1,libev,1,1,0,0,1,0,2,2,46379,20055,42734,61169,12628,14630,2944,2831,20138,32063,15,54377,1,39130,0,0,0,0,1342,0.988933,0
sendfile,1,libev,1,1,0,0,1,0,2,2,46379,10160,62537,61169,12628,11907,32512,2831,20138,27331,2,54377,1,39130,1,1,0,0,1670,0.988933,0
sendfile,1,libev,1,1,0,0,1,0,2,2,46379,20055,42734,61169,12628,14630,2944,2831,20138,32063,15,54377,1,39130,0,0,0,0,133,0.988933,0
sendfile,1,libev,1,1,0,0,1,0,2,2,46379,984,42734,61169,12628,14630,2944,2831,20138,32063,15,54377,1,39130,1,0,1,0,2205,0.988933,0
write,0,libev,1,1,0,0,1,1,0,1,31466,62941,53310,49861,28326,29968,8817,2831,20138,43332,2,54377,1,39130,1,0,0,0,2205,0.988933,0
sendfile,1,libev,1,1,0,0,1,0,2,2,46379,10160,42734,61169,12628,14630,2944,2831,20138,32063,2,54377,1,39130,1,1,0,0,1342,1.1,0
write,0,poll,1,0,1,0,1,0,2,0,31108,62941,41810,49861,28326,29968,52198,2831,20138,2805,2,54377,1,39130,1,0,1,0,1943,0.8944,0
write,0,libev,1,1,0,1,1,1,0,1,31108,43535,367,64113,23283,29968,55899,8766,10429,7572,2,48217,1,45929,1,0,1,0,1943,0.8944,0
write,0,libev,1,1,0,1,1,1,0,2,31466,43535,41810,64113,2727,29968,784,57669,10429,7572,2,48217,1,39130,1,0,1,0,1943,0.8944,0
sendfile,1,linux-sysepoll,1,1,0,1,1,0,2,2,29009,10160,42734,62580,12628,14630,42225,17741,39348,5325,8,54377,1,40215,1,1,0,0,2140,1.205567,0
sendfile,1,linux-sysepoll,0,1,0,1,1,0,2,2,29009,10160,42734,62580,12628,14630,42225,17741,42208,5325,8,54377,1,40215,1,1,0,0,1183,1.205567,0
sendfile,1,linux-sysepoll,1,1,0,0,1,0,2,2,29009,10160,42734,62580,12628,8928,42225,17741,39348,24889,8,54377,1,40215,1,1,0,0,2140,1.205567,0
sendfile,1,linux-sysepoll,1,1,0,1,1,0,2,2,29009,30297,42734,62580,12628,2847,49935,30050,42208,5325,8,54377,1,40215,1,1,0,0,1183,1.205567,0
writev,1,linux-sysepoll,1,1,0,1,1,0,2,1,46379,10160,42734,62580,12628,14630,42225,55845,10429,7572,2,8405,1,51963,1,1,0,0,1342,0.977767,0
writev,1,linux-sysepoll,1,1,0,1,1,0,2,1,46379,10160,51940,62580,12628,41455,20957,55845,10429,4878,2,8405,1,10534,1,1,0,0,524,0.977767,0
sendfile,1,libev,1,1,1,0,1,0,2,2,46379,10160,42734,50231,12628,14630,2944,2831,20138,32063,2,54377,1,39130,1,1,0,0,1342,0.977767,0
sendfile,1,libev,0,1,1,0,1,0,2,2,46379,10160,6247,31549,12628,14630,40272,29623,39348,5325,2,1011,0,39130,1,1,1,0,877,0.905533,0
sendfile,1,libev,0,1,1,0,1,0,2,2,46379,10160,6247,31549,12628,14630,40272,29623,39348,5325,2,1011,1,39130,1,1,1,0,877,0.905533,0
sendfile,1,libev,0,1,1,0,1,0,2,2,46379,10160,42734,62580,12628,47559,25627,39833,19586,5325,11,1011,1,39130,1,0,0,1,877,0.905533,0
write,1,linux-sysepoll,0,0,0,1,1,0,2,2,46379,10160,4217,31549,1054,14630,40272,2831,39348,5325,2,1011,1,39130,1,1,0,1,1943,0.905533,0
sendfile,1,libev,1,1,0,0,1,0,2,2,46379,10160,42734,61169,18736,14630,2944,2831,20138,17154,2,1011,1,39130,1,1,1,1,877,1.537033,0
write,1,linux-sysepoll,1,0,0,0,1,0,2,2,46379,10160,42734,62580,12628,14630,42225,2831,39348,5325,2,1011,1,39130,1,0,1,0,1943,0.905533,0
sendfile,1,linux-sysepoll,1,0,0,1,1,0,2,2,46379,10160,42734,62580,12628,14630,42225,39833,19586,5325,2,1011,1,39130,1,0,0,1,877,0.905533,0
write,1,linux-sysepoll,1,0,0,0,1,0,2,2,46379,10160,42734,62580,12628,14630,42225,2831,41402,5325,2,1011,1,39130,1,0,1,0,877,0.905533,0
sendfile,1,linux-sysepoll,0,0,0,1,1,0,0,2,11302,10160,42734,61169,12628,14630,2944,2831,20138,32063,2,54377,1,39130,1,1,0,0,1342,0.905533,0
sendfile,1,linux-sysepoll,0,1,0,0,1,0,2,2,29009,43209,42734,62580,12628,14630,42225,55845,10429,7572,2,8405,1,25757,1,1,0,0,1342,1.1667,0
sendfile,1,linux-sysepoll,1,1,0,1,1,0,2,2,29009,10160,42734,14905,12628,14630,42225,17741,39348,5325,8,21383,1,40215,1,1,0,0,2140,1.244467,0
sendfile,1,linux-sysepoll,1,1,0,1,1,0,2,2,37944,10160,42734,62580,12628,14630,42225,55845,10429,7572,2,8405,1,51963,1,1,0,0,1342,1.244467,0
sendfile,1,linux-sysepoll,1,1,0,1,1,0,2,2,37944,10160,60608,62580,12628,14630,42225,55845,60636,7572,2,8405,1,51963,1,1,0,0,1342,1.244467,0
sendfile,1,linux-sysepoll,1,0,0,1,1,0,2,2,29009,10160,42734,62580,12628,8928,42225,17741,39348,24889,8,54377,1,40215,1,1,0,0,2140,1.244467,0
writev,1,linux-sysepoll,1,1,1,1,1,0,2,2,37944,10160,42734,62580,12628,14630,42225,55845,10429,7572,2,8405,1,50955,1,1,0,0,1342,1.244467,0
sendfile,1,linux-sysepoll,0,0,0,0,1,0,2,1,46379,10160,51940,62580,20464,41455,20957,55845,10429,4878,2,8405,1,10534,1,1,0,1,524,0.938867,0
sendfile,1,linux-sysepoll,0,0,0,0,1,0,2,1,46379,10160,51940,62580,20464,41455,20957,55845,10429,4878,2,56991,1,10534,1,1,0,1,524,0.938867,0
sendfile,1,linux-sysepoll,0,0,0,0,1,0,2,1,46379,10160,51940,62580,20464,43854,20957,55845,10429,4878,2,8405,1,10534,1,1,0,1,524,0.938867,0
writev,1,linux-sysepoll,1,1,0,1,1,0,2,2,46379,10160,33412,15414,12628,14630,42225,2831,39348,5407,2,1011,1,28217,1,0,1,0,877,0.938867,0
sendfile,1,linux-sysepoll,1,0,1,1,1,0,1,2,64088,10160,42734,62580,12628,14630,42225,17741,39348,5407,2,1011,1,28217,1,0,1,0,877,0.938867,0
sendfile,0,linux-sysepoll,0,0,0,0,1,0,1,2,29009,10160,42734,62580,12628,10655,42225,17741,39348,24889,8,54377,1,40215,1,1,0,0,2140,0.938867,0
sendfile,1,linux-sysepoll,1,1,0,1,1,0,2,2,29009,10160,42734,62580,12628,14630,42225,17741,39348,5325,8,54377,1,39130,0,1,0,0,1342,0.938867,0
sendfile,1,linux-sysepoll,1,1,0,1,1,0,1,2,64088,10160,42734,62580,12628,14630,42225,17741,39348,5325,8,56488,1,39130,0,1,0,0,1342,0.938867,0
sendfile,1,linux-sysepoll,1,1,0,1,1,0,1,0,64088,10160,42734,62580,12628,14630,42225,17741,39348,5325,8,56488,1,39130,1,1,0,0,779,0.938867,0
sendfile,1,libev,1,0,0,0,1,1,2,2,46379,10160,42734,62580,6548,14630,42225,2831,39348,5325,2,36112,1,39130,1,0,1,0,877,0.938867,0
write,0,libev,1,1,0,1,1,0,0,1,31108,43535,41810,62580,12628,14630,42225,17741,39348,63332,2,1011,1,28217,0,0,1,0,877,1.044433,0
write,0,libev,0,1,0,1,1,1,0,2,36463,41688,41810,64113,23283,29968,784,57669,10429,5325,2,1011,1,39130,0,0,1,0,877,1.044433,0
write,0,libev,1,1,0,1,1,0,0,1,31108,43535,41810,62580,12628,14630,42225,17741,39348,63332,2,1011,1,28217,0,0,1,0,1943,1.044433,0
write,0,libev,1,1,0,1,1,0,0,1,31108,43535,41810,64113,32056,29968,55899,55845,10429,39369,2,23333,0,39130,1,0,1,0,1943,1.044433,0
write,0,libev,1,1,0,1,1,0,0,2,18675,41688,41810,64113,23283,29968,40507,57669,10429,7572,2,48217,1,39130,1,0,1,0,1943,1.044433,0
writev,1,linux-sysepoll,1,1,0,0,1,0,2,2,46379,10160,33412,15414,12628,14630,53582,42753,39348,55697,2,1011,1,28217,1,0,1,0,1943,1.044433,0
writev,1,linux-sysepoll,1,1,0,0,1,0,2,2,46379,10160,33412,15414,12628,14630,53582,42753,63286,55697,2,1011,1,28217,1,0,1,0,1943,1.044433,0
sendfile,0,linux-sysepoll,1,0,1,1,1,0,1,2,26602,10160,42734,63248,32056,29968,55899,55845,10429,7572,2,44990,0,39130,1,0,0,0,1943,1.044433,0
sendfile,1,linux-sysepoll,0,1,0,1,1,0,0,1,29009,10160,44107,62580,4596,14630,42225,17741,42208,5325,8,7502,1,40215,0,1,0,0,2140,1.2389,0
sendfile,1,linux-sysepoll,1,1,0,1,1,1,2,0,22134,59461,34030,4789,32056,29968,55899,53668,10429,7572,2,13570,1,39130,1,1,1,0,2357,1.194433,0
sendfile,1,linux-sysepoll,1,0,0,1,1,1,2,0,22134,59461,34030,4789,29655,29968,55899,53668,10429,7572,2,13570,1,39130,1,0,1,0,2357,1.194433,0
write,0,libev,1,0,0,1,1,1,0,2,31108,43535,41810,64113,23283,29968,55899,47887,10429,7572,2,48217,1,39130,1,0,1,0,1943,1.194433,0
sendfile,1,select,1,1,0,1,1,0,2,2,31108,59461,34030,4789,32056,29968,55899,52214,10429,7572,2,13570,1,39130,1,0,1,0,2357,0.944467,0
sendfile,1,libev,1,1,0,1,1,1,1,1,31108,59461,41810,59311,32056,29968,55899,55845,10429,7572,2,23333,1,39130,1,0,1,0,1713,0.944467,0
sendfile,1,select,1,1,0,1,1,0,2,2,31108,59461,34030,4789,32056,29968,55899,52214,10429,46244,2,23333,1,39130,0,0,1,0,1713,0.944467,0
sendfile,1,libev,1,1,0,1,1,1,1,2,51384,59461,60382,59311,32056,29968,55899,55845,10429,7572,2,13570,1,39130,1,0,1,0,2357,0.944467,0
sendfile,1,linux-sysepoll,1,1,0,1,1,0,2,2,31108,59461,34030,4789,32056,29968,55899,52214,10429,7572,2,13570,1,39130,1,0,1,0,2357,0.944467,0
write,0,linux-sysepoll,0,0,0,0,1,1,1,1,31108,59461,41810,64113,32056,29968,55899,55845,10429,7572,2,23333,1,39130,1,0,1,0,1943,1.199983,0
write,1,linux-sysepoll,1,1,0,1,1,0,2,0,22134,59461,34030,4789,32056,29968,55899,53668,10429,7572,2,59426,1,39130,1,0,1,0,2357,1.199983,0
sendfile,1,linux-sysepoll,0,1,0,1,1,1,1,0,22134,45756,34030,4789,6381,28112,51339,53668,10429,7572,2,13570,1,39130,1,0,1,0,2357,1.199983,0
sendfile,1,linux-sysepoll,1,1,0,1,1,1,1,0,22134,45756,34030,4789,6381,28112,51339,53668,10429,7572,2,13570,1,39130,0,0,1,0,1713,1.199983,0
writev,1,linux-sysepoll,1,1,0,0,1,0,2,0,22134,59461,34030,4789,32056,29968,55899,53668,10429,7572,2,47716,1,39130,1,0,1,1,2357,1.094433,0
sendfile,1,linux-sysepoll,0,1,0,1,1,0,1,0,22134,35870,34030,53103,6381,28112,51339,53668,10429,7572,2,13570,1,39130,1,0,1,0,1943,1.227758,0
sendfile,1,linux-sysepoll,1,1,0,1,1,0,2,0,29009,5117,42734,61169,12628,14630,36284,2831,20138,61696,2,54377,1,39130,1,0,0,0,1342,0.9333,0
writev,0,select,0,1,0,1,1,1,2,2,29009,10160,42734,62580,12628,8928,42225,17741,39348,24889,8,54377,1,39130,1,0,1,1,1943,0.9333,0
sendfile,1,linux-sysepoll,0,1,0,0,1,1,2,1,31108,59461,41810,64113,32056,29968,55899,55845,36053,7572,6,23333,1,39130,0,0,1,1,2357,0.9333,0
sendfile,1,linux-sysepoll,1,0,0,1,1,0,2,2,46379,10160,42734,61169,12628,33126,38388,2831,20138,32063,2,54377,1,39130,0,0,1,1,2357,1.21665,0
sendfile,1,libev,1,1,1,0,1,0,1,0,22134,59461,34030,4789,32056,29968,55899,53668,10429,7572,2,47716,1,39130,1,1,1,1,1060,1.101833,0
sendfile,1,linux-sysepoll,1,0,0,1,1,0,2,2,46379,10160,42734,61169,12628,33126,38388,2831,20138,32063,2,54377,1,39130,1,1,0,0,1342,0.9333,0
sendfile,1,linux-sysepoll,1,1,0,1,1,0,2,2,29009,10160,42734,62580,12628,8928,42225,17741,39348,24889,8,54377,1,39130,1,0,1,1,1943,0.9333,0
writev,0,linux-sysepoll,1,0,0,1,1,0,2,2,29009,56551,42734,62580,12628,2847,49935,30050,42208,5325,8,54377,1,40215,1,1,0,0,15,0.9333,0
sendfile,1,linux-sysepoll,1,1,0,1,1,1,0,1,31108,43535,41810,64113,15488,29968,55899,47887,10429,7572,2,48217,1,39130,1,0,1,0,1943,1.238867,0
write,1,linux-sysepoll,1,1,0,1,1,1,2,0,22134,59461,34030,4789,24290,29968,55899,53668,33645,7572,2,59426,1,39130,1,0,1,0,2357,1.238867,0
sendfile,1,linux-sysepoll,1,1,0,1,1,1,0,0,24813,43535,41810,64113,15488,29968,55899,47887,10429,7572,2,48217,1,39130,1,0,1,0,1943,1.238867,0
sendfile,1,linux-sysepoll,0,1,0,1,1,1,0,0,22134,45756,34030,4789,6381,28112,51339,53668,10429,63281,2,13570,1,39130,1,0,1,0,2357,1.238867,0
sendfile,1,linux-sysepoll,1,1,0,1,1,0,2,2,37944,10160,40867,41843,12628,14630,42225,55845,7895,5325,2,1011,1,39130,1,0,0,0,877,1.17775,0
write,0,linux-sysepoll,1,0,0,1,1,0,2,2,46379,10160,42734,62580,12628,14630,42225,2831,27733,5325,2,1011,0,39130,1,0,1,0,877,1.144433,0
sendfile,0,linux-sysepoll,1,1,0,1,1,0,2,0,37944,10160,19133,62580,12628,38995,42225,55845,7895,5325,2,1011,1,39130,1,0,0,1,877,1.144433,0
sendfile,0,linux-sysepoll,1,0,0,1,1,0,2,2,46379,10160,42734,62580,12628,14630,42225,2831,39348,5325,2,1011,1,39130,1,0,0,1,877,1.144433,0
write,0,linux-sysepoll,1,0,0,1,0,0,2,2,46379,10160,42734,62580,12628,14630,42225,2831,39348,5325,2,1011,1,39130,1,0,1,0,877,1.144433,0
writev,0,libev,1,0,0,1,1,1,0,2,31108,57462,41810,64113,23283,29968,55899,47887,10429,7572,2,48217,1,39130,1,0,1,0,2357,1.251833,0
write,0,linux-sysepoll,1,1,0,1,1,0,1,1,31108,43535,32398,62580,12628,14630,42225,17741,39348,63332,6,1011,1,28217,0,0,1,0,877,1.144433,0
write,0,libev,1,1,0,1,1,0,0,1,31108,43535,32398,62580,12628,14630,42225,17741,39348,63332,2,1011,1,28217,0,0,1,0,877,1.144433,0
sendfile,1,libev,1,0,0,0,1,1,0,1,31108,43535,41810,49784,23283,29968,55899,47887,10429,7572,2,48217,1,39130,1,0,1,0,1943,1.144433,0
sendfile,0,linux-sysepoll,1,0,0,1,1,1,2,0,22134,59461,34030,4789,5301,29968,55899,53668,10429,7572,2,13570,1,39130,1,0,1,0,2357,1.2944,0
write,0,libev,1,0,0,1,1,1,0,1,31108,43535,41810,19234,23283,29968,55899,47887,10429,3271,2,48217,1,39130,1,0,1,0,1943,1.2944,0
sendfile,1,linux-sysepoll,1,1,0,1,1,1,0,0,22134,59461,34030,4789,28856,29968,55899,53668,10429,7572,13,16110,1,39130,1,1,1,0,2357,1.2944,0
write,0,libev,1,0,0,1,1,1,0,2,13298,43535,41810,64113,23283,29968,24187,47887,10429,6423,2,48217,1,25854,1,0,1,0,1713,1.2944,0
write,0,linux-sysepoll,0,1,0,1,1,0,1,2,31108,6178,34030,4789,32056,29968,55899,52214,10429,7572,2,13570,1,39130,1,0,1,0,2357,1.2944,0
sendfile,1,libev,1,1,1,1,1,0,0,2,31108,59461,34030,4789,32056,29968,55899,52214,10429,7572,11,13570,1,39130,1,0,1,0,2524,1.044467,0
sendfile,1,libev,1,1,1,0,1,0,0,2,31108,59461,31420,4789,32056,29968,55899,53668,47745,7572,2,15771,1,39130,1,1,1,1,1342,1.044467,0
sendfile,1,libev,1,1,1,0,1,0,1,2,22134,59461,34030,4789,32056,29968,55899,52214,10429,7572,11,13570,1,39130,1,1,1,0,2524,1.044467,0
sendfile,0,libev,0,1,1,1,1,0,1,0,22134,59461,61764,4789,32056,29968,55899,53668,10429,7572,2,47716,1,39130,1,1,1,0,1060,1.044467,0
sendfile,1,libev,1,1,1,0,1,0,1,2,22134,59461,34030,4789,32056,29968,55899,53668,47745,7572,2,1011,1,39130,1,1,0,0,877,1.044467,0
sendfile,1,linux-sysepoll,0,1,1,1,1,0,1,0,22134,35870,34030,9130,2642,24458,51339,53668,10429,7572,2,1011,1,39130,1,1,0,0,877,1.10555,0
sendfile,1,libev,1,1,1,0,1,0,1,2,22134,59461,34030,4789,32056,29968,55899,53668,47745,7572,2,15771,1,39130,1,1,1,1,1060,1.10555,0
sendfile,1,libev,0,1,1,0,1,0,1,2,22134,59461,34030,4789,32056,29968,55899,53668,47745,7572,2,15771,1,39130,1,1,1,1,1060,1.10555,0
sendfile,1,libev,1,1,1,0,1,0,1,1,22134,59461,31420,4789,32056,29968,55899,53668,47745,7572,2,15771,1,39130,1,1,1,1,1342,1.10555,0
sendfile,1,libev,1,1,1,1,0,0,1,0,22134,59461,34030,4789,32056,29968,55899,53668,10429,7572,2,47716,0,39130,1,1,1,1,1060,1.127733,0
sendfile,1,libev,1,1,1,1,1,0,1,0,22134,59461,34030,4789,32056,14630,54383,55845,45763,5325,2,1011,1,39130,1,0,0,0,877,1.127733,0
write,0,libev,1,1,0,1,1,0,0,2,18675,53403,41810,64113,23283,29968,40507,36688,10429,7572,2,47716,1,39130,1,1,1,1,1060,1.205517,0
sendfile,1,linux-sysepoll,1,1,0,1,1,0,2,2,37944,10160,40867,41843,12628,14630,42225,55845,45763,5325,2,1011,1,39130,1,0,0,0,877,1.127733,0
writev,1,libev,1,0,0,0,1,1,0,2,31108,57462,41810,64113,23283,29968,55899,17741,39348,63332,6,1011,1,28217,0,0,1,0,877,1.127733,0
sendfile,0,libev,1,1,0,0,1,0,0,2,37944,10160,40867,3808,17981,14630,25627,55845,7895,6485,2,1011,1,39130,1,0,0,0,877,1.127733,0
sendfile,1,libev,1,1,0,0,1,1,0,2,37944,10160,40867,19993,17981,14630,25627,55845,7895,6485,2,1011,1,39130,1,1,1,0,1060,1.127733,0
sendfile,1,linux-sysepoll,0,0,1,1,1,0,1,0,22134,35870,34030,9130,2642,24458,51339,18908,10429,7572,1,3765,1,53680,1,1,0,0,877,1.338883,0
sendfile,0,libev,0,1,1,1,1,0,1,0,22134,35870,34030,9130,2642,24458,51339,53668,10429,7572,2,1011,0,39130,1,0,0,0,877,1.3,0
sendfile,1,libev,1,0,0,1,1,0,1,0,22134,35870,34030,9130,2642,24458,51339,18908,10429,7572,1,3765,1,53680,1,0,0,0,877,1.3,0
writev,0,linux-sysepoll,0,1,1,1,1,0,1,1,22134,49777,31420,4789,32056,29968,55899,43121,47745,7572,2,1011,1,39130,1,1,0,0,877,1.3,0
sendfile,1,libev,1,1,1,0,1,0,1,1,22134,59461,31420,4789,32056,29968,55899,43121,47745,7572,2,1011,1,39130,1,1,0,0,877,1.333317,0
sendfile,0,libev,0,1,1,1,1,0,1,1,22134,35870,34030,35312,2642,24458,51339,53668,10429,7572,2,1011,1,39130,1,1,0,1,877,1.3,0
sendfile,0,select,1,1,1,0,1,0,1,2,22134,22694,4634,4789,32056,29968,55899,53668,47745,7572,2,15771,1,39130,1,1,1,1,1060,1.3,0
sendfile,1,libev,0,1,1,0,1,0,2,0,35736,10160,19133,62580,12628,38995,42225,55845,7895,5325,6,1011,1,39130,0,0,0,1,877,1.3,0
sendfile,0,select,1,1,1,0,1,0,2,2,47047,22694,4634,4789,32056,29968,55899,53668,47745,7572,2,15771,1,39130,1,1,1,1,1060,1.3,0
write,0,poll,1,0,0,1,1,1,1,1,31108,59461,41810,64113,32056,29968,55899,47887,10429,7572,2,48217,1,39130,1,0,1,0,1943,1.005567,0
write,0,libev,1,0,0,1,1,1,0,1,31108,34169,41810,64113,23283,29968,55899,55845,10429,7572,2,23333,0,39130,1,0,1,0,1943,1.005567,0
write,0,libev,1,0,0,1,1,1,0,1,31108,43535,41810,64113,23283,29968,32480,47887,10429,7572,2,48217,1,39130,1,0,1,0,1943,1.005567,0
write,0,poll,1,0,1,1,1,1,1,0,31108,26831,41810,64113,25858,29968,55899,47887,10429,7572,2,23258,1,39130,1,0,1,0,877,1.005567,0
write,0,poll,1,1,1,1,1,1,1,0,31108,26831,41810,64113,25858,29968,55899,55845,10429,55241,2,23333,1,49243,1,0,1,0,1943,1.005567,0
write,0,libev,1,1,0,1,1,1,0,1,31108,43535,41810,64113,23283,18523,32480,47887,10429,7572,2,48217,1,39130,1,0,1,0,1943,1.005567,0
sendfile,1,linux-sysepoll,0,1,1,1,1,0,1,0,22134,35870,34030,9130,2642,24458,51339,53668,47745,7572,2,15771,1,39130,1,1,0,1,1060,1.392213,0
writev,0,select,1,0,0,1,1,1,1,2,9723,43535,14938,64113,23283,29968,55899,63252,10429,7572,2,48217,1,39130,1,1,1,0,1943,1.066633,0
writev,0,libev,1,0,1,0,1,0,0,2,22134,59461,31420,4789,32056,29968,55899,15172,47745,7572,2,15771,1,39130,1,0,0,1,1342,1.066633,0
write,0,libev,1,0,0,1,1,1,0,1,9723,43535,41810,64113,23283,29968,32480,47887,10429,7572,2,15771,1,39130,1,1,1,1,1342,1.149967,0
sendfile,1,linux-sysepoll,0,1,0,1,1,0,1,0,22134,35870,39275,53103,6381,54294,51339,53668,10429,7572,2,13570,1,39130,1,0,0,0,1811,1.22775,0
writev,0,linux-sysepoll,0,1,0,0,1,0,2,2,46379,10160,42734,61169,18736,14630,65383,2831,20138,17154,2,1011,1,39130,1,1,1,0,877,1.2833,0
sendfile,1,libev,1,1,1,1,1,0,1,1,22134,59461,31420,4789,32056,29968,55899,39833,19586,5325,2,1011,1,39130,1,0,1,1,1060,1.561117,1
sendfile,1,libev,1,1,1,1,1,0,1,1,22134,55426,31420,4789,32056,29968,55899,48853,47745,7572,2,1011,1,39130,1,1,0,1,1943,1.561117,1
sendfile,1,libev,1,1,1,0,1,0,1,0,22134,59461,31420,4789,32056,29968,55899,43121,47745,29957,2,1011,1,39130,1,0,1,1,1943,1.561117,1
write,1,libev,0,1,1,0,1,0,1,0,35736,10160,36365,62580,30298,24458,55899,53668,16000,7572,2,15771,1,39130,1,1,1,0,1060,1.2833,0
sendfile,1,libev,0,1,1,0,1,0,1,0,22134,35870,34030,9130,2642,24458,51339,53668,10429,30252,2,1011,1,53680,0,1,0,0,877,1.2833,0
sendfile,1,libev,1,1,0,0,1,0,1,0,22134,35870,34030,9130,2642,24458,51339,53668,10429,30252,2,1011,0,53680,0,1,0,0,877,1.2833,0
writev,0,linux-sysepoll,0,1,1,1,1,0,1,1,22134,55426,31420,4789,32056,29968,55899,48853,47745,7572,2,1011,1,39130,1,0,0,1,1943,1.2833,0
write,0,libev,1,1,0,1,1,1,0,2,40720,43535,60694,19234,23283,29968,55899,47887,10429,3271,2,48217,1,39130,0,0,1,1,97,1.494417,0
write,0,libev,1,1,0,1,1,1,0,2,40720,43535,60694,19234,23283,29968,51339,18908,10429,13729,1,3765,1,53680,0,1,0,0,877,1.277767,0
write,0,libev,1,0,0,1,1,1,0,2,40720,43535,60694,19234,23283,29968,55899,47887,10429,3271,2,48217,1,39130,1,0,1,1,2476,1.494417,0
write,0,libev,1,0,0,1,1,1,0,1,40720,43535,60694,19234,6383,29968,55899,47887,10429,3271,2,48217,1,39130,1,0,1,1,2476,1.494417,0
write,0,libev,1,0,0,1,1,1,0,2,40720,43535,60694,19234,23283,29968,55899,47887,10429,3271,2,48217,1,39130,1,1,1,1,2476,1.494417,0
sendfile,1,linux-sysepoll,0,0,1,1,1,0,1,2,22134,35870,34030,9130,2642,24458,51339,18908,10429,7572,1,3765,1,53680,1,1,0,1,877,1.444442,0
sendfile,1,linux-sysepoll,0,0,1,1,0,0,1,2,22134,35870,34030,9130,2642,50769,34377,18908,58950,7572,1,3765,1,53680,1,1,0,1,877,1.444442,0
sendfile,1,libev,1,0,1,1,1,0,1,0,22134,35870,34030,9130,2642,28112,51339,53668,10429,7572,2,13570,1,39130,1,1,1,0,1021,1.277767,0
sendfile,0,libev,0,1,1,1,1,0,2,1,22134,35870,34030,35312,2642,24458,51339,47887,10429,7572,2,48217,1,53680,1,1,1,0,877,1.277767,0
write,0,linux-sysepoll,1,0,0,1,1,1,0,1,22134,35870,34030,35312,2642,24458,51339,47887,58694,7572,5,48217,1,41360,1,1,1,0,2513,1.205533,0
writev,0,linux-sysepoll,1,0,1,1,1,1,0,1,22134,35870,34030,35312,2642,24458,51339,47887,58694,6855,5,48217,1,41360,1,1,1,0,2513,1.205533,0
write,0,linux-sysepoll,1,0,0,1,1,0,0,1,22134,35870,34030,62580,2642,24458,51339,47887,58694,31897,5,52659,1,41360,1,1,1,0,2513,1.205533,0
write,0,linux-sysepoll,1,0,0,1,1,0,0,1,3864,43535,41810,64113,24811,31462,55899,47887,10429,7572,2,48217,1,39130,1,1,1,0,1289,1.205533,0
write,0,linux-sysepoll,1,0,0,1,1,1,0,1,22134,35870,34030,35312,2642,24458,51339,47887,10429,7572,5,48217,1,53680,1,1,1,0,2513,1.205533,0
write,0,linux-sysepoll,1,0,0,1,1,1,0,2,40720,43535,60694,19234,11620,47765,55899,47887,10429,3271,2,48217,1,39130,1,0,1,1,2476,1.205533,0
write,0,linux-sysepoll,1,1,0,1,1,1,0,1,22134,35870,34030,35312,2642,24458,55899,47887,10429,28741,2,48217,1,39130,1,0,1,1,2476,1.205533,0
write,0,poll,1,0,0,1,1,1,1,1,35675,59461,41810,64113,32056,63628,55899,55845,10429,7572,2,8399,1,39130,1,0,1,0,1943,1.205533,0
write,0,libev,1,1,0,1,1,0,1,2,18675,10160,40867,19993,17981,14630,25627,55845,7895,6485,2,1011,1,39130,0,1,1,0,1060,1.1333,0
write,0,libev,1,1,0,1,1,0,0,2,18675,10160,40867,19993,17981,14630,25627,10390,7895,6485,1,1011,1,39130,0,1,1,0,1060,1.1333,0
write,0,libev,1,1,0,1,1,0,0,2,18675,53403,41810,64113,23283,29968,32480,47887,37665,7572,2,15771,1,39130,1,1,1,1,1342,1.1333,0
sendfile,1,linux-sysepoll,1,0,0,1,1,0,2,2,46379,10160,42734,61169,12628,33126,38388,2831,20138,32063,2,54377,1,39130,1,0,1,1,2357,1.1333,0
sendfile,1,linux-sysepoll,1,0,0,1,1,0,2,2,29373,10160,42734,61169,12628,33126,38388,2831,20138,18127,2,54377,1,39130,1,0,0,1,2357,1.1333,0
writev,1,libev,1,0,0,0,1,1,0,1,9723,43535,41810,64113,23283,29968,32480,47887,10429,7572,2,15771,1,39130,1,1,1,1,1342,1.366633,0
sendfile,1,linux-sysepoll,0,1,0,1,1,0,1,0,22134,35870,39275,53103,6381,54294,51339,53668,10429,7572,2,13570,1,39130,1,0,1,0,1943,1.1333,0
sendfile,1,select,1,0,0,1,1,1,2,1,31108,59461,41810,64113,32056,29968,3228,55845,10429,44778,2,23333,1,11901,1,0,1,0,1943,1.527767,0
write,0,libev,1,0,0,1,1,1,0,1,31108,43535,41810,64113,23283,29968,55899,47887,10429,7572,2,48217,1,39130,1,0,1,0,1483,1.527767,0
writev,1,libev,1,0,1,1,1,0,1,1,50176,11295,19179,4789,32056,29968,55899,43121,47745,7572,2,1011,1,39130,1,1,0,0,877,1.527767,0
sendfile,1,libev,1,1,1,1,1,0,1,1,22134,11295,31420,4789,32056,29968,55899,39833,19586,5325,10,1011,1,39130,1,0,1,1,1060,1.527767,0
sendfile,1,libev,0,0,0,1,1,0,2,2,46379,10160,42734,53386,18736,14630,2944,2831,20138,17154,2,1011,1,39130,1,0,1,1,877,1.527767,0
sendfile,1,libev,1,1,1,1,1,0,1,1,22134,11295,19179,4789,32056,29968,55899,39833,19586,7572,2,1011,1,39130,0,1,0,0,877,1.527767,0
writev,1,select,1,0,0,1,1,1,1,0,31108,59461,41810,53386,16654,14630,22318,2831,20138,17154,2,1011,1,39130,1,0,1,1,877,1.527767,0
sendfile,1,linux-sysepoll,1,0,0,1,1,0,1,1,22134,59461,31420,4789,32056,29968,38397,42443,47745,7572,2,1011,1,39130,1,1,0,0,877,1.527767,0
sendfile,1,linux-sysepoll,0,0,0,1,1,0,1,2,22134,35870,34030,53103,6381,28112,37066,53668,4294,7572,2,13570,1,39130,1,0,0,0,1943,1.255533,0
sendfile,1,linux-sysepoll,0,1,1,0,1,0,1,0,22134,35870,41181,9130,2642,24458,51339,53668,47745,7572,2,15771,1,39130,1,1,0,1,1060,1.255533,0
writev,1,linux-sysepoll,0,0,1,1,1,1,1,2,11475,35870,34030,9130,2642,24458,51339,18908,10429,7572,6,3765,1,53680,1,1,0,1,877,1.316667,0
sendfile,1,linux-sysepoll,1,0,1,1,1,0,1,2,22134,13302,34030,9130,2642,24458,51339,18908,10429,7572,1,3765,1,53680,1,1,0,1,1513,1.316667,0
sendfile,1,linux-sysepoll,0,0,1,1,1,0,1,2,22134,35870,34030,9130,2642,24458,21142,18908,10429,7572,6,3765,1,53680,1,1,0,1,1443,1.394442,0
writev,1,linux-sysepoll,1,0,0,0,1,0,1,0,22134,38154,39275,53103,6381,54294,51339,53668,10429,7572,2,13570,1,39130,1,1,0,1,1811,1.1611,0
writev,1,linux-sysepoll,0,1,1,0,1,1,1,2,11475,35870,34030,9130,2642,24458,51339,18908,10429,7572,6,3765,1,35003,1,1,0,1,1794,1.1611,0
write,1,libev,1,0,0,1,1,1,2,1,31108,43535,41810,64113,23283,63373,55899,63252,10429,7572,2,48217,1,39130,1,1,1,0,1943,1.1611,0
writev,0,libev,1,1,1,0,1,0,0,2,22134,59461,31420,4789,32056,29968,55899,15172,47745,7572,2,15771,1,53680,1,1,1,1,1443,1.1611,0
sendfile,1,linux-sysepoll,1,0,1,1,1,0,1,2,23007,13302,34030,9130,2642,24458,51339,18908,10429,7572,1,3765,1,53680,1,1,0,1,1513,1.1611,0
sendfile,1,libev,0,0,0,0,1,0,1,2,46379,56749,42734,53386,22550,14630,2944,2831,20138,32970,2,1011,1,39130,1,1,1,1,2476,1.555567,1
sendfile,1,libev,0,0,0,0,1,0,2,2,46379,56749,42734,41167,867,14630,2944,19731,20138,7572,10,26106,1,39130,1,0,1,0,1483,1.555567,0
sendfile,1,libev,0,0,0,0,1,0,2,2,46379,56749,42734,41167,18736,14630,2944,19731,20138,7572,10,1011,1,39130,1,0,1,0,1060,1.555567,1
write,1,libev,1,0,0,0,1,1,0,1,22134,35870,34030,35312,2642,24458,48827,47887,35934,31897,1,52659,1,35288,1,1,1,1,2513,1.555567,0
sendfile,1,libev,1,0,0,1,1,0,2,0,46379,10160,42734,4789,5301,29968,53273,39833,19586,7572,2,42593,1,65237,1,1,1,0,2513,1.555567,1
write,0,linux-sysepoll,1,0,0,1,1,0,0,1,22134,11295,31420,4789,32056,29968,37785,39833,19586,5325,10,1011,1,39130,1,0,0,1,1060,1.638883,1
write,0,linux-sysepoll,1,0,0,1,1,0,0,1,22134,11295,31420,4789,32056,29968,37785,39833,19586,5325,10,1011,1,34306,1,0,1,1,877,1.5926,1
sendfile,1,libev,0,0,0,1,1,0,2,2,46379,56749,42734,53386,18736,14630,2944,2831,20138,7572,2,23333,1,39130,1,0,1,0,646,1.555567,1
write,0,linux-sysepoll,0,1,0,1,1,1,0,2,22134,35870,34030,38174,18736,14630,2944,2831,20138,17154,2,30133,0,39130,0,0,1,1,877,1.555567,1
write,1,libev,1,0,0,0,1,1,0,1,22134,35870,34030,35312,2642,24458,48827,47887,35934,31897,1,52659,1,35288,1,0,1,1,600,1.555567,1
writev,1,linux-sysepoll,0,0,1,1,1,0,1,2,22134,35870,34030,9130,2642,24458,51339,18908,10429,7572,1,3765,1,53680,1,1,0,1,877,1.422233,0
sendfile,1,linux-sysepoll,0,0,1,1,1,0,1,2,22134,35870,34030,9130,19690,24458,21142,31857,10429,7572,6,3765,1,53680,1,1,0,1,1443,1.422233,0
sendfile,1,linux-sysepoll,1,0,1,1,1,0,1,2,46821,13302,34030,9130,2642,37128,51339,18908,10429,7572,1,3765,1,53680,1,1,0,1,1513,1.422233,0
sendfile,1,linux-sysepoll,1,0,1,1,1,0,1,2,24745,35870,34030,9130,2642,24458,51339,18908,10429,7572,6,3765,1,53680,1,1,0,1,877,1.422233,0
write,0,libev,1,1,0,1,1,1,1,2,11475,35870,34030,8886,5830,24458,51339,18908,10429,7572,6,3765,1,53680,1,1,0,1,877,1.5444,0
write,0,libev,1,1,0,1,1,1,1,2,11475,9309,34030,8886,5830,24458,51339,19203,10429,3271,7,48217,1,39130,1,0,1,1,1938,1.5444,0
write,1,libev,1,1,0,1,1,1,1,2,11475,35870,34030,8886,11235,24458,51339,47887,10429,3271,2,48217,1,39130,1,0,1,1,2476,1.5444,0
write,0,libev,1,1,0,1,1,1,1,2,11475,35870,34030,8886,5830,24458,51339,47887,10429,3271,2,48217,1,53680,0,1,0,1,877,1.5444,0
writev,1,linux-sysepoll,0,0,1,0,1,0,1,2,22134,35870,34030,9130,2642,24458,51339,18908,10429,7572,1,3765,1,53680,1,0,0,1,877,1.427767,0
sendfile,1,linux-sysepoll,0,0,1,1,1,0,1,2,22134,8115,34030,15758,2642,24458,21142,18908,51916,7572,1,3765,1,53680,1,1,0,0,877,1.4889,0
write,1,linux-sysepoll,0,0,0,1,1,0,1,1,31108,59461,41810,64113,7269,29968,55899,55845,10429,7572,2,23333,1,53680,1,0,1,0,1443,1.400033,0
write,0,poll,1,0,0,1,1,1,1,1,31108,59461,41810,64113,32056,29968,55899,55845,10429,7572,2,23333,1,53680,1,0,1,0,1443,1.400033,0
write,0,libev,1,0,0,1,1,1,0,1,31108,43535,41810,30076,23283,29968,55899,47887,10429,7572,2,23333,1,19903,1,0,1,0,1943,1.400033,0
write,0,libev,1,0,0,1,1,0,1,1,31108,43535,41810,64113,30456,29968,55899,47887,10429,7572,2,23333,1,2704,1,0,1,0,1443,1.400033,0
sendfile,1,linux-sysepoll,0,1,0,1,1,0,1,2,22134,35870,34030,9130,19690,24458,51050,31857,10429,7572,6,3765,1,53680,1,1,0,1,1443,1.411117,0
sendfile,1,linux-sysepoll,0,1,1,1,1,0,1,2,24745,12621,34030,9130,14791,24458,51339,18908,10429,7572,6,3765,1,53680,1,1,0,1,877,1.411117,0
sendfile,1,linux-sysepoll,0,1,1,1,1,0,1,2,22134,35870,34030,9130,19690,24458,51050,29166,41593,7572,6,36078,1,53680,1,1,0,0,877,1.411117,0
sendfile,1,linux-sysepoll,0,1,1,1,1,0,1,2,22134,35870,34030,9130,24706,59919,51050,31857,14530,7572,12,3765,1,53680,1,1,0,1,1443,1.3722,0
sendfile,1,linux-sysepoll,0,1,1,1,1,0,1,2,22134,35870,34030,9130,19690,24458,51050,29166,41593,7572,6,36078,1,53680,1,1,0,1,2650,1.3722,0
sendfile,1,linux-sysepoll,0,1,1,1,1,0,1,2,24745,12621,34030,9130,3202,24458,51050,31857,10429,7572,6,3765,1,53680,1,1,0,1,1443,1.3722,0
sendfile,1,linux-sysepoll,0,1,1,1,1,0,1,2,24745,12621,34030,32832,3202,50973,51050,31857,465,7572,6,34094,1,53680,1,1,0,1,303,1.3722,0
sendfile,1,linux-sysepoll,0,1,1,1,1,0,1,2,24745,12621,34030,9130,3202,55277,51050,31857,10429,7572,6,3765,1,53680,1,1,0,1,1443,1.3722,0
sendfile,1,poll,0,1,0,1,1,0,1,2,24745,12621,34030,9130,25907,24458,21142,16134,10429,11325,6,3765,1,53680,1,1,0,0,1443,1.3722,0
write,1,linux-sysepoll,0,1,0,1,1,0,1,0,15526,35870,34030,9130,2642,24458,21142,6575,10429,7572,6,3765,1,53680,1,1,1,0,1443,1.3722,0
write,0,linux-sysepoll,1,0,0,1,1,0,0,1,22134,11295,31420,4789,32056,29968,37785,39833,7895,6485,2,60158,1,39130,1,1,1,1,2476,1.54445,0
sendfile,1,linux-sysepoll,0,1,1,1,1,0,1,0,22134,5034,34030,9130,2642,24458,51339,34372,47745,7572,2,15771,1,59123,1,1,0,0,1060,1.588867,1
sendfile,1,linux-sysepoll,0,1,1,1,1,1,1,0,22134,5034,34030,64113,29904,29968,45750,36688,10429,7572,5,47716,1,60360,1,1,0,0,1060,1.588867,1
write,0,libev,1,1,1,1,1,0,0,2,18675,53403,41810,64113,23283,29968,45750,36688,10429,7572,5,47716,1,39130,1,1,0,0,1060,1.588867,1
write,0,libev,1,1,0,1,1,0,0,2,18675,10160,40867,41843,12628,14630,42225,55845,45763,33165,2,1011,1,39130,1,0,0,0,877,1.588867,1
writev,0,libev,0,1,0,0,1,0,2,2,37944,10160,40867,41843,6521,14630,42225,55845,45763,5325,2,1011,1,39130,1,1,0,0,877,1.588867,1
writev,0,libev,0,1,0,0,1,0,0,2,37944,10160,22149,3808,3647,47198,25627,55845,7895,6485,2,1011,1,39130,1,1,0,0,877,1.588867,1
writev,1,libev,1,0,0,0,1,1,0,2,31108,57462,41810,64113,23283,29968,35812,53668,47745,7572,2,15771,1,59567,0,1,0,0,2068,1.588867,1
writev,1,libev,1,1,0,0,1,0,2,2,26789,53403,41810,64113,23283,29968,45750,36688,10429,7572,5,47716,1,39130,1,1,0,0,1060,1.450033,0
writev,1,libev,1,1,1,0,1,0,2,2,26789,53403,41810,64113,23283,52449,45750,36688,10429,7572,5,8301,1,39130,1,1,0,0,877,1.450033,0
write,0,linux-sysepoll,1,0,0,1,1,0,0,1,22134,11295,31420,4789,32056,29968,37785,39833,7895,6485,2,60158,1,25755,1,1,1,1,2476,1.450033,0
write,0,linux-sysepoll,1,0,0,1,1,0,0,1,22134,11295,31420,4789,32056,29968,37785,39833,7895,6485,2,60158,0,39130,1,1,1,1,875,1.450033,0
write,0,linux-sysepoll,1,0,0,1,1,0,0,1,22134,11295,31420,30368,32056,29968,37785,25552,7895,6485,2,60158,1,39130,1,1,1,1,2476,1.450033,0
write,0,poll,1,0,0,1,1,0,0,1,22134,40024,31420,4789,32056,29968,37785,39833,35575,6485,2,60158,1,39130,1,1,1,1,875,1.450033,0
write,0,libev,0,1,0,1,1,0,0,2,18675,10160,40867,41843,12628,14630,42225,55845,45763,38968,2,1011,1,64698,0,0,0,0,928,1.450033,0
sendfile,1,linux-sysepoll,0,1,0,1,1,1,1,0,22134,5034,3677,64113,19283,51118,45750,36688,10429,7572,5,47716,1,60360,1,1,0,0,1060,1.450033,0
sendfile,1,linux-sysepoll,0,0,1,0,1,0,1,1,37597,51435,31420,6404,32056,29968,55899,48853,47745,7572,2,1011,1,39130,0,1,0,1,958,1.477783,0
sendfile,1,libev,1,1,1,1,1,0,1,1,37597,51435,31420,4789,32056,29968,55899,48853,47745,7572,2,1011,1,39130,1,1,0,1,1943,1.477783,0
sendfile,1,libev,1,1,1,1,1,0,1,1,50667,59461,31420,4789,32056,29968,55899,48853,47745,7572,2,1011,1,39130,1,1,0,1,1943,1.477783,0
sendfile,1,libev,1,1,1,1,1,0,1,1,50667,59461,31420,4789,32056,37152,55899,48853,47745,7572,2,1011,1,22525,1,1,0,1,1943,1.477783,0
sendfile,1,libev,1,1,1,1,1,0,1,1,37597,51435,31420,6404,32056,29968,55899,48853,47745,7572,2,1011,1,39130,0,1,0,1,958,1.477783,0
sendfile,1,libev,1,1,1,1,0,0,1,1,22134,31100,31420,4789,32056,29968,55899,48853,47745,7572,2,1011,1,39130,1,1,0,1,1943,1.477783,0
sendfile,1,poll,1,0,0,0,1,0,1,1,37597,51435,31420,9821,19958,32651,55899,48853,37210,7572,11,1011,1,39130,1,0,0,1,1060,1.349967,0
sendfile,1,libev,1,1,1,1,1,0,1,1,37597,51435,31420,6404,32056,29968,55899,48853,47745,39885,2,1011,1,39130,0,1,0,1,1943,1.349967,0
sendfile,1,poll,1,0,0,0,1,0,1,1,37597,51435,31420,9821,19958,29968,55899,48853,47745,7572,11,1011,1,39130,0,0,0,1,958,1.349967,0
