write,0,select,1,0.1,1.1,0.2,1.2,1.3,0.3,2,2674,27906,20834,36784,18392,24891,55070,35593,9450,8624,9,14473,1.4,36179,0.4,0.5,1.5,0.6,1.6,workload
sendfile,0,poll,1,0,1,0,1,1,0,2,1408,18382,51470,34080,13063,26580,10300,35719,22108,60007,5,34534,1,14718,0,0,1,0,285,data_12threads_100connections_10s_True
writev,1,select,0,0,0,0,1,1,2,0,10583,4182,2709,56771,17783,63770,46270,21089,19133,17480,2,26163,1,40108,1,1,1,1,47,data_12threads_100connections_10s_True
sendfile,0,libev,0,0,0,1,1,1,1,2,20948,12061,5286,32364,21653,58290,20273,9979,24270,17480,2,26163,1,40108,1,1,1,1,47,data_12threads_100connections_10s_True
sendfile,0,libev,0,0,0,1,1,1,1,2,20948,12061,5286,32364,21653,58290,20273,9979,24270,17480,2,26163,1,40108,1,0,0,1,212,data_12threads_100connections_10s_True
writev,1,select,0,0,0,0,1,1,2,0,10583,4182,2709,36070,17783,63770,46270,21089,19133,20665,15,1438,1,18160,0,1,1,0,1473,data_12threads_100connections_10s_True
writev,1,select,0,0,0,0,1,1,2,0,10583,4182,2709,36070,17783,63770,46270,21089,19133,20665,15,1438,1,18160,0,1,1,0,552,data_12threads_100connections_10s_True
writev,1,select,0,1,0,0,1,0,2,2,33750,5119,10614,13967,6983,56866,54667,23499,10979,20816,4,25643,1,27107,1,1,0,0,2421,data_12threads_100connections_10s_True
write,0,select,0,0,1,0,1,0,1,0,19567,53481,30145,52219,13063,13974,10300,35719,22108,60007,5,52325,1,14718,0,1,1,0,2160,data_12threads_100connections_10s_True
writev,1,linux-sysepoll,1,0,0,0,1,1,2,0,10583,4182,2709,36070,25505,63770,46270,21089,19133,20665,15,1438,1,42199,0,0,1,0,1473,data_12threads_100connections_10s_True
sendfile,0,libev,0,0,0,1,1,1,1,2,20948,12061,5286,32364,21653,58290,20273,9979,24270,17480,2,26163,1,40108,0,1,1,1,547,data_12threads_100connections_10s_True
sendfile,1,select,1,1,0,0,1,0,2,2,33750,5119,10614,13967,9801,56866,54667,23499,10979,20816,0,25643,1,27107,1,1,0,0,2421,data_12threads_100connections_10s_True
writev,1,linux-sysepoll,1,0,0,0,1,1,2,2,33750,5119,10614,13967,6983,56866,54667,19972,10979,20816,4,25643,1,40807,1,1,0,0,1815,data_12threads_100connections_10s_True
writev,1,poll,1,1,0,0,1,1,2,0,10583,18119,2709,36070,27844,63770,46270,21089,19133,20665,15,1438,1,18160,0,0,1,0,552,data_12threads_100connections_10s_True
sendfile,0,poll,0,0,1,0,1,1,0,2,57023,59148,34237,46854,23427,32763,8175,49101,57499,12691,12,20934,1,54763,1,0,0,0,2160,data_12threads_100connections_10s_True
sendfile,0,poll,0,0,1,1,1,1,0,2,57023,14035,46707,46854,23427,32763,46270,35272,19133,20665,7,1438,1,22058,0,1,1,0,1473,data_12threads_100connections_10s_True
sendfile,0,libev,0,0,0,1,1,1,1,2,20948,12061,5286,32364,21653,34185,20273,17150,24270,20665,16,1438,1,18160,0,1,1,0,1473,data_12threads_100connections_10s_True
sendfile,0,libev,1,0,0,1,1,1,1,2,20948,12061,5286,32364,21653,58290,20273,9979,24270,17480,2,26163,1,22058,0,1,1,0,1473,data_12threads_100connections_10s_True
sendfile,0,libev,0,0,0,0,1,1,1,2,20948,12061,8648,45667,20921,46190,5558,54755,65001,62422,13,37417,1,1732,0,0,0,1,797,data_12threads_100connections_10s_True
sendfile,0,poll,0,0,1,0,1,1,0,2,57023,59148,34237,46854,23427,32763,8175,49101,41874,12691,12,20934,1,54763,1,0,0,1,285,data_12threads_100connections_10s_True
write,0,poll,0,0,1,0,1,1,1,2,45411,59148,35967,46854,23427,32763,8175,49101,57499,12691,12,20934,1,54763,0,0,1,0,552,data_12threads_100connections_10s_True
writev,1,select,0,0,0,0,1,1,2,0,10583,4182,2709,56771,17783,63770,46270,21089,19133,17480,2,26163,1,40108,1,1,1,1,47,data_8threads_100connections_60s_True
sendfile,0,libev,0,1,1,1,1,0,2,2,24742,19447,23749,16320,8160,13722,59955,21583,60508,29417,7,26507,1,63597,0,1,1,1,663,data_8threads_100connections_60s_True
sendfile,0,libev,0,1,1,1,1,0,2,2,24742,19447,23749,16320,8160,13974,10300,35719,22108,60007,8,52325,1,14718,0,1,1,1,2160,data_8threads_100connections_60s_True
sendfile,1,libev,0,1,1,1,1,0,2,2,24742,19447,3677,16320,8160,13722,59955,21583,60508,49943,7,26507,1,63597,0,1,1,1,1310,data_8threads_100connections_60s_True
sendfile,1,libev,0,1,1,1,1,0,2,2,28762,12061,5286,32364,21653,58290,20273,9979,24270,20455,2,26163,1,40108,1,1,1,1,47,data_8threads_100connections_60s_True
sendfile,0,libev,0,1,0,1,0,0,2,2,24742,19447,35967,16320,8160,13722,59955,21583,60508,49943,7,26507,1,10679,0,1,1,1,1310,data_8threads_100connections_60s_True
writev,1,libev,0,1,1,1,1,0,2,2,24742,19447,23749,16320,8160,13722,59955,21583,60508,29417,7,26507,1,63597,0,1,1,1,663,data_8threads_100connections_60s_True
sendfile,1,libev,0,1,1,1,1,0,2,1,24742,19447,3677,16320,8160,13722,59955,21583,60508,49943,7,26507,1,63597,0,1,1,1,1191,data_8threads_100connections_60s_True
sendfile,0,libev,0,1,1,0,1,0,2,2,18539,19447,23749,16320,5466,13722,59955,10644,60508,29417,7,26507,1,63597,0,1,1,0,2160,data_8threads_100connections_60s_True
sendfile,0,libev,0,1,1,1,1,0,2,2,24742,19447,23749,16320,8160,13722,59955,21583,19569,29417,7,26507,1,63597,0,1,1,1,899,data_8threads_100connections_60s_True
sendfile,0,libev,0,1,1,1,1,0,2,2,18539,19447,23749,1502,18035,22348,19756,9979,48784,53528,14,26163,1,59550,0,0,0,1,212,data_8threads_100connections_60s_True
sendfile,0,libev,0,0,0,1,1,0,2,2,18539,37119,23749,16320,16654,13722,59955,10644,60508,29417,7,26507,1,63597,0,0,0,1,2160,data_8threads_100connections_60s_True
sendfile,0,libev,0,1,1,0,1,0,2,2,18539,23024,23749,16320,5466,13722,42799,10644,60508,29417,7,26507,1,63597,0,1,1,0,47,data_8threads_100connections_60s_True
sendfile,0,libev,0,1,0,1,1,0,2,1,24742,19447,23749,16320,19798,13722,59955,21583,60508,29417,7,26507,0,10620,0,1,1,1,2160,data_8threads_100connections_60s_True
sendfile,0,libev,0,1,1,0,1,0,2,2,18539,19447,23749,16320,5466,13722,59955,10644,60508,29417,7,26507,1,212,1,1,1,1,724,data_8threads_100connections_60s_True
sendfile,0,libev,0,1,0,0,1,0,2,2,24742,19447,3677,16320,8160,13722,59955,21583,60508,49943,7,26507,1,63597,1,1,1,0,47,data_8threads_100connections_60s_True
sendfile,1,libev,0,1,1,1,1,0,2,1,24742,19447,3677,16320,8160,13722,59955,21583,60508,49943,7,26507,0,63597,0,1,1,1,1191,data_8threads_100connections_60s_True
sendfile,1,libev,0,1,1,1,1,0,2,2,24742,19447,3677,49622,8160,37645,59955,21583,60508,49943,13,26507,1,63597,0,1,1,1,1310,data_8threads_100connections_60s_True
sendfile,0,libev,0,0,1,1,1,0,2,2,24742,19447,35967,16320,8160,13722,59955,21583,60508,49943,7,26507,1,10679,0,1,0,1,1310,data_8threads_100connections_60s_True
sendfile,1,libev,0,1,1,1,1,1,2,1,64251,19447,23749,21088,5466,13722,59955,10644,60508,29417,7,26507,1,63597,0,1,0,0,899,data_8threads_100connections_60s_True
sendfile,0,libev,0,0,1,0,1,0,1,0,19567,53481,7856,52219,13063,13974,10300,35719,22108,60007,5,26113,1,53478,0,0,1,1,547,data_12threads_300connections_60s_False
sendfile,0,libev,0,0,0,0,1,0,1,0,19567,53481,30145,52219,13063,13974,10300,35719,22108,60007,5,26113,1,14718,0,0,1,0,212,data_12threads_300connections_60s_False
sendfile,0,libev,0,0,0,1,1,1,1,2,20948,12061,5286,32364,21653,58290,20273,9979,24270,17480,2,26163,1,40108,1,0,0,1,212,data_12threads_300connections_60s_False
sendfile,0,libev,0,0,0,1,1,1,1,2,20948,12061,5286,32364,21653,58290,20273,9979,24270,17480,2,26163,1,40108,1,1,1,1,47,data_12threads_300connections_60s_False
sendfile,0,libev,0,0,0,1,1,1,1,2,60549,12061,5286,32364,11292,58290,20273,9979,24270,17480,2,26163,1,40108,1,1,1,1,47,data_12threads_300connections_60s_False
sendfile,0,libev,0,0,0,1,1,1,1,2,60549,12061,5286,32364,11292,58290,20273,9979,24270,17480,2,27775,1,40108,0,1,0,1,212,data_12threads_300connections_60s_False
writev,0,linux-sysepoll,1,0,1,0,1,1,0,2,1408,18382,51470,34080,13063,26580,10300,35719,22108,49202,5,29614,1,14718,0,1,1,0,285,data_12threads_300connections_60s_False
write,0,select,0,0,1,0,1,0,1,0,26177,53481,30145,52219,13063,13974,10300,35719,31110,16996,2,26163,1,40108,1,0,0,0,2160,data_12threads_300connections_60s_False
write,0,select,0,0,1,0,1,0,1,0,19567,53481,30145,52219,13063,13974,10300,35719,22108,60007,5,52325,1,14718,0,1,1,0,2160,data_12threads_300connections_60s_False
write,0,select,0,0,1,0,1,0,1,0,19567,53481,30145,52219,13063,13974,10300,35719,22108,60007,5,26113,1,14718,0,0,1,0,212,data_12threads_300connections_60s_False
sendfile,0,libev,0,0,1,0,1,0,1,0,19567,53481,30145,52219,13063,13974,10300,35719,22108,60007,5,26113,1,14718,0,0,1,0,212,data_12threads_300connections_60s_False
write,0,select,0,0,1,0,1,0,1,0,19567,53481,15044,52219,13063,13974,10300,35719,22108,60007,5,26113,1,14718,1,0,1,0,212,data_12threads_300connections_60s_False
sendfile,0,select,0,0,1,0,1,0,1,0,19567,53481,30145,52219,13063,13974,10300,35719,22108,55378,5,26113,1,14718,0,0,1,0,212,data_12threads_300connections_60s_False
sendfile,1,libev,0,0,0,1,1,1,1,2,60549,12061,5286,32364,11292,58290,20273,9979,24270,17480,2,26163,1,40108,0,0,1,1,47,data_12threads_300connections_60s_False
writev,0,libev,0,0,0,0,1,0,0,1,59068,59870,25164,28328,14164,33467,40799,41062,59284,23575,14,35757,1,54890,1,1,0,0,986,data_12threads_300connections_60s_False
writev,0,libev,0,0,1,0,1,0,2,1,59068,59870,25164,28328,14164,33467,40799,8534,59284,26355,14,25643,1,27107,1,1,0,0,2421,data_12threads_300connections_60s_False
writev,0,libev,0,0,1,0,1,0,0,1,59068,57493,25164,28328,14164,33467,40799,41062,59284,26355,14,25643,1,27107,1,1,0,1,2421,data_12threads_300connections_60s_False
writev,0,libev,0,0,1,0,1,0,0,1,59068,59870,25164,28328,14164,33467,40799,8534,59284,23575,14,35757,1,54890,1,1,1,0,986,data_12threads_300connections_60s_False
writev,0,libev,0,0,1,1,1,0,1,1,59068,59870,13759,28328,14164,33467,40799,8534,59284,26355,14,14883,1,27107,0,1,0,1,47,data_12threads_300connections_60s_False
sendfile,0,libev,0,0,0,1,1,1,0,2,60549,12061,25164,28328,14164,33467,40799,41062,59284,26355,14,25643,1,38096,1,1,0,1,2421,data_12threads_300connections_60s_False
write,0,select,0,0,1,0,1,0,1,0,19567,53481,30145,52219,13063,13974,10300,35719,22108,60007,5,52325,1,14718,0,1,1,0,2160,data_12threads_100connections_10s_False
write,0,select,0,0,1,0,1,0,1,0,19567,53481,30145,52219,13063,13974,10300,35719,22108,60007,5,26113,1,14718,0,0,1,0,212,data_12threads_100connections_10s_False
write,0,select,0,0,1,0,1,0,1,0,19567,53481,30145,52219,13063,13974,10300,35719,22108,42816,5,26113,1,14718,0,0,1,0,212,data_12threads_100connections_10s_False
write,0,select,0,0,1,0,1,0,1,0,19567,53481,30145,52219,13063,13974,10300,35719,22108,60007,5,52325,1,14718,0,0,1,0,212,data_12threads_100connections_10s_False
write,0,select,0,0,1,0,1,0,1,0,19567,53481,30145,28303,13063,13974,10300,35719,22108,60007,8,52325,1,14718,0,1,1,0,2160,data_12threads_100connections_10s_False
write,0,select,0,0,1,0,1,0,2,0,19567,53481,38836,52219,13063,13974,10300,35719,22108,60007,5,26113,1,14718,0,0,1,0,212,data_12threads_100connections_10s_False
write,0,poll,0,0,1,0,1,0,1,0,19567,53481,30145,52219,13063,13974,10300,35719,22108,42816,5,26113,1,14718,0,1,1,0,2160,data_12threads_100connections_10s_False
sendfile,0,libev,0,0,0,1,1,0,1,2,60549,12061,5286,32364,23735,13974,10300,35719,22108,60007,5,52325,1,14718,0,1,1,0,2160,data_12threads_100connections_10s_False
write,1,libev,0,0,0,1,1,1,1,2,60549,12061,54184,52219,6493,13974,10300,35719,22108,28870,2,52325,1,6398,0,1,1,0,2160,data_12threads_100connections_10s_False
sendfile,0,libev,0,0,0,1,1,1,1,2,20948,12061,5286,32364,21653,58290,20273,9979,24270,17480,2,26163,1,40108,1,1,1,1,47,data_12threads_100connections_10s_False
sendfile,0,libev,0,0,0,1,1,1,1,2,20948,12061,5286,32364,21653,58290,20273,9979,24270,17480,2,26163,1,40108,1,0,0,1,212,data_12threads_100connections_10s_False
sendfile,0,libev,0,0,0,1,1,1,1,2,60549,12061,5286,32364,11292,58290,20273,9979,24270,17480,2,26163,1,40108,1,1,1,1,47,data_12threads_100connections_10s_False
sendfile,0,libev,0,0,0,1,1,1,1,2,60549,12061,5286,32364,11292,58290,20273,9979,24270,17480,2,27775,1,40108,0,1,0,1,212,data_12threads_100connections_10s_False
sendfile,0,libev,0,0,0,0,1,0,1,0,19567,53481,54184,52219,13063,13974,10300,35719,22108,28870,2,52325,1,6398,0,1,1,0,2160,data_12threads_100connections_10s_False
sendfile,1,libev,0,0,0,1,1,1,1,2,60549,12061,5286,32364,11292,58290,20273,9979,24270,17480,2,26163,1,40108,1,1,1,1,47,data_12threads_100connections_10s_False
sendfile,0,libev,0,0,0,0,1,1,1,2,20948,12061,5286,32364,21653,58290,20273,9979,24270,17480,8,52325,1,14718,0,1,0,0,2160,data_12threads_100connections_10s_False
sendfile,0,libev,0,0,0,1,1,1,1,2,60549,12061,5286,32364,31844,58290,20273,9979,24270,53760,8,52325,1,14718,0,1,0,1,2160,data_12threads_100connections_10s_False
sendfile,1,libev,1,1,1,0,1,1,2,2,24742,19447,23749,10733,8160,13974,10300,35719,22108,60007,8,52325,1,14718,0,1,1,0,2160,data_12threads_100connections_10s_False
sendfile,0,libev,0,1,0,1,1,1,1,2,20948,12061,5286,32364,21653,58290,20273,9979,24270,33824,2,26163,1,36001,1,1,1,1,47,data_12threads_100connections_10s_False
sendfile,0,libev,0,0,0,0,1,0,1,0,19567,53481,30145,52219,13063,13974,10300,35719,22108,60007,5,26113,1,14718,0,0,1,0,212,data_12threads_100connections_10s_False
sendfile,0,libev,0,1,0,1,1,1,1,2,20948,12061,5286,32364,21653,58290,20273,9979,24270,17480,2,26163,1,40108,1,1,1,1,899,data_8threads_100connections_10s_False
sendfile,0,select,0,0,0,1,1,1,1,2,20948,12061,5286,32364,21653,38468,20273,9979,24270,35221,2,26163,1,40108,1,1,1,1,899,data_8threads_100connections_10s_False
sendfile,0,libev,0,0,0,0,1,0,1,0,19567,53481,30145,52219,13063,13974,10300,35719,22108,60007,5,26113,1,14718,0,0,1,0,212,data_8threads_100connections_10s_False
sendfile,0,libev,0,0,0,0,1,0,1,0,19567,53481,30145,52219,13063,13974,10300,35719,22108,60007,5,26113,1,14718,0,0,1,0,47,data_8threads_100connections_10s_False
writev,0,select,0,0,1,0,1,0,1,1,19567,53481,30145,52219,13063,3356,10300,35719,22108,60007,5,52325,1,14718,0,0,1,0,212,data_8threads_100connections_10s_False
sendfile,0,select,0,0,0,0,1,0,1,0,19567,53481,30145,52219,13063,13974,10300,35719,22108,60007,5,26113,1,14718,0,0,1,0,212,data_8threads_100connections_10s_False
sendfile,1,libev,0,0,1,0,1,0,1,0,19567,53481,7856,52219,13063,13974,10300,35719,22108,42816,5,27530,1,14718,1,0,0,0,212,data_8threads_100connections_10s_False
sendfile,1,select,0,0,0,1,1,1,2,2,60549,12061,5286,32364,507,58290,20273,9979,63848,17480,2,26163,1,40108,1,1,1,1,212,data_8threads_100connections_10s_False
sendfile,0,libev,0,0,0,1,1,0,1,2,60549,12061,5286,32364,23735,13974,10300,35719,22108,60007,5,52325,1,14718,0,1,1,0,2160,data_8threads_100connections_10s_False
sendfile,0,libev,0,0,1,0,1,0,1,0,19567,53481,7856,52219,13063,13974,10300,35719,22108,60007,5,26113,1,53478,0,0,1,1,547,data_8threads_100connections_10s_False
sendfile,0,libev,0,0,1,0,1,0,1,0,19567,53481,7856,52219,13063,13974,10300,35719,22108,60007,5,26113,1,53478,0,0,1,1,739,data_8threads_100connections_10s_False
sendfile,0,libev,0,0,0,1,1,1,1,2,20948,12061,5286,32364,21653,58290,20273,9979,24270,17480,2,26163,1,40108,1,1,1,1,47,data_8threads_100connections_10s_False
sendfile,0,libev,0,0,0,1,1,1,1,2,20948,12061,5286,32364,21653,58290,20273,9979,24270,17480,2,26163,1,40108,1,0,0,1,212,data_8threads_100connections_10s_False
sendfile,0,libev,0,0,0,1,1,1,1,2,60549,12061,5286,32364,11292,58290,20273,9979,24270,17480,2,27775,1,40108,0,1,0,1,212,data_8threads_100connections_10s_False
sendfile,0,libev,0,0,0,1,1,1,1,2,60549,12061,5286,32364,11292,58290,20273,9979,24270,17480,2,26163,1,40108,1,1,1,1,47,data_8threads_100connections_10s_False
sendfile,0,libev,0,0,0,1,1,1,1,0,23871,36374,5286,51249,21653,58290,20273,9979,24270,17480,2,39127,1,40108,1,1,1,1,47,data_8threads_100connections_10s_False
sendfile,0,libev,0,0,0,1,1,0,1,0,19567,53481,7856,52219,13063,13974,20273,9979,24270,17480,2,27775,1,40108,0,1,0,1,212,data_8threads_100connections_10s_False
sendfile,1,libev,0,1,1,1,1,0,2,1,24742,19447,3677,16320,8160,13722,59955,21583,60508,49943,7,26507,1,63597,0,1,1,1,1191,data_8threads_100connections_10s_False
sendfile,0,libev,0,1,1,1,1,0,2,2,24742,19447,23749,16320,8160,13722,59955,21583,19569,29417,7,26507,1,63597,0,1,1,1,899,data_8threads_100connections_10s_False
sendfile,1,libev,0,0,1,1,1,0,2,1,24742,19447,3677,16320,8160,13722,59955,21583,60508,17480,2,26163,1,40108,1,1,1,0,47,data_8threads_100connections_10s_False
write,0,linux-sysepoll,0,1,0,1,1,1,1,2,20948,12061,5286,47308,21653,38468,377,9979,24270,35221,2,26163,1,40108,0,1,1,1,899,data_4threads_100connections_60s_True
sendfile,0,libev,0,0,1,0,1,0,1,0,4970,53481,30145,52219,13063,62158,51556,35719,22108,60007,5,52325,1,14718,0,1,1,0,2160,data_4threads_100connections_60s_True
sendfile,0,libev,1,0,1,0,1,0,1,0,16490,53481,7856,52219,13063,61371,10300,35719,22108,60007,1,26113,1,53478,1,0,1,0,2061,data_4threads_100connections_60s_True
sendfile,0,libev,0,0,0,1,1,1,1,2,20948,12061,5286,32364,21653,58290,20273,9979,24270,17480,2,26163,1,40108,1,1,1,1,47,data_4threads_100connections_60s_True
sendfile,0,libev,0,0,0,1,1,1,1,2,20948,12061,5286,32364,21653,58290,20273,9979,24270,17480,2,26163,1,40108,1,0,0,1,212,data_4threads_100connections_60s_True
sendfile,0,select,0,0,0,1,1,1,1,2,20948,12061,5286,32364,21653,15268,20273,9979,24270,17480,2,26163,1,52721,1,1,1,1,47,data_4threads_100connections_60s_True
sendfile,0,libev,0,0,0,1,1,1,1,2,20948,14397,5286,32364,15226,58290,20273,9979,24270,17480,2,20396,1,40108,1,0,0,1,212,data_4threads_100connections_60s_True
sendfile,0,libev,0,0,1,0,1,0,1,0,19567,53481,7856,52219,13063,13974,10300,35719,22108,60007,5,26113,1,53478,0,0,1,1,547,data_4threads_100connections_60s_True
sendfile,0,libev,0,0,0,1,1,0,1,2,60549,12061,5286,32364,23735,13974,10300,35719,22108,60007,5,52325,1,14718,0,1,1,0,2160,data_4threads_100connections_60s_True
write,0,select,0,0,1,0,1,0,1,0,19567,53481,30145,52219,13063,13974,10300,35719,22108,60007,5,52325,1,14718,0,1,1,0,2160,data_4threads_100connections_60s_True
write,0,select,0,0,1,0,1,0,1,0,19567,53481,30145,52219,13063,13974,10300,35719,22108,60007,5,26113,1,14718,0,0,1,0,212,data_4threads_100connections_60s_True
write,0,poll,0,0,1,0,1,0,1,0,19567,53481,30145,52219,13063,13974,10300,35719,22108,42816,5,26113,1,14718,0,1,1,0,2160,data_4threads_100connections_60s_True
write,0,select,0,0,1,0,1,0,1,0,19567,53481,30145,52219,13063,13974,10300,35719,22108,42816,5,26113,1,14718,0,0,1,0,212,data_4threads_100connections_60s_True
write,0,select,0,0,1,0,1,0,1,0,19567,53481,30145,52219,13063,13974,10300,35719,22108,60007,5,52325,1,14718,0,0,1,0,212,data_4threads_100connections_60s_True
write,0,select,0,0,1,0,1,0,1,0,19567,53481,30145,28303,13063,13974,10300,35719,22108,60007,8,52325,1,14718,0,1,1,0,2160,data_4threads_100connections_60s_True
write,0,select,0,0,1,0,1,0,2,0,19567,53481,38836,52219,13063,13974,10300,35719,22108,60007,5,26113,1,14718,0,0,1,0,212,data_4threads_100connections_60s_True
write,0,select,0,1,1,0,1,0,2,0,19567,53481,30145,52219,13063,13974,10300,35719,22108,57374,5,26113,1,14718,0,0,1,0,362,data_4threads_100connections_60s_True
write,0,linux-sysepoll,1,0,1,0,1,0,1,0,19567,53481,38836,52219,13063,13974,10300,35719,22108,60007,5,26113,1,14718,0,0,1,0,212,data_4threads_100connections_60s_True
write,0,select,0,0,1,0,1,0,1,0,4970,53481,30145,52219,13063,13974,51556,35719,22108,60007,5,52325,1,14718,0,1,1,0,2160,data_4threads_100connections_60s_True
write,0,select,0,0,1,0,1,0,1,0,19567,53481,30145,52219,13063,13974,10300,35719,22108,60007,5,52325,1,43584,0,1,1,0,2160,data_4threads_100connections_60s_True
sendfile,0,libev,0,0,0,1,1,0,1,2,60549,12061,5286,32364,23735,13974,10300,35719,22108,60007,5,52325,1,14718,0,1,1,0,2160,data_12threads_300connections_120s_False
sendfile,0,libev,0,0,0,1,1,0,1,2,60549,53481,30145,52219,6841,13974,10300,35719,29366,60007,5,52325,1,14718,0,1,1,0,2160,data_12threads_300connections_120s_False
write,0,select,0,0,1,0,1,0,1,0,19567,53481,30145,52219,13063,13974,10300,35719,22108,60007,5,52325,1,14718,0,1,1,0,2160,data_12threads_300connections_120s_False
write,0,select,0,0,1,0,1,0,1,0,19567,53481,30145,52219,13063,13974,10300,35719,22108,60007,5,26113,1,14718,0,0,1,0,212,data_12threads_300connections_120s_False
write,0,select,0,0,1,0,1,1,1,0,19567,53481,30145,52219,13063,43411,10300,35719,22108,60007,5,26113,1,14718,0,0,1,0,212,data_12threads_300connections_120s_False
write,0,select,0,0,1,0,1,0,1,0,19567,42593,30145,52219,13063,15232,10300,10644,22108,60007,5,26113,1,53478,0,0,1,1,547,data_12threads_300connections_120s_False
sendfile,0,libev,0,1,0,1,1,1,1,2,20948,12061,5286,32364,21653,58290,20273,9979,24270,17480,2,26163,1,40108,1,1,1,1,899,data_12threads_300connections_120s_False
sendfile,0,libev,0,1,0,1,1,1,1,1,20948,12061,5286,12697,21653,58290,20273,9979,24270,17480,2,26163,1,40108,1,1,1,1,899,data_12threads_300connections_120s_False
sendfile,0,libev,0,1,0,1,1,1,1,2,20948,12061,5286,32364,21653,58290,20273,63664,24270,17480,2,26163,1,54014,1,1,1,1,899,data_12threads_300connections_120s_False
write,0,linux-sysepoll,0,1,0,1,1,1,1,2,20948,12061,5286,47308,21653,38468,377,9979,24270,35221,2,26163,1,40108,0,1,1,1,899,data_12threads_300connections_120s_False
sendfile,0,libev,0,0,0,0,1,0,0,0,19567,12061,5286,32364,21870,58290,20273,9979,24270,17480,2,26163,1,40108,1,1,1,1,899,data_12threads_300connections_120s_False
sendfile,0,libev,0,1,0,0,1,1,1,2,20948,22177,5286,32364,21653,58290,20273,24593,24270,17480,2,52325,1,14718,0,1,1,0,2160,data_12threads_300connections_120s_False
sendfile,0,libev,0,1,0,1,1,1,1,2,20948,12061,5286,32364,21653,58290,20273,9979,24270,17480,2,26163,1,40108,1,1,0,1,899,data_12threads_300connections_120s_False
sendfile,0,libev,0,0,1,0,1,0,1,0,19567,53481,7856,52219,13063,13974,10300,35719,22108,60007,5,26113,1,53478,0,0,1,1,547,data_12threads_300connections_120s_False
sendfile,0,libev,0,0,0,0,1,0,0,0,19567,53481,7856,52219,13063,13974,10300,35719,22108,60007,5,26113,1,53478,0,0,1,1,547,data_12threads_300connections_120s_False
sendfile,0,libev,0,0,0,0,1,0,1,0,19567,12061,5286,32364,22550,58290,20273,9979,24270,17480,2,26163,1,40108,1,0,1,1,899,data_12threads_300connections_120s_False
write,0,linux-sysepoll,0,0,0,1,0,0,1,2,60549,53481,30145,52219,13063,62158,51556,35719,22108,9595,5,52325,1,14718,1,1,0,1,2160,data_12threads_300connections_120s_False
write,0,linux-sysepoll,0,1,0,1,1,0,1,2,20948,12061,5286,63990,21653,38468,377,9979,24270,35221,12,26163,1,40108,1,1,1,1,899,data_12threads_300connections_120s_False
write,0,linux-sysepoll,0,0,0,1,0,0,2,2,60549,53481,30145,52219,13063,62158,51556,10028,22108,9595,5,52325,1,14718,1,1,1,1,2160,data_12threads_300connections_120s_False
write,0,linux-sysepoll,0,0,0,1,0,0,1,2,60549,53481,30145,38255,13063,62158,51556,35719,22108,9595,10,52325,1,14718,1,1,0,1,2160,data_12threads_300connections_120s_False
sendfile,0,poll,0,0,1,0,1,0,0,1,19567,53481,20099,52219,13063,13974,10300,35719,22108,60007,5,26113,1,40108,1,1,1,0,212,data_4threads_10connections_30s_True
write,0,poll,0,0,1,0,1,0,1,0,19567,53481,7856,32364,507,36128,20273,9979,63848,17480,2,26163,1,40108,1,1,1,1,2242,data_4threads_10connections_30s_True
write,0,poll,0,0,1,0,1,0,1,0,19567,53481,7856,32364,507,36128,20273,9979,63848,17480,5,26163,1,40108,1,1,1,1,2296,data_4threads_10connections_30s_True
sendfile,0,libev,0,0,0,1,1,1,1,2,20948,12061,5286,32364,21653,58290,20273,14813,24270,17480,2,26163,1,40108,0,0,0,1,212,data_4threads_10connections_30s_True
sendfile,0,libev,0,0,1,0,1,0,1,0,19567,53481,7856,52219,13063,13974,10300,35719,22108,60007,5,26113,1,53478,0,0,1,1,547,data_4threads_10connections_30s_True
sendfile,0,libev,0,0,0,0,1,0,1,0,19567,53481,34059,52219,13063,13974,10300,62405,22108,17480,2,33028,1,40108,1,0,0,1,212,data_4threads_10connections_30s_True
sendfile,0,libev,0,0,0,0,1,0,1,0,19567,53481,34059,52219,2666,13974,20273,9979,24270,3581,2,26163,1,40108,1,0,1,1,212,data_4threads_10connections_30s_True
sendfile,1,select,0,0,0,1,1,1,2,2,60549,12061,5286,32364,507,58290,20273,9979,63848,17480,2,26163,1,40108,1,1,1,1,212,data_4threads_10connections_30s_True
sendfile,0,libev,0,0,0,1,1,1,1,2,20948,12061,5286,32364,21653,58290,20273,9979,24270,17480,2,26163,1,40108,1,1,1,1,47,data_4threads_10connections_30s_True
sendfile,0,libev,0,0,0,1,1,1,1,2,20948,12061,5286,32364,21653,58290,20273,9979,24270,17480,2,26163,1,40108,1,0,0,1,212,data_4threads_10connections_30s_True
sendfile,0,select,0,0,0,1,1,1,1,2,20948,12061,5286,32364,21653,15268,20273,9979,24270,17480,2,26163,1,52721,1,1,1,1,47,data_4threads_10connections_30s_True
sendfile,0,libev,0,0,0,1,1,1,1,2,20948,14397,5286,32364,15226,58290,20273,9979,24270,17480,2,20396,1,40108,1,0,0,1,212,data_4threads_10connections_30s_True
write,0,libev,0,0,0,0,1,1,1,2,20948,12061,22043,32364,8702,58290,20273,47587,63848,17480,2,26163,1,40108,1,1,1,1,212,data_4threads_10connections_30s_True
write,0,select,1,0,1,1,1,1,1,2,20948,12061,37236,32364,21653,15268,31660,9979,24270,23205,2,26163,1,52721,0,1,1,1,47,data_4threads_10connections_30s_True
write,0,linux-sysepoll,0,1,0,1,1,1,1,2,20948,12061,5286,47308,21653,38468,377,9979,24270,35221,2,26163,1,40108,0,1,1,1,899,data_4threads_10connections_30s_True
write,0,select,0,0,1,0,1,1,1,2,20948,12061,5286,32364,21653,15268,20273,9979,24270,23205,2,26163,1,52721,0,1,1,1,47,data_4threads_10connections_30s_True
sendfile,0,libev,0,0,0,1,1,1,1,2,20948,12061,5286,32364,21653,58290,20273,9979,24270,23205,2,51798,1,52721,0,1,1,1,47,data_4threads_10connections_30s_True
sendfile,0,libev,0,0,0,0,1,1,1,0,20948,12061,5286,32364,21653,58290,30637,9979,32848,17480,2,26163,1,40108,1,0,0,1,719,data_4threads_10connections_30s_True
sendfile,0,select,0,0,0,1,1,1,1,2,60549,46294,5286,32364,23735,13974,10300,35719,22108,60007,5,52325,1,14718,0,1,1,0,2160,data_4threads_10connections_30s_True
sendfile,0,libev,0,0,0,0,1,0,1,0,19567,53481,30145,52219,13063,13974,10300,35719,22108,60007,5,26113,1,14718,0,0,1,0,212,data_4threads_10connections_30s_True
sendfile,0,libev,0,0,0,1,1,0,1,1,60549,64662,5286,32364,13063,15506,10300,35719,22108,60007,5,26113,1,40108,1,1,1,1,212,data_8threads_100connections_30s_True
writev,0,select,0,0,1,0,1,0,1,1,19567,53481,30145,52219,13063,3356,10300,35719,22108,60007,5,52325,1,14718,0,0,1,0,212,data_8threads_100connections_30s_True
sendfile,0,select,0,0,0,0,1,0,1,0,19567,53481,30145,52219,13063,13974,10300,35719,22108,60007,5,26113,1,14718,0,0,1,0,212,data_8threads_100connections_30s_True
sendfile,0,select,0,0,0,0,1,0,1,0,19567,564,30145,32364,23735,13974,10300,35719,22108,60007,5,52325,1,58852,1,1,1,0,2160,data_8threads_100connections_30s_True
writev,0,libev,0,0,0,0,1,0,1,0,49634,1142,30145,52219,27081,13974,10300,30722,22108,60007,5,26113,1,14718,0,0,1,0,212,data_8threads_100connections_30s_True
writev,0,libev,1,0,0,0,1,0,1,0,19567,53481,30145,52219,13063,13974,10300,1119,22108,60007,5,56616,1,14718,0,0,0,1,212,data_8threads_100connections_30s_True
sendfile,0,libev,0,0,0,0,1,0,1,0,19567,53481,30145,52219,13063,13974,10300,35719,22108,60007,5,26113,1,14718,0,0,1,0,212,data_8threads_100connections_30s_True
sendfile,0,libev,0,0,0,0,1,0,1,0,19567,53481,30145,52219,13063,13974,10300,35719,22108,60007,5,26113,1,14718,0,0,1,0,47,data_8threads_100connections_30s_True
sendfile,0,libev,0,0,0,0,1,0,1,0,19567,53481,34059,52219,6753,13974,10300,62405,22108,17480,5,26113,1,14718,0,0,0,0,47,data_8threads_100connections_30s_True
writev,0,libev,0,0,0,0,1,0,1,0,19567,53481,30145,52219,13063,13974,10300,35719,22108,60007,1,26113,1,3121,0,0,0,0,212,data_8threads_100connections_30s_True
sendfile,0,libev,0,0,0,0,1,1,1,0,19567,53481,30145,52219,13063,13974,10300,35719,22108,60007,5,26113,1,14718,0,0,1,0,212,data_8threads_100connections_30s_True
sendfile,0,libev,0,0,0,0,1,0,1,0,49634,53481,30145,52219,13063,13974,10300,35719,22108,60007,5,26113,1,14718,0,0,1,0,212,data_8threads_100connections_30s_True
sendfile,0,libev,0,0,0,0,1,0,1,0,19567,53481,30145,52219,13063,13974,10300,35719,22108,60007,1,26113,1,3121,0,0,0,0,212,data_8threads_100connections_30s_True
sendfile,0,libev,0,0,0,0,1,1,1,0,19567,55402,34059,52219,13063,13974,10300,62405,22108,17480,2,33028,1,40108,1,0,0,1,212,data_8threads_100connections_30s_True
sendfile,0,libev,0,0,0,0,1,1,1,2,19567,53481,30145,52219,13063,13974,10300,35562,22108,17480,2,33028,1,40108,1,0,0,1,212,data_8threads_100connections_30s_True
sendfile,0,libev,0,0,0,1,1,0,1,2,20948,12061,5286,32364,21653,58290,20273,9979,24270,17480,2,26163,1,14718,0,1,1,0,2160,data_8threads_100connections_30s_True
sendfile,1,libev,0,0,0,0,1,1,1,0,19567,55402,62346,52219,13063,13974,10300,35562,22108,17480,2,33028,1,40108,1,0,0,1,212,data_8threads_100connections_30s_True
sendfile,0,poll,0,0,1,0,1,0,0,1,19567,53481,20099,52219,13063,13974,10300,35719,22108,60007,5,26113,1,40108,1,1,1,0,212,data_8threads_100connections_30s_True
writev,0,libev,0,0,0,0,1,0,1,0,19567,53481,30145,32364,23735,13974,10300,35719,22108,60007,5,52325,1,14718,1,1,1,0,2160,data_8threads_100connections_30s_True
write,0,libev,0,0,1,0,1,0,2,0,19567,53481,30145,52219,13063,13974,10300,27491,22108,60007,5,26113,1,40108,1,1,1,0,212,data_8threads_100connections_30s_True
sendfile,0,libev,0,0,1,1,1,0,1,2,59941,12061,5286,32364,21653,14803,20273,14813,24270,17480,2,26163,1,40108,1,0,1,1,212,data_8threads_10connections_30s_True
write,0,poll,0,0,1,0,1,0,1,0,19567,53481,7856,32364,507,36128,20273,9979,63848,17480,5,26163,1,40108,1,1,1,1,2296,data_8threads_10connections_30s_True
write,0,poll,0,0,1,0,1,0,1,0,19567,53481,7856,32364,507,36128,20273,9979,63848,17480,2,26163,1,40108,1,1,1,1,2242,data_8threads_10connections_30s_True
sendfile,0,libev,0,0,0,1,1,1,1,2,20948,12061,5286,32364,21653,58290,20273,14813,24270,17480,2,26163,1,40108,0,0,0,1,212,data_8threads_10connections_30s_True
sendfile,0,libev,0,0,1,1,1,1,1,2,20948,17561,5286,32364,21653,58290,20273,9979,24270,17480,2,26163,1,40108,1,0,0,1,334,data_8threads_10connections_30s_True
sendfile,0,libev,0,0,1,0,1,0,1,0,19567,53481,7856,52219,13063,13974,10300,35719,22108,60007,5,26113,1,53478,0,0,1,1,547,data_8threads_10connections_30s_True
sendfile,0,libev,0,0,0,0,1,0,1,0,19567,53481,34059,52219,13063,13974,10300,62405,22108,17480,2,33028,1,40108,1,0,0,1,212,data_8threads_10connections_30s_True
sendfile,0,libev,0,0,0,0,1,0,1,0,19567,53481,34059,52219,2666,13974,20273,9979,24270,3581,2,26163,1,40108,1,0,1,1,212,data_8threads_10connections_30s_True
write,0,libev,0,1,0,0,1,0,1,0,19567,53481,34059,52219,13063,13974,10300,62405,22108,17480,2,33028,1,40108,1,0,0,1,212,data_8threads_10connections_30s_True
sendfile,0,libev,0,0,0,0,1,0,1,0,19567,53481,30145,52219,13063,13974,10300,35719,22108,60007,5,34854,1,14718,0,0,1,1,47,data_8threads_10connections_30s_True
write,0,libev,0,1,0,0,1,0,1,0,19567,53481,34059,52219,13063,13974,10300,62405,22108,17480,2,33028,1,40108,1,0,0,1,2499,data_8threads_10connections_30s_True
sendfile,0,libev,0,0,0,0,1,0,1,0,19567,53481,34059,52219,16957,13974,10300,29850,22108,17480,2,33028,1,57043,1,0,1,1,212,data_8threads_10connections_30s_True
sendfile,0,libev,0,1,0,0,1,0,1,0,19567,4405,30493,43117,13063,13974,10300,35719,22108,57148,5,26113,1,14718,1,0,1,1,2499,data_8threads_10connections_30s_True
write,0,libev,1,0,0,0,1,0,1,0,19567,53481,34059,37660,13063,13974,10300,62405,22108,17480,2,33028,1,40108,1,1,1,1,2242,data_8threads_10connections_30s_True
sendfile,0,libev,0,0,1,0,1,0,1,0,22676,53481,7856,52219,13063,13974,10300,35719,22108,60007,5,26113,1,53478,0,0,1,1,547,data_8threads_10connections_30s_True
sendfile,0,libev,0,0,1,0,1,0,1,0,19567,8826,34059,39066,13063,13974,10300,62405,22108,17480,2,33028,1,40108,1,0,0,1,1516,data_8threads_10connections_30s_True
sendfile,0,libev,0,0,0,1,1,1,1,2,20948,12061,5286,32364,21653,58290,10300,35719,22108,60007,5,26113,1,53478,0,0,1,1,547,data_8threads_10connections_30s_True
sendfile,0,libev,0,0,0,0,1,1,1,0,19567,4405,30145,52219,13063,13974,10300,35719,22108,57148,5,26113,1,14718,0,0,1,1,2499,data_8threads_10connections_30s_True
sendfile,1,libev,0,0,0,1,1,1,1,2,20948,12061,5286,32364,21653,58290,20273,9979,24270,17480,2,26163,1,40108,1,0,0,1,212,data_8threads_10connections_30s_True
sendfile,0,libev,0,0,0,0,1,0,1,0,19567,53481,30145,52219,13063,13974,10300,35719,22108,60007,5,26113,1,14718,0,0,1,0,212,data_8threads_10connections_30s_True
sendfile,0,libev,0,0,0,1,1,0,1,2,19567,53481,30145,52219,13063,13974,10300,35719,22108,2447,5,52325,1,14718,0,1,1,0,864,data_4threads_100connections_30s_False
sendfile,0,select,0,1,0,1,1,1,1,2,63506,12061,60503,32364,21653,13974,10300,35719,24270,17480,2,26163,1,40108,1,0,0,0,212,data_4threads_100connections_30s_False
sendfile,0,libev,0,0,0,1,1,1,1,2,20948,12061,60503,32364,21653,13974,10300,35719,22108,60007,5,52325,1,14718,1,1,1,0,2160,data_4threads_100connections_30s_False
sendfile,0,libev,0,0,0,1,1,1,1,2,20948,12061,5286,32364,21653,58290,20273,9979,24270,17480,2,26163,1,40108,1,1,1,1,47,data_4threads_100connections_30s_False
sendfile,0,libev,0,0,0,1,1,1,1,2,20948,12061,5286,32364,21653,58290,20273,9979,24270,17480,2,26163,1,40108,1,0,0,1,212,data_4threads_100connections_30s_False
sendfile,0,libev,0,0,0,1,1,1,1,2,20948,12061,5286,32364,21653,58290,20273,9979,24270,17480,2,26163,1,58878,1,1,1,1,47,data_4threads_100connections_30s_False
sendfile,0,libev,0,0,0,1,1,1,1,2,20948,12061,5286,32364,21653,58290,20273,9979,12244,17480,2,32274,1,40108,1,1,1,1,47,data_4threads_100connections_30s_False
sendfile,0,libev,0,0,0,1,1,1,1,2,20948,12061,5286,32364,21653,58290,20273,9979,27642,17480,2,26163,1,40108,1,1,0,1,212,data_4threads_100connections_30s_False
sendfile,0,libev,0,0,0,1,1,1,1,1,20948,12061,5286,32364,21653,58290,20273,9979,24270,17480,2,26163,1,58878,1,1,1,1,47,data_4threads_100connections_30s_False
sendfile,0,libev,0,0,0,1,1,0,1,2,60549,12061,5286,32364,23735,13974,10300,35719,22108,60007,5,52325,1,14718,0,1,1,0,2160,data_4threads_100connections_30s_False
sendfile,0,libev,0,0,0,0,1,0,0,2,19567,53481,30145,52219,13063,13974,10300,35719,22108,41048,5,52325,1,14718,0,1,1,0,2160,data_4threads_100connections_30s_False
write,0,select,0,0,1,0,1,0,1,0,19567,53481,30145,52219,13063,13974,10300,35719,22108,60007,5,52325,1,14718,0,1,1,0,2160,data_4threads_100connections_30s_False
write,0,select,0,0,1,0,1,0,1,0,19567,53481,23749,52219,13063,13974,10300,35719,22108,60007,5,52325,1,14718,0,1,1,0,2154,data_4threads_100connections_30s_False
sendfile,0,select,0,0,1,0,1,0,0,0,19567,53481,30145,57865,13063,210,10081,9979,24270,17480,2,26163,1,40108,1,1,1,0,47,data_4threads_100connections_30s_False
sendfile,0,libev,0,0,1,0,1,0,1,0,19567,53481,7856,52219,13063,13974,10300,35719,22108,60007,5,26113,1,53478,0,0,1,1,547,data_4threads_100connections_30s_False
sendfile,0,libev,0,0,0,0,1,0,1,0,19567,53481,34059,52219,13063,13974,10300,62405,22108,17480,2,33028,1,40108,1,0,0,1,212,data_4threads_100connections_30s_False
sendfile,0,libev,0,0,0,0,1,0,1,0,19567,53481,34059,52219,2666,13974,20273,9979,24270,3581,2,26163,1,40108,1,0,1,1,212,data_4threads_100connections_30s_False
write,0,libev,0,1,0,0,1,0,1,0,19567,53481,34059,52219,13063,13974,10300,62405,22108,17480,2,33028,1,40108,1,0,0,1,212,data_4threads_100connections_30s_False
sendfile,0,libev,0,0,0,0,1,0,1,0,19567,53481,30145,52219,13063,13974,10300,35719,22108,60007,5,34854,1,14718,0,0,1,1,47,data_4threads_100connections_30s_False
write,0,libev,0,0,0,1,1,0,1,0,41676,53481,7856,29659,13063,13974,10300,35719,22108,60007,5,52325,1,14718,1,0,1,1,212,data_4threads_100connections_30s_False
sendfile,0,libev,0,0,0,1,1,0,1,2,60549,12061,5286,32364,23735,13974,10300,35719,22108,60007,5,52325,1,14718,0,1,1,0,2160,data_4threads_300connections_120s_True
sendfile,0,libev,0,0,0,1,1,0,1,2,19567,53481,30145,52219,13063,13974,10300,35719,22108,60007,5,34854,1,14718,0,1,1,1,2160,data_4threads_300connections_120s_True
sendfile,0,linux-sysepoll,0,0,0,0,1,0,1,0,19567,53481,30145,52219,13063,13974,10300,35719,22108,60007,5,26113,1,14718,0,1,1,0,2160,data_4threads_300connections_120s_True
sendfile,0,libev,0,1,0,1,1,0,1,0,19567,53481,30145,52219,13063,13974,10300,35719,41505,33357,5,52325,0,14718,0,1,1,0,2160,data_4threads_300connections_120s_True
write,0,select,0,0,1,0,1,0,1,0,19567,53481,30145,52219,13063,13974,10300,35719,22108,60007,5,52325,1,14718,0,1,1,0,2160,data_4threads_300connections_120s_True
write,0,linux-sysepoll,0,0,0,0,1,0,1,0,19567,53481,30145,52219,13063,13974,10300,35719,22108,60007,5,26113,1,46320,0,0,1,0,212,data_4threads_300connections_120s_True
write,0,select,0,0,1,0,1,0,1,0,19567,53481,30145,52219,13063,13974,10300,35719,22108,60007,5,33577,1,14718,0,0,1,1,47,data_4threads_300connections_120s_True
write,0,select,0,0,1,0,1,0,1,0,19567,53481,30145,52219,23567,13974,10300,35719,22108,37275,5,33577,1,14718,0,0,1,1,47,data_4threads_300connections_120s_True
sendfile,0,libev,0,0,1,1,1,0,2,2,20948,12061,5286,32364,21653,58290,20273,9979,26067,17480,2,26163,0,40108,0,1,1,1,47,data_4threads_300connections_120s_True
sendfile,0,libev,0,0,1,1,1,0,1,2,60549,12061,5286,32364,23735,13974,59362,35719,22108,27223,2,52325,1,14718,0,1,1,1,47,data_4threads_300connections_120s_True
sendfile,0,libev,0,0,1,1,1,0,2,2,20948,10157,5286,32364,21653,58290,20273,9979,26067,17480,1,26163,0,40108,0,1,1,1,47,data_4threads_300connections_120s_True
sendfile,0,libev,1,0,0,1,1,0,1,2,60549,12061,5286,32364,23735,13974,10300,35719,22108,27223,5,52325,1,14718,0,1,1,1,47,data_4threads_300connections_120s_True
write,0,libev,0,0,0,0,1,0,1,0,19567,53481,34059,52219,2666,13974,20273,9979,24270,3581,2,26163,1,40108,1,0,0,0,212,data_4threads_300connections_120s_True
sendfile,0,libev,0,0,1,0,1,1,2,2,20948,12061,5286,32364,21653,58290,20273,9979,35810,17480,7,52325,1,9795,0,0,1,0,2160,data_4threads_300connections_120s_True
sendfile,0,libev,0,1,0,1,1,0,1,2,60549,12061,5286,39868,23735,64561,10300,35719,22108,60007,5,52325,1,14718,1,1,1,0,2160,data_4threads_300connections_120s_True
write,0,select,1,0,1,0,1,0,1,0,19567,53481,30145,52219,13063,13974,10300,35719,22108,60007,5,52325,1,59250,0,1,1,0,47,data_4threads_300connections_120s_True
sendfile,0,libev,0,0,1,1,1,0,2,2,20948,12061,5286,32364,21653,58290,20273,9979,26067,17480,2,52325,1,14718,0,0,0,0,2160,data_4threads_300connections_120s_True
sendfile,0,libev,0,0,1,1,1,0,2,2,20948,12061,5286,32364,21653,58290,10300,35719,22108,60007,5,26113,1,46320,0,0,0,0,212,data_4threads_300connections_120s_True
sendfile,0,libev,0,0,0,0,1,0,1,0,19567,53481,30145,52219,13063,13974,10300,35719,22108,60007,5,26113,1,14718,0,0,1,0,212,data_4threads_300connections_120s_True
sendfile,0,libev,0,0,0,0,1,0,1,0,19567,53481,30145,52219,13063,13974,10300,35719,22108,60007,5,26113,1,14718,0,0,1,0,47,data_4threads_300connections_120s_True
sendfile,0,libev,0,1,0,1,1,0,1,0,19567,53481,30145,52219,13063,13974,10300,35719,41505,33357,5,52325,0,14718,0,1,1,0,2160,data_8threads_100connections_120s_False
write,0,select,0,0,1,0,1,0,1,0,19567,53481,30145,52219,13063,13974,10300,35719,22108,60007,5,52325,1,14718,0,1,1,0,2160,data_8threads_100connections_120s_False
write,0,select,0,0,1,0,1,0,1,0,19567,53481,30145,52219,23567,13974,10300,35719,22108,37275,5,33577,1,14718,0,0,1,1,47,data_8threads_100connections_120s_False
write,0,select,0,0,1,0,1,0,1,0,19567,53481,30145,52219,13063,13974,10300,35719,22108,60007,5,33577,1,14718,0,0,1,1,47,data_8threads_100connections_120s_False
write,0,linux-sysepoll,0,0,0,0,1,0,1,0,19567,53481,30145,52219,13063,13974,10300,35719,22108,60007,5,26113,1,46320,0,0,1,0,212,data_8threads_100connections_120s_False
write,0,select,0,0,1,0,1,0,1,0,19567,53481,30145,52219,13063,13974,10300,35719,22108,60007,5,26113,1,14718,0,1,1,1,2160,data_8threads_100connections_120s_False
write,0,select,0,0,1,0,1,0,1,0,63799,53481,30145,52219,13063,13974,10300,35719,22108,60007,5,52325,1,14718,0,1,1,0,2160,data_8threads_100connections_120s_False
write,0,select,0,0,1,0,1,0,1,0,63799,53481,30145,52219,13063,13974,10300,35719,22108,60007,5,52325,1,14718,0,0,1,0,1171,data_8threads_100connections_120s_False
write,0,select,0,0,1,0,1,0,1,0,19567,53481,30145,52219,13063,13974,10300,38309,22108,55378,5,33577,1,14718,0,0,1,1,47,data_8threads_100connections_120s_False
sendfile,0,linux-sysepoll,0,0,0,0,1,0,1,0,19567,53481,30145,52219,13063,13974,10300,35719,22108,4035,5,33577,1,14718,0,0,1,1,47,data_8threads_100connections_120s_False
sendfile,0,libev,0,1,0,0,1,0,1,0,19567,53481,34059,52219,13063,20064,10300,62405,22108,17480,2,33577,1,14718,0,0,1,1,47,data_8threads_100connections_120s_False
sendfile,1,libev,0,0,0,1,1,0,1,2,60549,12061,5286,32364,23735,13974,10300,56031,22108,60007,5,33577,1,14718,0,0,1,1,47,data_8threads_100connections_120s_False
sendfile,0,linux-sysepoll,0,0,0,0,1,0,1,0,19567,53481,30145,52219,13063,13974,10300,40404,22108,4035,5,33577,1,14718,0,0,1,1,47,data_8threads_100connections_120s_False
sendfile,1,libev,0,0,0,1,1,0,0,2,19567,53481,34059,52219,13063,20064,10300,62405,22108,17480,2,45694,1,14718,0,0,1,1,47,data_8threads_100connections_120s_False
sendfile,0,libev,1,0,0,1,1,1,1,0,19567,53481,30145,52219,13063,13974,10300,35719,22108,60007,8,52325,1,14718,1,1,1,0,2160,data_8threads_100connections_120s_False
write,0,select,0,0,1,1,1,0,1,0,19567,53481,30145,52219,16259,30271,10300,35719,22108,19158,5,52325,1,14718,0,1,0,1,1213,data_8threads_100connections_120s_False
write,0,linux-sysepoll,1,0,1,0,1,1,1,0,19567,53481,30145,52219,11087,13974,10300,35719,22108,37275,14,33577,1,14718,0,0,0,1,1213,data_8threads_100connections_120s_False
sendfile,0,linux-sysepoll,0,0,1,0,1,1,1,0,4325,53481,30145,52219,11087,13974,10300,35719,22108,37275,14,33577,1,14718,0,0,0,0,1213,data_8threads_100connections_120s_False
write,0,select,0,0,0,0,1,0,1,1,19567,53481,30145,52219,13063,13974,10300,35719,22108,29732,5,33577,1,14718,0,0,1,1,1131,data_8threads_100connections_120s_False
sendfile,1,libev,0,1,0,0,1,0,1,0,60549,12061,5286,32364,23735,65468,10300,56031,22108,60007,5,33577,1,14718,0,0,1,1,47,data_8threads_100connections_120s_False
write,1,select,0,0,1,0,1,0,1,1,63799,53481,30145,32364,21653,13974,10300,35719,22108,60007,5,26113,1,23396,0,1,1,1,2160,data_4threads_100connections_10s_False
writev,0,select,1,1,1,0,1,0,1,0,19567,54134,20124,52219,13063,13974,10300,35719,22108,34785,5,52325,1,29352,0,1,1,1,2160,data_4threads_100connections_10s_False
write,0,select,1,0,0,0,1,0,1,0,19567,53481,61518,52219,13063,13974,10300,35719,22108,60007,5,33577,1,14718,0,0,1,1,47,data_4threads_100connections_10s_False
write,0,select,1,0,1,0,1,0,1,0,19567,54134,20124,52219,13063,13974,10300,35719,22108,60007,5,52325,1,29352,0,1,1,1,2160,data_4threads_100connections_10s_False
write,0,select,0,0,1,1,1,0,1,1,20948,7204,21022,32364,21653,13974,10300,35719,60540,60007,5,52325,1,26080,1,1,1,0,2160,data_4threads_100connections_10s_False
sendfile,0,libev,1,0,0,1,1,1,2,2,20948,12061,60503,32364,21653,13974,10300,35719,22108,60007,5,26113,1,14718,0,1,1,1,2160,data_4threads_100connections_10s_False
sendfile,0,libev,1,0,0,1,1,0,1,0,19567,53481,61518,52219,919,13974,10300,35719,22108,60007,5,33577,1,14718,0,0,1,1,47,data_4threads_100connections_10s_False
sendfile,0,libev,0,0,0,1,1,1,1,2,20948,12061,60503,32364,21653,13974,10300,35719,22108,60007,5,9525,1,14718,1,1,1,0,1171,data_4threads_100connections_10s_False
writev,0,libev,0,0,0,1,1,0,1,2,20948,12061,60503,32364,21653,13974,10300,35719,22108,60007,5,9525,1,14718,1,1,1,1,641,data_4threads_100connections_10s_False
write,0,select,1,0,0,0,1,1,2,2,45029,12061,60503,32364,21653,13974,10300,35719,22108,60007,5,26113,1,14718,0,1,1,1,2160,data_4threads_100connections_10s_False
sendfile,0,libev,0,0,0,1,1,1,1,2,20948,12061,60503,32364,21653,13974,10300,35719,22108,60007,5,52325,1,14718,1,1,1,0,2160,data_4threads_100connections_10s_False
sendfile,0,libev,1,0,0,1,1,1,2,2,20948,12061,14634,52219,13063,13974,53861,35719,22108,60007,5,52325,1,14718,0,0,1,0,1171,data_4threads_100connections_10s_False
write,1,select,0,0,1,0,1,0,1,0,19567,53481,30145,52219,6442,13974,10300,35719,22108,60007,5,52325,1,14718,0,1,1,0,2160,data_4threads_100connections_10s_False
write,0,select,0,0,1,0,1,0,1,0,63799,53481,30145,52219,13063,29927,10300,35719,42225,60007,5,26113,1,14718,0,1,0,1,2160,data_4threads_100connections_10s_False
write,0,select,0,0,1,0,1,0,1,0,19567,53481,30145,52219,13063,13974,10300,35719,22108,60007,5,52325,1,14718,0,1,1,0,2160,data_4threads_100connections_10s_False
write,0,select,0,0,1,0,1,0,1,0,19567,53481,30145,52219,13063,13974,10300,38309,22108,55378,5,33577,1,14718,0,0,1,1,47,data_4threads_100connections_10s_False
write,0,select,0,0,1,0,1,0,1,0,63799,53481,30145,52219,13063,13974,10300,35719,22108,60007,5,52325,1,14718,0,1,1,0,2160,data_4threads_100connections_10s_False
write,0,select,0,0,1,0,1,0,1,0,63799,53481,30145,52219,13063,13974,10300,35719,22108,60007,5,52325,1,14718,0,0,1,0,1171,data_4threads_100connections_10s_False
write,0,select,0,0,1,0,1,0,1,0,19567,53481,30145,52219,13063,13974,10300,35719,22108,60007,5,26113,1,14718,0,1,1,1,2160,data_4threads_100connections_10s_False
write,0,select,0,0,1,0,1,0,1,0,19567,53481,30145,52219,13063,13974,10300,35719,22108,60007,5,33577,1,14718,0,0,1,1,47,data_4threads_100connections_10s_False
write,0,select,0,0,1,0,1,0,1,0,19567,53481,30145,52219,13063,13974,10300,35719,22108,60007,5,52325,1,14718,0,1,1,0,2160,data_4threads_300connections_120s_False
write,0,linux-sysepoll,0,0,0,0,1,0,1,0,19567,53481,30145,52219,13063,13974,10300,35719,22108,60007,5,26113,1,46320,0,0,1,0,212,data_4threads_300connections_120s_False
write,0,select,0,0,1,0,1,0,1,0,19567,53481,30145,52219,13063,13974,10300,35719,22108,60007,5,33577,1,14718,0,0,1,1,47,data_4threads_300connections_120s_False
write,0,select,0,0,1,0,1,0,1,0,19567,53481,30145,52219,23567,13974,10300,35719,22108,37275,5,33577,1,14718,0,0,1,1,47,data_4threads_300connections_120s_False
write,0,select,0,0,1,0,1,0,1,0,19567,53481,30145,52219,13063,13974,10300,38309,22108,55378,5,33577,1,14718,0,0,1,1,47,data_4threads_300connections_120s_False
write,0,select,0,0,1,0,1,0,1,0,63799,53481,30145,52219,13063,13974,10300,35719,22108,60007,5,52325,1,14718,0,1,1,0,2160,data_4threads_300connections_120s_False
write,0,select,0,0,1,0,1,0,1,0,63799,53481,30145,52219,13063,13974,10300,35719,22108,60007,5,52325,1,14718,0,0,1,0,1171,data_4threads_300connections_120s_False
write,0,select,0,0,1,0,1,0,1,0,63799,46855,30145,52219,26658,50076,10300,35719,22108,60007,5,52325,1,14718,0,0,1,0,1171,data_4threads_300connections_120s_False
write,0,select,0,0,1,0,1,0,1,0,19567,53481,30145,52219,13063,13974,10300,35719,22108,60007,5,22302,1,14718,0,1,1,0,2160,data_4threads_300connections_120s_False
sendfile,0,libev,0,1,0,1,1,0,1,0,19567,53481,30145,52219,13063,13974,10300,35719,41505,33357,5,52325,0,14718,0,1,1,0,2160,data_4threads_300connections_120s_False
sendfile,0,libev,0,0,1,0,1,0,1,2,20948,12061,5286,32364,21653,58290,20273,9979,27642,17480,2,26163,1,40108,1,1,0,1,212,data_4threads_300connections_120s_False
sendfile,0,libev,0,1,0,1,1,1,1,2,20948,12061,60503,32364,21653,13974,10300,35719,22108,60007,5,52325,1,14718,1,1,1,0,2160,data_4threads_300connections_120s_False
sendfile,0,libev,0,0,0,1,1,0,1,2,60549,12061,5286,32364,23735,13974,10300,35719,22108,60007,5,52325,1,14718,0,1,1,0,2160,data_4threads_300connections_120s_False
write,0,linux-sysepoll,0,0,0,1,1,0,1,0,45043,53481,30145,52219,13063,13974,10300,35719,22108,23947,5,52325,1,14718,0,1,1,1,2160,data_4threads_300connections_120s_False
sendfile,0,linux-sysepoll,0,0,0,0,1,0,1,1,43276,53481,30145,32364,23735,13974,10300,35719,22108,60007,5,52325,1,14718,0,1,1,0,2160,data_4threads_300connections_120s_False
write,0,linux-sysepoll,0,0,0,0,1,0,1,0,47344,53481,30145,52219,13063,13974,10300,35719,22108,23947,5,52325,1,14718,0,1,1,1,2160,data_4threads_300connections_120s_False
sendfile,0,libev,0,0,0,1,1,1,1,2,20948,12061,60503,32364,21653,13974,10300,35719,22108,60007,5,52325,1,14718,1,1,1,0,2160,data_4threads_300connections_120s_False
sendfile,1,libev,1,1,1,0,1,0,1,2,20948,12061,5286,32364,18611,52183,20273,9979,64917,62455,2,26163,0,40108,1,0,0,1,701,data_4threads_300connections_120s_False
write,0,select,0,1,1,0,1,0,1,0,63799,53481,30145,31582,13063,13974,12104,35719,22108,60007,5,52325,1,14718,0,0,1,0,1171,data_4threads_300connections_120s_False
write,0,select,1,0,1,0,1,0,1,0,19567,53481,30145,52219,14982,13974,10300,35719,22108,37275,5,33577,1,34217,0,0,1,1,47,data_4threads_300connections_120s_False
sendfile,0,libev,1,0,0,1,1,1,2,0,19567,53481,30145,52219,13063,29578,31272,35719,35959,60007,5,52325,1,14718,1,0,1,0,2604,data_12threads_100connections_60s_True
sendfile,0,libev,0,1,0,1,1,0,1,0,19567,53481,30145,52219,13063,13974,10300,35719,41505,33357,5,52325,0,14718,0,1,1,0,2160,data_12threads_100connections_60s_True
write,0,linux-sysepoll,1,0,0,0,1,0,1,0,19567,53481,30145,52219,13063,13974,10300,35719,22108,60007,5,50410,1,46320,1,0,1,1,2160,data_12threads_100connections_60s_True
write,0,select,1,0,1,1,1,1,2,0,20948,12061,60503,32364,21653,13974,10300,35719,22108,60007,5,26113,1,14718,0,1,1,1,2160,data_12threads_100connections_60s_True
sendfile,0,linux-sysepoll,0,0,0,0,1,0,1,0,19567,53481,30145,52219,13063,13974,10300,35719,22108,4035,5,33577,1,14718,0,0,1,1,47,data_12threads_100connections_60s_True
sendfile,0,linux-sysepoll,0,0,0,0,1,0,1,0,19567,53481,30145,52219,13063,13974,10300,64157,22108,4035,5,33577,1,14718,0,0,1,1,47,data_12threads_100connections_60s_True
write,1,select,0,0,1,0,1,0,1,1,63799,53481,30145,32364,21653,13974,10300,35719,22108,60007,5,26113,1,23396,0,1,1,1,2160,data_12threads_100connections_60s_True
write,1,select,0,0,1,0,1,0,1,0,63799,53481,30145,52219,13063,13974,10300,35719,22108,60007,5,52325,1,56264,0,1,1,1,47,data_12threads_100connections_60s_True
write,1,select,0,0,1,0,1,0,1,1,38902,53481,30145,52219,13063,29082,10300,35719,22108,60007,5,52325,1,14718,0,1,1,1,2160,data_12threads_100connections_60s_True
write,1,select,0,0,1,0,1,0,1,0,63799,60805,13819,52219,13063,13974,10300,35719,22108,60007,5,33577,1,14718,0,1,1,1,509,data_12threads_100connections_60s_True
sendfile,0,libev,0,0,0,1,1,0,1,2,60549,12061,5286,32364,23735,13974,10300,35719,22108,60007,5,52325,1,14718,0,1,1,0,2160,data_12threads_100connections_60s_True
sendfile,0,linux-sysepoll,0,0,0,0,1,0,1,0,19567,53481,30145,52219,13063,13974,10300,35719,22108,51953,5,33577,1,14718,0,1,1,0,1765,data_12threads_100connections_60s_True
sendfile,0,linux-sysepoll,0,1,0,0,1,0,1,0,19567,53481,30145,52219,13063,62608,10300,35719,35959,60007,5,52325,1,14718,0,0,1,0,2160,data_12threads_100connections_60s_True
sendfile,0,linux-sysepoll,0,1,0,0,1,0,1,0,19567,53481,30145,52219,13063,62608,10300,35719,35959,60007,5,19109,1,23396,0,1,1,1,2160,data_12threads_100connections_60s_True
sendfile,0,libev,1,0,0,1,1,1,2,2,20948,12061,60503,32364,21653,13974,10300,35719,22108,60007,5,26113,1,14718,0,1,1,1,2160,data_12threads_100connections_60s_True
sendfile,0,libev,1,0,0,1,1,0,1,0,19567,53481,61518,52219,919,13974,10300,35719,22108,60007,5,33577,1,14718,0,0,1,1,47,data_12threads_100connections_60s_True
write,0,select,0,0,1,0,1,0,1,0,19567,53481,30145,52219,13063,13974,10300,35719,22108,60007,5,52325,1,14718,0,1,1,0,2160,data_12threads_100connections_60s_True
write,0,select,0,0,1,0,1,0,1,0,19567,53481,30145,52219,13063,13974,10300,35719,22108,60007,5,33577,1,14718,0,0,1,1,47,data_12threads_100connections_60s_True
write,0,select,0,0,1,0,1,0,1,0,19567,53481,30145,52219,23567,13974,10300,35719,22108,37275,5,33577,1,14718,0,0,1,1,47,data_12threads_100connections_60s_True
write,0,linux-sysepoll,0,0,0,0,1,0,1,0,19567,53481,30145,52219,13063,13974,10300,35719,22108,60007,5,26113,1,46320,0,0,1,0,212,data_12threads_100connections_60s_True
sendfile,0,libev,0,0,0,1,1,0,1,2,60549,12061,5286,32364,23735,13974,10300,35719,22108,60007,5,52325,1,14718,0,1,1,0,2160,data_8threads_10connections_120s_True
sendfile,0,linux-sysepoll,0,0,0,0,1,0,1,0,19567,53481,30145,52219,13063,13974,10300,35719,22108,60007,5,50410,1,46320,0,0,1,1,2160,data_8threads_10connections_120s_True
sendfile,0,linux-sysepoll,0,0,0,0,1,0,1,0,19567,53481,56825,3108,13063,13974,19394,35719,22108,60007,5,50410,1,46320,0,1,1,1,2265,data_8threads_10connections_120s_True
sendfile,0,libev,0,0,0,1,1,1,1,2,20948,12061,5286,32364,21653,58290,20273,9979,24270,17480,2,26163,1,40108,1,1,1,1,47,data_8threads_10connections_120s_True
sendfile,0,libev,1,0,0,1,1,1,1,2,20948,12061,5286,32364,21653,58290,20273,9979,24270,17480,2,26163,1,40108,1,1,0,1,47,data_8threads_10connections_120s_True
write,0,libev,0,0,0,1,1,1,1,2,20948,12061,5286,32364,7628,58290,20273,9979,24270,17480,2,26163,1,40108,1,1,1,1,47,data_8threads_10connections_120s_True
sendfile,0,linux-sysepoll,0,0,0,0,1,0,1,0,19567,12061,60503,9699,17964,26389,40272,35719,35959,60007,5,52325,1,59550,1,0,1,1,2604,data_8threads_10connections_120s_True
sendfile,0,libev,1,0,0,1,1,1,2,0,19567,53481,30145,52219,13063,29578,31272,35719,35959,60007,5,52325,1,14718,1,0,1,0,2604,data_8threads_10connections_120s_True
sendfile,0,libev,1,0,0,1,1,1,2,0,19567,53481,30145,52219,13063,18029,31272,35719,56946,60007,5,52325,1,14718,1,0,1,0,2604,data_8threads_10connections_120s_True
sendfile,0,libev,1,0,0,1,1,1,2,0,19567,22473,30145,52219,24643,29578,31272,35719,35959,60007,5,52325,1,14718,1,0,1,0,2604,data_8threads_10connections_120s_True
writev,0,libev,1,0,0,1,0,1,2,0,19567,53481,30145,52219,19216,29578,31272,35719,35959,60007,5,52325,1,14718,1,0,1,0,2604,data_8threads_10connections_120s_True
sendfile,0,libev,1,0,0,1,1,1,2,2,20948,4424,30145,52219,19216,29578,31272,35719,17660,60007,5,52325,1,14718,1,0,1,0,2604,data_8threads_10connections_120s_True
sendfile,1,libev,1,0,0,1,1,1,2,0,19567,53481,30145,19067,13063,29578,31272,35719,20957,60007,5,52325,1,14718,1,0,1,0,2604,data_8threads_10connections_120s_True
sendfile,0,libev,0,0,0,1,1,1,2,0,19567,53481,30145,52219,13063,18029,31272,35719,56946,60007,5,52325,1,14718,1,0,1,0,2604,data_8threads_10connections_120s_True
sendfile,0,libev,1,0,0,1,1,1,2,2,20948,12061,60503,32364,21653,13974,10300,35719,22108,60007,5,26113,1,14718,0,1,1,1,2160,data_8threads_10connections_120s_True
sendfile,0,libev,1,0,0,1,1,0,1,0,19567,53481,30145,32237,13063,13974,10300,35719,22108,60007,5,33577,1,48448,0,0,1,1,47,data_8threads_10connections_120s_True
sendfile,0,libev,0,0,0,1,1,0,1,0,19567,53481,30145,32237,13063,13974,10300,35719,22108,60007,5,33577,1,46320,0,0,1,1,2160,data_8threads_10connections_120s_True
write,0,select,0,0,1,1,1,1,2,0,19567,56646,30145,52219,13063,29578,31272,35719,35959,60007,5,52325,1,14718,1,0,1,0,2604,data_8threads_10connections_120s_True
write,0,select,0,0,1,1,1,1,2,0,19567,56646,30145,52219,13063,29578,31272,35719,35959,60007,5,52325,1,40108,1,1,1,1,47,data_8threads_10connections_120s_True
write,0,linux-sysepoll,1,0,0,0,1,0,1,0,19567,53481,30145,52219,13063,13974,10300,35719,22108,60007,5,50410,1,46320,1,0,1,1,2160,data_8threads_10connections_120s_True
sendfile,0,libev,0,1,0,1,1,0,1,0,19567,53481,30145,52219,13063,13974,10300,35719,41505,33357,5,52325,0,14718,0,1,1,0,2160,data_8threads_300connections_30s_True
write,0,select,0,0,0,0,1,0,1,0,63799,53481,30145,52219,13063,13974,10300,35719,24270,17480,2,26163,1,40108,1,1,1,1,47,data_8threads_300connections_30s_True
write,0,libev,0,0,1,0,1,1,0,0,19567,53481,30145,52219,31624,13974,10300,35719,22108,60007,5,33577,1,14718,1,0,1,1,2160,data_8threads_300connections_30s_True
write,0,libev,0,0,1,0,1,1,1,0,19567,53481,30145,52219,13063,13974,10300,35719,22108,60007,5,33577,1,14718,0,0,1,1,47,data_8threads_300connections_30s_True
write,0,libev,0,0,1,0,1,1,1,0,19567,12061,5286,32364,23735,13974,56255,35719,22108,60007,5,52325,1,31464,0,0,0,0,2160,data_8threads_300connections_30s_True
writev,1,libev,0,0,1,0,1,0,1,0,19567,53481,30145,52219,13063,3938,10300,35719,22108,27360,5,26113,1,14718,0,1,0,1,2160,data_8threads_300connections_30s_True
writev,0,libev,0,0,1,0,1,0,1,0,19567,53481,30145,52219,13063,3938,10300,35719,22108,27360,5,26113,1,14718,0,1,0,1,2160,data_8threads_300connections_30s_True
sendfile,0,libev,0,0,0,1,1,1,1,2,20948,12061,5286,32364,21653,58290,20273,9979,24270,17480,2,26163,1,40108,1,1,1,1,47,data_8threads_300connections_30s_True
write,0,linux-sysepoll,1,0,0,0,1,0,1,0,19567,53481,30145,52219,13063,13974,10300,35719,22108,60007,5,50410,1,46320,1,0,1,1,2160,data_8threads_300connections_30s_True
sendfile,0,libev,0,0,0,1,1,0,1,2,60549,12061,5286,32364,23735,13974,10300,35719,22108,60007,5,52325,1,14718,0,1,1,0,2160,data_8threads_300connections_30s_True
sendfile,0,libev,0,0,0,1,1,0,1,2,60549,40232,5286,32364,23735,13974,10300,35719,22108,60007,5,52325,1,14718,0,1,1,0,2160,data_8threads_300connections_30s_True
write,0,linux-sysepoll,0,0,0,0,1,0,1,0,19567,53481,30145,52219,13063,13974,10300,35719,22108,60007,5,26113,1,46320,0,1,1,1,47,data_8threads_300connections_30s_True
write,0,select,0,0,1,0,1,0,1,0,19567,53481,30145,52219,13063,13974,10300,35719,22108,60007,5,52325,1,14718,0,1,1,0,2160,data_8threads_300connections_30s_True
write,0,select,0,0,1,0,1,0,1,0,19567,53481,30145,52219,13063,13974,10300,38309,22108,55378,5,33577,1,14718,0,0,1,1,47,data_8threads_300connections_30s_True
write,0,select,0,0,1,0,1,0,1,0,63799,53481,30145,52219,13063,13974,10300,35719,22108,60007,5,52325,1,14718,0,0,1,0,1171,data_8threads_300connections_30s_True
write,0,select,0,0,1,0,1,0,1,0,63799,53481,30145,52219,13063,13974,10300,35719,22108,60007,5,52325,1,14718,0,1,1,0,2160,data_8threads_300connections_30s_True
write,0,select,0,0,1,0,1,0,1,0,19567,53481,30145,52219,13063,13974,10300,35719,22108,60007,5,33577,1,14718,0,0,1,1,47,data_8threads_300connections_30s_True
write,0,select,0,0,1,0,1,0,1,0,19567,53481,30145,52219,23567,13974,10300,35719,22108,37275,5,33577,1,14718,0,0,1,1,47,data_8threads_300connections_30s_True
write,0,linux-sysepoll,0,0,0,0,1,0,1,0,19567,53481,30145,52219,13063,13974,10300,35719,22108,60007,5,26113,1,46320,0,0,1,0,212,data_8threads_300connections_30s_True
write,0,select,0,0,1,0,1,0,1,0,19567,53481,30145,52219,13063,13974,10300,35719,22108,60007,5,26113,1,14718,0,1,1,1,2160,data_8threads_300connections_30s_True
sendfile,0,libev,0,0,0,1,1,1,1,2,60720,12061,5286,32364,14722,10139,20273,9979,4459,17480,2,26163,1,40108,0,0,1,1,2160,data_4threads_10connections_60s_False
sendfile,0,libev,0,0,0,1,1,1,1,2,5963,12061,30145,52219,13063,3938,10300,44177,22108,27360,5,26113,1,14718,0,0,0,1,2160,data_4threads_10connections_60s_False
write,0,select,0,0,0,1,1,0,1,0,63799,12061,5286,32364,21653,58290,20273,9979,27992,17480,4,18469,1,40108,1,1,1,1,47,data_4threads_10connections_60s_False
write,0,libev,0,0,1,0,1,0,1,0,19567,53481,30145,32364,21653,58290,34000,9979,27992,17480,4,18469,1,40108,1,1,1,1,47,data_4threads_10connections_60s_False
writev,0,poll,0,0,1,0,1,0,1,0,19567,53481,5286,32364,21653,58290,20273,9979,24270,17480,2,26163,1,40108,1,1,1,1,47,data_4threads_10connections_60s_False
writev,0,libev,0,0,1,0,1,0,1,0,19567,53481,30145,52219,13063,1110,10300,35719,22108,27360,5,26113,1,61431,0,0,1,0,47,data_4threads_10connections_60s_False
write,0,libev,0,0,1,0,1,1,0,0,19567,53481,30145,52219,31624,13974,10300,35719,22108,60007,5,33577,1,14718,1,0,1,1,2160,data_4threads_10connections_60s_False
write,0,select,0,0,0,0,1,0,1,0,63799,53481,30145,52219,13063,13974,10300,35719,24270,17480,2,26163,1,40108,1,1,1,1,47,data_4threads_10connections_60s_False
write,0,libev,0,0,1,0,1,0,1,0,19567,53481,30145,52219,13063,3938,8824,18716,24270,17480,2,26163,1,40108,1,1,1,1,47,data_4threads_10connections_60s_False
sendfile,0,libev,0,0,0,1,1,1,1,2,20948,12061,5286,32364,21653,58290,20273,9979,24270,17480,2,26163,1,40108,1,1,1,1,47,data_4threads_10connections_60s_False
sendfile,0,libev,1,0,0,1,1,1,1,2,20948,12061,5286,32364,21653,58290,20273,9979,24270,17480,2,26163,1,40108,1,1,0,1,47,data_4threads_10connections_60s_False
sendfile,0,libev,0,0,0,1,1,1,1,2,20948,12061,5286,32364,21653,58290,20273,9979,27992,17480,4,18469,1,40108,1,1,1,1,47,data_4threads_10connections_60s_False
sendfile,1,libev,0,0,0,1,1,1,1,2,20948,12061,4938,32364,21653,58290,20273,9979,27992,17480,4,26163,1,40108,1,1,0,1,47,data_4threads_10connections_60s_False
sendfile,0,libev,0,0,0,1,1,1,1,2,20948,12061,5286,32364,21653,58290,20273,9979,24270,17480,2,58042,1,40108,1,1,1,1,47,data_4threads_10connections_60s_False
sendfile,0,libev,0,0,0,1,1,1,1,2,20948,12061,5286,52219,13063,3938,8824,18716,24270,17480,2,25472,1,40108,1,1,1,1,47,data_4threads_10connections_60s_False
sendfile,0,libev,0,0,0,1,1,1,1,0,19567,53481,30145,52219,13063,3938,10300,35719,22108,27360,5,26113,1,14718,1,1,0,1,2160,data_4threads_10connections_60s_False
sendfile,0,linux-sysepoll,0,0,0,0,1,0,1,0,19567,12061,60503,9699,17964,26389,40272,35719,35959,60007,5,52325,1,59550,1,0,1,1,2604,data_4threads_10connections_60s_False
sendfile,0,libev,1,0,0,1,1,0,2,0,58869,53481,30145,52219,13063,29578,31272,2510,24270,60007,5,52325,1,59550,1,0,1,1,2604,data_4threads_10connections_60s_False
writev,1,libev,0,0,1,0,1,0,1,0,19567,53481,30145,52219,13063,3938,10300,35719,22108,27360,5,26113,1,14718,0,1,0,1,2160,data_4threads_10connections_60s_False
writev,0,libev,0,0,1,0,1,0,1,0,19567,53481,30145,52219,13063,3938,10300,35719,22108,27360,5,26113,1,14718,0,1,0,1,2160,data_4threads_10connections_60s_False
sendfile,0,libev,0,0,0,1,1,0,1,2,60549,12061,5286,32364,23735,13974,10300,35719,22108,60007,5,52325,1,14718,0,1,1,0,2160,data_8threads_10connections_10s_True
sendfile,0,libev,0,0,1,1,1,1,1,2,60720,12061,19671,32364,14722,10139,15336,9979,4459,60007,5,41140,1,14718,0,1,1,0,1085,data_8threads_10connections_10s_True
sendfile,0,libev,0,0,0,1,1,1,1,2,60720,12061,5286,32364,14722,10139,10300,35719,22108,60007,5,52325,1,14718,1,1,1,0,2160,data_8threads_10connections_10s_True
sendfile,0,libev,0,0,0,1,1,1,1,2,5963,12061,30145,52219,13063,3938,10300,44177,22108,27360,5,26113,1,14718,0,0,0,1,2160,data_8threads_10connections_10s_True
sendfile,0,libev,0,0,0,1,1,1,1,2,60720,12061,5286,32364,14722,10139,20273,9979,4459,17480,2,26163,1,40108,0,0,1,1,2160,data_8threads_10connections_10s_True
sendfile,0,libev,0,0,0,1,1,1,1,0,60720,12061,5286,32364,14722,24518,48863,9979,4459,17480,2,26163,1,40108,0,0,1,1,2160,data_8threads_10connections_10s_True
sendfile,0,libev,0,0,0,1,1,1,1,2,2919,53481,57710,32364,14722,10139,20273,9979,4459,17480,2,26163,1,62170,0,0,1,1,2222,data_8threads_10connections_10s_True
sendfile,0,libev,0,0,0,1,1,1,1,0,60720,12061,30145,52219,13063,3938,10300,61310,22108,27360,5,12736,1,8475,0,0,0,1,2160,data_8threads_10connections_10s_True
sendfile,0,libev,0,0,0,1,1,1,1,2,22383,12061,5286,32364,14722,10139,20273,9979,4459,17480,2,26163,1,40108,0,0,1,1,2160,data_8threads_10connections_10s_True
sendfile,0,libev,0,0,0,1,1,1,1,2,60720,12061,5286,32364,14722,16549,22318,9979,4459,17480,2,26163,1,40108,0,0,1,1,2160,data_8threads_10connections_10s_True
write,0,select,0,0,0,0,1,0,1,0,63799,53481,30145,52219,13063,13974,10300,35719,24270,17480,2,26163,1,40108,1,1,1,1,47,data_8threads_10connections_10s_True
write,0,libev,0,0,1,0,1,1,0,0,19567,53481,30145,52219,31624,13974,10300,35719,22108,60007,5,33577,1,14718,1,0,1,1,2160,data_8threads_10connections_10s_True
write,0,libev,0,0,1,0,1,0,1,0,19567,53481,30145,32364,21653,58290,34000,9979,46531,17480,4,18469,1,40108,1,1,1,1,47,data_8threads_10connections_10s_True
write,0,linux-sysepoll,0,0,0,0,1,0,1,0,19567,55792,30145,52219,13063,13974,10300,35719,22108,60007,5,50410,1,46320,0,0,1,1,156,data_8threads_10connections_10s_True
write,0,select,0,0,1,0,1,0,1,0,63799,53481,30145,32364,14722,10139,20273,9979,4459,17480,2,26163,1,40108,0,0,1,1,2160,data_8threads_10connections_10s_True
sendfile,0,libev,1,0,0,1,1,1,1,2,60720,12061,22630,52219,13063,3938,10300,44177,22108,27360,5,26113,1,14718,1,1,0,1,2160,data_8threads_10connections_10s_True
write,0,linux-sysepoll,1,0,0,0,1,0,1,0,19567,53481,30145,52219,13063,13974,10300,35719,22108,60007,5,50410,1,46320,1,0,1,1,2160,data_8threads_10connections_10s_True
write,0,libev,0,0,1,0,1,0,1,0,19567,53481,30145,32364,21653,58290,34000,9979,27992,17480,4,18469,1,40108,1,1,1,1,47,data_8threads_10connections_10s_True
writev,0,poll,0,0,1,0,1,0,1,0,19567,53481,5286,32364,21653,58290,20273,9979,24270,17480,2,26163,1,40108,1,1,1,1,47,data_8threads_10connections_10s_True
write,0,select,0,1,1,0,1,0,0,0,63799,53481,30145,60100,13063,13974,10300,35719,24270,17480,2,26163,1,40108,1,1,1,1,47,data_8threads_10connections_10s_True
write,0,libev,0,0,1,0,1,0,1,0,19567,53481,30145,32364,21653,58290,34000,9979,4459,17480,2,26163,1,62170,0,0,1,1,2222,data_4threads_300connections_60s_False
sendfile,0,libev,0,1,0,1,1,1,1,1,59354,12061,5286,52219,18395,10139,20273,9979,60916,17480,2,26163,1,40108,0,1,1,1,2160,data_4threads_300connections_60s_False
sendfile,0,libev,0,1,0,1,1,1,1,1,59354,12061,5286,52219,18395,10139,20273,9979,60916,17480,2,26163,1,40108,0,1,1,1,47,data_4threads_300connections_60s_False
write,0,libev,0,1,1,0,1,0,1,2,20948,21754,5286,32364,21653,37585,20273,9979,24270,17480,2,26163,1,40108,1,0,1,1,47,data_4threads_300connections_60s_False
sendfile,0,libev,0,1,0,1,1,1,1,1,20948,12061,5286,32364,21653,58290,20273,9979,24270,17480,2,26163,1,40108,1,1,1,1,47,data_4threads_300connections_60s_False
sendfile,0,libev,0,0,0,1,1,1,1,2,20948,12061,5286,32364,21653,58290,20273,9979,24270,17480,2,26163,1,40108,1,1,1,1,47,data_4threads_300connections_60s_False
sendfile,0,libev,0,0,0,1,1,1,1,2,2919,53481,57710,50824,14722,16427,20273,9979,27992,17480,4,18469,1,40108,1,1,1,1,47,data_4threads_300connections_60s_False
sendfile,0,poll,0,0,0,1,1,1,1,2,20948,12061,5286,32364,21653,37585,20273,9979,24270,17480,2,26163,1,40108,1,1,1,1,47,data_4threads_300connections_60s_False
write,0,libev,0,0,1,0,1,0,1,0,19567,53481,30145,52219,13063,3938,8824,18716,24270,17480,2,26163,1,40108,1,1,1,1,47,data_4threads_300connections_60s_False
sendfile,0,libev,0,0,0,1,1,1,2,0,19567,53481,30145,52219,14722,10139,20273,9979,60916,17480,2,26163,1,40108,0,0,1,1,2160,data_4threads_300connections_60s_False
sendfile,0,libev,0,0,0,1,1,0,1,2,60720,12061,5286,32364,14722,10139,10300,35719,22108,19099,2,26163,1,46600,0,0,1,1,2160,data_4threads_300connections_60s_False
write,0,select,0,0,1,0,1,0,1,0,19567,53481,30145,52219,13063,13974,10300,35719,22108,60007,5,52325,1,14718,0,1,1,0,2160,data_4threads_300connections_60s_False
write,0,select,0,0,1,0,1,0,1,0,19567,53481,30145,52219,13063,1110,10300,35719,22108,27360,5,26113,1,61431,0,0,1,0,47,data_4threads_300connections_60s_False
write,0,linux-sysepoll,0,0,1,0,1,0,1,0,19567,13602,30145,52219,13063,1110,41328,35719,22108,27360,5,30956,1,61431,0,0,1,1,2160,data_4threads_300connections_60s_False
sendfile,0,libev,0,1,0,1,1,0,1,0,19567,53481,30145,52219,13063,13974,10300,35719,41505,33357,5,52325,0,14718,0,1,1,0,2160,data_4threads_300connections_60s_False
sendfile,0,poll,0,0,0,1,1,1,1,0,19567,53481,30145,32364,21653,58290,34000,9979,4459,51585,2,26163,1,62170,0,0,1,1,2222,data_4threads_300connections_60s_False
sendfile,0,libev,0,0,0,1,1,1,2,0,60720,12061,59367,32364,13063,18029,31272,32278,56946,60007,5,52325,1,14718,1,1,1,1,2604,data_4threads_300connections_60s_False
sendfile,1,linux-sysepoll,0,0,0,1,1,1,1,2,60720,12061,5286,32364,13063,18029,31272,32278,56946,60007,5,52325,1,14718,1,0,1,0,2604,data_4threads_300connections_60s_False
write,0,libev,0,0,0,1,1,0,1,2,60549,12061,16187,32364,23735,13974,10300,35719,22108,62028,5,52325,1,41881,0,1,1,1,47,data_4threads_300connections_60s_False
sendfile,0,libev,0,0,0,1,1,0,1,2,60549,12061,5286,32364,23735,13974,10300,35719,22108,60007,5,52325,1,14718,0,1,1,0,2160,data_4threads_300connections_60s_False
write,0,libev,0,1,1,0,1,1,2,0,19567,52357,30145,52219,13063,52768,10300,48524,22108,27360,5,26163,1,40108,1,1,1,0,47,data_12threads_100connections_120s_False
writev,1,libev,0,0,1,0,1,0,1,0,19567,53481,30145,52219,13063,3938,10300,35719,22108,27360,5,26113,1,14718,0,1,0,1,2160,data_12threads_100connections_120s_False
writev,0,libev,0,0,1,0,1,0,1,0,19567,53481,30145,52219,13063,3938,10300,35719,22108,27360,5,26113,1,14718,0,1,0,1,2160,data_12threads_100connections_120s_False
writev,1,select,1,0,1,0,1,0,1,0,19567,31357,30145,52219,32138,3938,10300,35719,22108,27360,5,26113,1,14718,0,1,0,1,2160,data_12threads_100connections_120s_False
write,0,linux-sysepoll,1,0,1,0,1,1,0,0,19567,53481,39275,52219,31624,13974,10300,35719,22108,27360,5,26113,1,14718,0,1,0,1,2160,data_12threads_100connections_120s_False
writev,0,libev,0,0,1,0,1,0,0,0,19567,53481,30145,52219,13063,3938,10300,35719,22108,27360,10,26113,1,14718,0,1,0,1,2160,data_12threads_100connections_120s_False
writev,0,select,1,1,1,0,1,0,1,0,19567,53481,39275,52219,31624,2056,10300,35719,22108,27360,5,26113,1,14718,0,1,0,1,2160,data_12threads_100connections_120s_False
write,0,poll,1,0,1,0,1,1,1,0,19567,31357,30145,52219,32138,3938,10300,35719,22108,27360,5,38498,1,14718,0,1,0,1,2160,data_12threads_100connections_120s_False
writev,1,select,1,0,1,0,1,0,1,0,19567,24694,30145,52219,32138,3938,4631,35719,22108,1055,5,26113,1,14718,0,1,0,1,2160,data_12threads_100connections_120s_False
write,0,select,1,0,1,0,1,0,1,0,24300,31357,39275,52219,31624,30386,10300,35719,22108,27360,5,26113,1,50843,0,1,0,1,2160,data_12threads_100connections_120s_False
writev,0,select,1,1,1,0,1,0,1,0,19567,53481,39796,52219,31624,2056,10300,35719,59240,27360,5,26113,1,14718,0,1,0,1,2160,data_12threads_100connections_120s_False
writev,1,libev,0,0,1,0,1,0,1,0,19567,53481,30145,52219,13063,3938,10300,35719,8113,27360,5,26113,1,14718,0,1,0,1,2160,data_12threads_100connections_120s_False
writev,0,select,1,1,1,0,1,0,1,0,19567,53481,39275,52219,31624,2056,10300,12865,15638,27360,5,13408,1,14718,0,1,0,1,2160,data_12threads_100connections_120s_False
writev,0,libev,1,0,1,0,1,0,0,0,19567,53481,30145,52219,13063,3938,10300,35719,22108,27360,5,26113,1,14718,0,1,1,1,2160,data_12threads_100connections_120s_False
writev,0,libev,0,0,1,0,1,0,1,0,19567,53481,30145,53935,13063,3938,10300,14267,22108,27360,10,26113,1,14718,0,1,0,1,2160,data_12threads_100connections_120s_False
writev,1,select,1,0,0,0,1,0,1,0,19567,31357,46574,52219,32138,3938,10300,35719,22108,27360,5,26113,1,14718,0,0,0,1,2160,data_12threads_100connections_120s_False
sendfile,0,libev,0,0,0,1,1,1,2,0,19567,53481,30145,52219,14722,10139,20273,9979,60916,17480,2,26163,1,40108,0,0,1,1,2160,data_12threads_100connections_120s_False
sendfile,0,libev,0,0,0,1,1,0,1,2,60549,12061,5286,32364,23735,13974,10300,35719,22108,60007,5,52325,1,14718,0,1,1,0,2160,data_12threads_100connections_120s_False
write,0,select,0,0,1,1,1,0,0,0,19567,53481,39275,52219,31624,13974,10300,35719,22108,27360,5,26113,1,14718,0,1,0,1,2160,data_12threads_100connections_120s_False
write,0,select,0,0,1,0,1,0,1,0,19567,53481,30145,52219,13063,13974,10300,35719,22108,60007,5,52325,1,14718,0,1,1,0,2160,data_12threads_100connections_120s_False
sendfile,0,libev,0,0,0,0,1,1,0,0,5963,12061,30145,4041,21653,37585,9767,9979,22108,27360,5,26113,1,14718,0,1,0,0,47,data_4threads_10connections_10s_True
sendfile,0,libev,0,0,1,0,1,0,1,0,19567,53481,30145,32364,21653,58290,34000,9979,4459,17480,4,18469,1,22195,1,1,1,1,368,data_4threads_10connections_10s_True
sendfile,0,libev,0,0,1,0,1,0,1,0,19567,53481,30145,32364,9037,58290,34000,9979,22108,27360,5,43200,1,14718,0,0,0,1,2160,data_4threads_10connections_10s_True
sendfile,0,libev,0,0,0,1,1,1,1,2,5963,12061,30145,52219,13063,3938,10300,44177,22108,27360,5,26113,1,14718,0,0,0,1,2160,data_4threads_10connections_10s_True
sendfile,0,libev,0,0,0,1,1,1,1,2,60720,12061,5286,32364,14722,10139,20273,9979,4459,17480,2,26163,1,40108,0,0,1,1,2160,data_4threads_10connections_10s_True
sendfile,0,poll,0,0,0,1,1,1,1,2,20948,12061,5286,32364,21653,37585,20273,9979,22108,27360,5,26113,1,14718,0,0,0,1,2160,data_4threads_10connections_10s_True
sendfile,0,libev,0,0,1,1,1,1,1,2,60720,12061,5286,19707,14722,10139,20273,9979,4459,17480,2,26163,1,40108,0,0,1,1,47,data_4threads_10connections_10s_True
sendfile,0,libev,0,0,0,0,1,1,1,1,20948,12061,5286,32364,21653,37585,20273,9979,22108,27360,5,26113,1,14718,0,0,0,1,2160,data_4threads_10connections_10s_True
sendfile,0,libev,0,0,0,1,1,1,1,2,5963,12061,30145,4041,21653,37585,20273,9979,22108,27360,5,26113,1,14718,0,1,0,1,2160,data_4threads_10connections_10s_True
sendfile,0,linux-sysepoll,0,0,0,1,1,1,1,2,5963,12061,30145,52219,13063,3938,20520,44177,22108,27360,5,26113,1,14718,0,0,0,1,2160,data_4threads_10connections_10s_True
sendfile,0,libev,0,0,1,0,1,1,1,2,20948,40079,5286,32364,21653,37585,20273,9979,22108,27360,5,26113,1,14718,0,1,0,1,2160,data_4threads_10connections_10s_True
sendfile,1,libev,0,1,0,1,1,1,1,2,60720,12061,5286,32364,26688,10139,20273,35111,4459,17480,2,26163,1,40108,0,0,1,0,2160,data_4threads_10connections_10s_True
sendfile,0,libev,0,0,0,1,1,1,1,2,20948,12061,5286,32364,21653,58290,20273,9979,24270,17480,2,26163,1,40108,1,1,1,1,47,data_4threads_10connections_10s_True
sendfile,0,poll,0,0,0,1,1,1,1,2,20948,12061,5286,32364,21653,37585,20273,9979,24270,17480,2,26163,1,40108,1,1,1,1,47,data_4threads_10connections_10s_True
sendfile,0,libev,0,0,0,1,1,1,1,2,2919,53481,57710,50824,14722,16427,20273,9979,27992,17480,4,18469,1,40108,1,1,1,1,47,data_4threads_10connections_10s_True
sendfile,0,libev,0,0,0,1,1,1,1,2,20948,12061,54185,32364,21653,37585,25468,9979,24270,17480,2,26163,1,40108,1,1,1,1,47,data_4threads_10connections_10s_True
sendfile,0,poll,0,0,0,1,1,1,1,2,37319,12061,5286,32364,21653,37585,20273,9979,24270,17480,2,26163,1,40108,1,1,1,1,47,data_4threads_10connections_10s_True
sendfile,0,libev,0,0,0,1,1,1,1,2,1192,53481,57710,50824,14722,19155,20273,9979,27992,17480,4,18469,1,40108,1,1,1,1,47,data_4threads_10connections_10s_True
sendfile,0,libev,0,0,0,1,1,1,1,2,37319,12061,5286,32364,21653,20724,20273,9979,24270,17480,2,26163,1,558,1,1,1,1,47,data_4threads_10connections_10s_True
sendfile,0,libev,0,0,0,1,1,1,1,2,5963,12061,30145,4041,21653,37585,20273,9979,22108,27360,5,26113,1,40108,1,1,1,1,47,data_4threads_10connections_10s_True
sendfile,0,libev,0,0,0,1,1,1,1,2,5963,12061,30145,52219,13063,3938,10300,44177,22108,27360,5,26113,1,14718,0,0,0,1,2160,data_8threads_10connections_30s_False
sendfile,0,libev,0,0,0,1,1,1,1,2,60720,12061,5286,32364,14722,10139,20273,9979,4459,17480,2,26163,1,40108,0,0,1,1,2160,data_8threads_10connections_30s_False
write,0,libev,0,0,1,0,1,1,0,0,19567,53481,30145,52219,31624,13974,10300,35719,22108,60007,5,26113,1,14718,0,0,0,1,2160,data_8threads_10connections_30s_False
sendfile,0,libev,0,0,0,1,1,1,1,2,60720,12061,5286,32364,14722,10139,20273,9979,4459,17480,2,26163,1,40108,0,0,0,0,2160,data_8threads_10connections_30s_False
sendfile,0,libev,0,0,1,1,1,1,1,2,60720,12061,5286,32364,14722,2401,20273,9979,4459,17480,2,39049,1,40108,0,0,0,0,2160,data_8threads_10connections_30s_False
sendfile,0,libev,0,0,1,1,1,1,1,2,60720,12061,5286,32364,14722,2401,20273,9979,4459,59007,2,39049,1,40108,0,0,0,0,2160,data_8threads_10connections_30s_False
sendfile,0,libev,1,0,0,1,1,1,1,2,60720,12061,5286,18406,14722,10139,20273,9979,4459,17480,2,26163,1,40108,0,0,0,1,2160,data_8threads_10connections_30s_False
sendfile,0,libev,0,0,0,1,1,1,1,2,60720,12061,5286,32364,14722,60112,20273,9979,4459,44936,2,420,1,40108,0,0,0,0,2160,data_8threads_10connections_30s_False
sendfile,0,libev,0,0,0,1,1,1,1,2,60720,12061,47083,32364,14722,10139,20273,9979,22108,27360,5,26113,1,14718,0,0,0,1,2160,data_8threads_10connections_30s_False
sendfile,0,libev,0,0,1,0,1,1,0,0,19567,53481,30145,52219,31624,13974,10300,35719,22108,60007,5,57714,1,14718,0,0,0,1,2160,data_8threads_10connections_30s_False
writev,0,libev,0,0,1,0,1,0,1,2,19567,53481,30145,52219,13063,3938,10300,35719,22108,27360,16,26113,1,14718,0,1,0,1,2160,data_8threads_10connections_30s_False
sendfile,0,libev,0,0,1,0,1,1,0,0,19567,53481,30145,52219,31624,13974,10300,35719,22108,60007,5,33577,1,14718,1,0,1,1,2160,data_8threads_10connections_30s_False
sendfile,0,libev,0,0,1,0,1,1,0,0,19567,53481,30145,52219,31624,13974,30909,35719,22108,60007,5,33577,1,14718,1,0,1,1,2160,data_8threads_10connections_30s_False
sendfile,0,libev,0,0,1,0,1,1,0,0,19567,53481,30145,52219,31624,13974,44084,31453,22108,60007,5,33577,1,14718,1,0,1,1,1480,data_8threads_10connections_30s_False
sendfile,0,libev,0,0,1,0,1,0,0,0,19567,53481,30145,52219,31624,13974,30909,35719,9806,60007,5,33577,1,14718,1,1,1,1,2160,data_8threads_10connections_30s_False
sendfile,0,libev,1,0,0,1,1,1,1,2,60720,12061,5286,32364,14722,10139,20273,9979,4459,17480,2,26163,1,40108,0,0,1,1,1085,data_8threads_10connections_30s_False
write,0,select,0,0,1,0,1,0,1,0,52729,53481,30145,52219,13063,13974,10300,35719,24270,17480,15,26163,1,40108,0,0,1,1,2160,data_8threads_10connections_30s_False
sendfile,0,libev,0,0,0,1,1,1,1,2,20948,12061,5286,32364,21653,58290,20273,9979,24270,17480,2,26163,1,40108,1,1,1,1,47,data_8threads_10connections_30s_False
writev,1,select,1,1,0,0,1,0,1,0,19567,53481,30145,52219,9996,13974,60138,35719,65236,60007,5,50410,1,46320,1,0,1,1,2160,data_8threads_10connections_30s_False
write,0,select,0,0,0,0,1,0,1,0,63799,53481,30145,52219,13063,13974,10300,35719,24270,17480,2,26163,1,40108,1,1,1,1,47,data_8threads_10connections_30s_False
sendfile,0,libev,0,0,0,1,1,1,1,2,20948,12061,5286,32364,21653,58290,20273,9979,24270,17480,2,26163,1,40108,1,1,1,1,47,data_8threads_100connections_30s_False
write,0,linux-sysepoll,1,0,0,0,1,0,1,0,19567,53481,30145,52219,13063,13974,10300,35719,22108,60007,5,50410,1,46320,1,0,1,1,2160,data_8threads_100connections_30s_False
write,0,linux-sysepoll,1,0,0,1,1,0,1,2,19567,53481,30145,52219,13063,13974,10300,35719,22108,51647,5,50410,1,46320,1,0,1,1,2160,data_8threads_100connections_30s_False
write,0,linux-sysepoll,1,0,1,1,1,0,1,2,19567,53481,30145,52219,13063,3938,10300,35719,22108,27360,5,26113,1,14718,1,1,1,1,2160,data_8threads_100connections_30s_False
write,0,linux-sysepoll,1,0,0,1,1,0,2,1,19567,53481,30145,52219,13063,13974,10300,35719,22108,51647,5,50410,1,46320,1,0,1,0,973,data_8threads_100connections_30s_False
sendfile,0,linux-sysepoll,1,0,0,0,1,0,1,0,19567,53481,30145,52219,13063,13974,10300,54793,22108,59173,5,50410,1,46320,1,0,1,1,2160,data_8threads_100connections_30s_False
sendfile,0,libev,0,0,1,0,1,0,1,1,19567,53481,30145,52219,13063,3938,10300,35719,22108,27360,14,26113,1,14718,0,1,0,0,2160,data_8threads_100connections_30s_False
sendfile,0,libev,0,0,0,0,1,0,0,2,60549,12061,5286,32364,23735,13974,10300,35719,22108,60007,5,52325,1,14670,1,0,1,1,2160,data_8threads_100connections_30s_False
sendfile,0,libev,0,0,0,0,0,0,0,2,60549,12061,20718,32364,23735,13974,10300,35719,22108,60007,5,52325,1,14670,1,0,0,1,2160,data_8threads_100connections_30s_False
sendfile,0,libev,0,0,0,1,1,0,1,2,60549,12061,5286,32364,23735,13974,10300,35719,22108,60007,5,52325,1,14718,0,1,1,0,2160,data_8threads_100connections_30s_False
writev,1,libev,0,0,1,0,1,0,1,0,19567,53481,30145,52219,13063,3938,10300,35719,22108,27360,5,26113,1,14718,0,1,0,1,2160,data_8threads_100connections_30s_False
writev,0,libev,0,0,1,0,1,0,1,0,19567,53481,30145,52219,13063,3938,10300,35719,22108,27360,5,26113,1,14718,0,1,0,1,2160,data_8threads_100connections_30s_False
writev,1,libev,0,0,1,0,1,0,1,0,19567,53481,30145,52219,13063,3938,45076,35719,22108,27360,5,26113,1,14718,0,1,0,1,2160,data_8threads_100connections_30s_False
writev,0,libev,0,0,1,0,1,0,1,0,19567,53481,48589,52219,6394,3938,10300,60296,22108,27360,5,26113,1,45541,0,1,0,1,2160,data_8threads_100connections_30s_False
write,0,select,0,0,1,0,1,0,1,0,19567,53481,30145,52219,13063,13974,10300,35719,22108,60007,5,52325,1,14718,0,1,1,0,2160,data_8threads_100connections_30s_False
sendfile,1,libev,1,0,1,1,1,1,1,2,60720,12061,5286,56686,14722,10139,20273,9979,4459,17480,2,26113,1,14718,0,1,0,0,2160,data_8threads_100connections_30s_False
sendfile,0,libev,1,0,1,1,1,1,1,2,60720,12061,5286,56686,14722,10139,20273,9979,4459,17480,2,26113,1,44042,0,1,0,0,1860,data_8threads_100connections_30s_False
write,0,linux-sysepoll,1,0,0,0,1,0,1,0,19567,53481,30145,8990,20682,13974,10300,35719,22108,60007,5,50410,1,46320,0,1,1,0,2160,data_8threads_100connections_30s_False
write,0,linux-sysepoll,1,1,0,0,1,0,1,0,19567,53481,30145,8990,20682,22022,10300,35719,22108,60007,5,55820,1,46320,0,0,1,0,2160,data_8threads_100connections_30s_False
sendfile,0,libev,1,0,0,1,1,0,1,2,20948,12061,31458,32364,21653,58290,20273,9979,24270,17480,2,26163,1,40108,1,1,1,1,47,data_8threads_100connections_30s_False
sendfile,0,libev,1,1,0,0,1,1,0,0,19567,53481,30145,52219,14722,10139,20273,9979,60916,17480,2,26163,1,14670,1,0,1,1,550,data_8threads_100connections_10s_True
sendfile,0,libev,0,0,0,0,0,0,0,2,60549,12061,20718,32364,23735,13974,10300,35719,22108,60007,5,52325,1,14670,1,0,0,1,2160,data_8threads_100connections_10s_True
sendfile,0,libev,0,0,0,0,1,0,0,2,60549,12061,5286,32364,23735,13974,10300,35719,22108,60007,5,52325,1,14670,1,0,1,1,2160,data_8threads_100connections_10s_True
sendfile,0,libev,1,0,0,0,0,0,2,2,60549,12061,20718,32364,23735,13974,10300,35719,22108,60007,5,52325,1,14670,1,0,0,1,2160,data_8threads_100connections_10s_True
sendfile,0,linux-sysepoll,1,0,0,0,1,0,1,2,17719,53481,30145,52219,13063,48605,10300,35719,22108,47493,5,50410,1,46320,1,0,1,1,2160,data_8threads_100connections_10s_True
sendfile,0,libev,0,0,0,0,0,0,0,2,60549,14397,20718,32364,26041,13974,10300,35719,22108,60007,5,52325,1,14670,1,0,0,1,2160,data_8threads_100connections_10s_True
sendfile,0,linux-sysepoll,1,0,0,0,1,0,0,2,45890,64096,5286,32364,23735,13974,10300,35719,22108,60007,5,52325,1,14670,0,0,0,0,2160,data_8threads_100connections_10s_True
sendfile,1,libev,1,0,0,0,1,0,1,2,17719,53481,30145,52219,13063,48605,10300,35719,22108,22027,5,50410,1,46320,1,0,0,1,2160,data_8threads_100connections_10s_True
sendfile,0,libev,1,0,0,0,1,0,2,2,60549,12061,20718,32364,23735,53816,10300,35719,39375,60007,5,52325,1,23039,1,0,0,1,804,data_8threads_100connections_10s_True
write,0,libev,0,0,1,0,1,0,1,0,19567,53481,30145,52219,13063,3938,8824,18716,24270,17480,2,26163,1,40108,1,1,1,1,47,data_8threads_100connections_10s_True
sendfile,0,libev,0,0,0,0,1,0,0,0,54098,53481,30145,52219,13063,13974,10300,54793,22108,59173,5,50410,0,46320,1,0,1,1,2160,data_8threads_100connections_10s_True
sendfile,1,libev,1,0,0,0,1,0,0,2,45890,12061,5286,32364,23735,13974,10300,35719,22108,60007,5,52325,1,14670,0,0,0,0,2160,data_8threads_100connections_10s_True
sendfile,0,libev,0,0,0,1,1,0,1,2,60549,12061,5286,32364,23735,13974,10300,35719,22108,60007,5,52325,1,14718,0,1,1,0,2160,data_8threads_100connections_10s_True
sendfile,0,libev,0,0,0,0,1,0,2,1,60549,12061,49710,23022,23735,13974,10300,35719,22108,60007,5,52325,1,14670,0,0,1,1,2160,data_8threads_100connections_10s_True
sendfile,0,linux-sysepoll,1,0,0,0,1,0,1,0,19567,53481,30145,52219,13063,13974,10300,54793,22108,59173,5,50410,1,46320,1,0,1,1,2160,data_8threads_100connections_10s_True
write,0,linux-sysepoll,1,0,1,0,1,0,1,1,19567,53481,6861,52219,13063,3938,10300,60870,22108,27360,14,26113,1,14718,0,1,0,0,2160,data_8threads_100connections_10s_True
write,0,linux-sysepoll,1,0,1,0,1,0,1,1,19567,53687,31898,52219,13063,3938,10300,35719,22108,27360,14,26113,1,14718,0,1,0,0,2160,data_8threads_100connections_10s_True
sendfile,0,libev,0,0,1,0,1,0,1,1,19567,53481,30145,52219,13063,3938,10300,35719,22108,27360,14,26113,1,14718,0,1,0,0,2160,data_8threads_100connections_10s_True
write,0,libev,0,1,1,0,1,1,1,2,20948,21754,5286,32364,21653,37585,20273,9979,24270,17480,2,26163,1,40108,1,0,1,0,1368,data_8threads_100connections_10s_True
sendfile,0,libev,0,0,1,1,1,0,1,1,19567,53481,27703,52219,13063,3938,10300,60870,22108,27360,13,26113,1,14718,0,1,0,0,2160,data_8threads_100connections_10s_True
sendfile,0,libev,0,0,0,1,1,1,1,2,60720,12061,5286,32364,14722,10139,20273,9979,4459,17480,2,26163,1,40108,0,0,1,1,2160,data_4threads_10connections_30s_False
sendfile,0,libev,0,0,0,1,1,1,1,2,5963,12061,30145,52219,13063,3938,10300,44177,22108,27360,5,26113,1,14718,0,0,0,1,2160,data_4threads_10connections_30s_False
sendfile,0,libev,0,1,1,1,1,1,1,0,5963,12061,30145,52219,13063,3938,10300,44177,22108,27360,5,26113,1,14718,0,0,0,1,2160,data_4threads_10connections_30s_False
sendfile,0,libev,0,0,1,1,1,1,1,2,60720,14979,5286,32364,14722,10139,20273,9979,4459,17480,2,26163,1,40108,0,0,0,1,2160,data_4threads_10connections_30s_False
sendfile,0,libev,0,0,0,1,1,1,1,2,5963,12061,30145,52219,13063,20809,10300,44177,22108,27360,5,26113,1,14718,0,0,0,1,2160,data_4threads_10connections_30s_False
sendfile,0,libev,1,1,1,1,1,1,0,0,5963,12061,30145,52219,13063,3938,2938,44177,22108,27360,5,26113,1,14718,0,0,0,1,2160,data_4threads_10connections_30s_False
write,0,libev,0,0,0,1,1,1,1,2,60720,12061,5286,32364,14722,3938,10300,44177,22108,27360,5,40671,1,14718,0,0,0,1,2160,data_4threads_10connections_30s_False
sendfile,0,linux-sysepoll,0,0,1,1,1,1,1,2,60720,14979,5286,32364,3647,25946,20273,9979,4459,17480,2,26163,1,40108,0,0,0,1,2160,data_4threads_10connections_30s_False
sendfile,0,libev,1,0,0,0,1,0,2,2,60549,12061,20718,32364,4047,13974,62759,9979,60916,17480,2,26163,1,14670,1,1,1,0,2160,data_4threads_10connections_30s_False
write,0,libev,0,0,1,0,1,0,1,0,19567,53481,30145,52219,13063,3938,8824,18716,24270,17480,2,26163,1,40108,1,1,1,1,47,data_4threads_10connections_30s_False
sendfile,0,libev,0,0,0,0,1,0,2,0,19567,53481,64623,52219,13063,13974,10300,54793,22108,59173,5,50410,1,46320,1,0,1,1,2160,data_4threads_10connections_30s_False
write,0,libev,0,0,1,0,1,0,1,0,19567,13748,30145,52219,13063,3938,8824,18716,24270,17480,2,26163,1,40108,1,1,1,1,47,data_4threads_10connections_30s_False
sendfile,0,poll,0,0,0,1,1,0,1,2,60549,12061,5286,32364,23735,13974,10300,35719,22108,60007,5,52325,1,14718,0,1,1,0,2160,data_4threads_10connections_30s_False
sendfile,0,libev,0,0,0,1,1,1,1,2,20948,12061,5286,32364,21653,58290,20273,9979,24270,17480,2,26163,1,40108,1,1,1,1,47,data_4threads_10connections_30s_False
sendfile,0,libev,1,0,1,1,1,0,1,2,60549,12061,5286,32364,23735,13974,10300,35719,22108,43996,5,52325,1,14718,0,1,0,0,2160,data_4threads_10connections_30s_False
sendfile,0,libev,1,0,0,0,1,0,2,2,60549,12061,20718,32364,4047,13974,62759,9979,60916,17480,2,26163,1,14670,1,0,1,0,550,data_4threads_10connections_30s_False
write,0,linux-sysepoll,1,0,1,1,1,0,1,2,19567,53481,30145,52219,13063,3938,10300,35719,22108,27360,5,26113,1,14718,1,1,1,1,2160,data_4threads_10connections_30s_False
write,0,linux-sysepoll,1,0,0,1,1,0,1,2,19567,53481,30145,52219,13063,13974,10300,35719,22108,51647,5,50410,1,46320,1,0,1,1,2160,data_4threads_10connections_30s_False
write,0,linux-sysepoll,1,0,0,0,1,0,1,0,19567,53481,30145,52219,13063,13974,10300,35719,22108,60007,5,50410,1,46320,1,0,1,1,2160,data_4threads_10connections_30s_False
write,0,linux-sysepoll,1,0,0,0,1,0,1,0,19567,53481,30145,52219,13063,51044,10300,35719,22108,60007,5,50410,1,46320,1,0,1,1,1450,data_4threads_10connections_30s_False
write,1,linux-sysepoll,0,1,0,0,1,0,1,0,19567,53481,42832,13737,23854,13974,10300,35719,22108,27360,5,26113,1,14718,0,1,0,1,2160,data_8threads_300connections_120s_False
sendfile,0,linux-sysepoll,0,0,1,0,1,0,1,0,5825,53481,30145,52219,13063,3938,10300,35719,22108,27360,5,26113,1,14718,0,1,0,1,2160,data_8threads_300connections_120s_False
sendfile,1,linux-sysepoll,0,1,0,0,1,0,1,2,19567,53481,30145,52219,13063,13974,10300,35719,22108,60007,5,52325,1,14670,1,1,0,1,2160,data_8threads_300connections_120s_False
sendfile,0,linux-sysepoll,0,1,0,0,1,0,0,2,60720,12061,1934,32364,14722,2598,20273,2844,4459,17480,2,26163,1,40108,0,0,1,1,2160,data_8threads_300connections_120s_False
sendfile,0,libev,0,0,0,1,1,0,1,2,60549,12061,5286,32364,23735,13974,10300,35719,22108,60007,5,52325,1,14718,0,1,1,0,2160,data_8threads_300connections_120s_False
sendfile,0,linux-sysepoll,0,0,0,0,1,0,0,2,60720,12061,1934,32364,14722,10139,20273,2844,4459,17480,2,26163,1,40108,0,0,1,1,2160,data_8threads_300connections_120s_False
sendfile,0,libev,0,0,0,1,1,0,2,2,60549,12061,5286,32364,23735,13974,10300,35719,22108,60007,5,52325,1,14718,0,1,1,0,2160,data_8threads_300connections_120s_False
writev,1,libev,0,0,1,0,1,0,1,0,19567,53481,30145,52219,13063,3938,10300,35719,22108,27360,5,26113,1,14718,0,1,0,1,2160,data_8threads_300connections_120s_False
writev,0,libev,0,0,1,0,1,0,1,0,19567,53481,30145,52219,13063,3938,10300,35719,22108,27360,5,26113,1,14718,0,1,0,1,2160,data_8threads_300connections_120s_False
writev,0,linux-sysepoll,0,0,1,0,1,0,1,0,19567,53481,13572,52219,2617,3938,10300,35719,22108,27360,5,26113,1,14718,1,0,0,1,2160,data_8threads_300connections_120s_False
write,0,linux-sysepoll,1,0,0,0,1,0,1,0,19567,53481,30145,34056,13063,13974,10300,34991,4459,59007,2,39049,1,40108,0,0,1,0,2160,data_8threads_300connections_120s_False
writev,1,libev,0,0,1,0,1,0,1,0,19567,53481,30145,52219,13063,3938,10300,35719,22108,27360,5,26113,1,14718,0,1,0,0,2160,data_8threads_300connections_120s_False
write,0,linux-sysepoll,1,0,0,0,1,0,1,0,19567,53481,30145,52219,13063,13974,10300,35719,22108,60007,5,50410,1,46320,1,0,1,1,2160,data_8threads_300connections_120s_False
write,0,linux-sysepoll,1,0,0,0,1,0,1,0,19567,53481,30145,34056,13063,13974,12358,35719,22108,60007,5,50410,1,46320,0,1,1,1,2160,data_8threads_300connections_120s_False
write,0,linux-sysepoll,1,0,0,0,1,0,1,0,19567,53481,30145,25704,21653,58290,20273,9979,24270,17480,2,11836,1,40108,1,1,1,1,47,data_8threads_300connections_120s_False
write,0,linux-sysepoll,1,0,1,0,1,0,1,0,19567,53481,30145,52219,13063,13974,10300,35719,64708,60007,5,50410,1,46320,1,0,1,1,923,data_8threads_300connections_120s_False
write,0,linux-sysepoll,1,0,0,0,1,1,1,0,19567,53481,30145,25704,21653,58290,20273,9979,24270,17480,9,11836,1,40108,1,0,1,0,47,data_8threads_300connections_120s_False
sendfile,0,libev,0,0,0,0,1,1,1,2,60720,12061,5286,32364,14722,10139,20273,10697,4459,17480,2,26163,1,40108,0,0,1,1,2160,data_8threads_300connections_120s_False
write,0,libev,0,0,1,0,1,0,1,0,19567,53481,30145,52219,13063,3938,8824,18716,24270,17480,2,26163,1,40108,1,1,1,1,47,data_8threads_300connections_120s_False
writev,1,libev,0,0,0,0,1,0,1,0,19567,53481,30145,52219,13063,3938,57970,18716,24270,17480,2,26163,1,40108,1,0,1,1,47,data_8threads_300connections_120s_False
sendfile,0,libev,0,1,0,1,1,1,1,1,59354,12061,5286,52219,18395,10139,20273,9979,60916,17480,2,26163,1,40108,0,1,1,1,2160,data_8threads_300connections_60s_False
sendfile,0,libev,0,1,0,1,1,1,1,1,59354,12061,5286,52219,18395,10139,20273,9979,60916,17480,2,26163,1,40108,0,1,1,1,47,data_8threads_300connections_60s_False
sendfile,0,libev,0,1,0,1,1,1,1,0,20948,12061,4821,52219,18395,10139,20273,9979,60916,17480,2,26163,1,40108,0,1,1,1,2160,data_8threads_300connections_60s_False
sendfile,0,libev,0,1,0,1,1,1,1,1,59354,12061,5286,52219,18395,10139,20273,9979,32659,17480,12,26163,1,40108,0,1,1,1,47,data_8threads_300connections_60s_False
sendfile,0,libev,0,1,0,1,1,1,1,1,59354,12061,5286,52219,18395,24352,20273,9979,60916,17480,2,26163,1,40108,0,1,1,1,47,data_8threads_300connections_60s_False
sendfile,0,libev,0,1,0,1,1,1,1,0,20948,12061,4821,52219,18395,10139,20273,9979,25390,17480,2,26163,1,40108,0,1,1,1,2160,data_8threads_300connections_60s_False
sendfile,0,libev,0,1,0,1,1,1,1,1,59354,47401,5286,52219,18395,10139,20273,9979,60916,17480,2,26163,1,40108,0,1,1,1,47,data_8threads_300connections_60s_False
sendfile,0,libev,0,1,0,1,1,1,1,0,20948,12061,4821,52219,18395,10139,20273,13880,25390,17480,2,26163,1,40108,0,1,1,1,2160,data_8threads_300connections_60s_False
sendfile,0,libev,0,1,0,1,1,1,1,0,20948,12061,4821,52219,18395,5077,20273,62405,60916,17480,2,26163,1,40108,0,1,1,1,2160,data_8threads_300connections_60s_False
sendfile,0,libev,0,1,0,1,1,1,1,1,59354,12061,5286,52219,18395,10139,20273,62910,60916,17480,2,26163,1,40108,0,1,1,1,2160,data_8threads_300connections_60s_False
sendfile,0,libev,0,1,0,1,1,1,2,0,20948,12061,4821,52219,18395,10139,20273,9979,53466,17480,2,26163,1,9038,0,1,1,1,2160,data_8threads_300connections_60s_False
sendfile,0,libev,0,1,0,1,1,1,1,1,59354,12061,5286,45359,18395,10139,8824,18716,24270,17480,2,26163,1,40108,0,1,1,1,47,data_8threads_300connections_60s_False
sendfile,0,libev,0,1,1,1,1,1,1,1,9077,12061,5286,20884,18395,10139,20273,9979,60916,17480,13,26163,1,40108,0,1,1,1,2160,data_8threads_300connections_60s_False
sendfile,0,libev,0,0,0,1,1,1,1,2,20948,12061,5286,32364,21653,58290,20273,9979,24270,17480,2,26163,1,40108,1,1,1,1,47,data_8threads_300connections_60s_False
sendfile,0,poll,0,0,0,1,1,1,1,2,20948,12061,5286,32364,21653,37585,20273,9979,24270,17480,2,26163,1,40108,1,1,1,1,47,data_8threads_300connections_60s_False
sendfile,0,libev,0,0,0,1,1,1,1,2,2919,53481,57710,50824,14722,16427,20273,9979,27992,17480,4,18469,1,40108,1,1,1,1,47,data_8threads_300connections_60s_False
sendfile,0,linux-sysepoll,0,0,0,1,0,1,1,1,20948,12061,5286,32364,21653,58290,20273,9979,12011,30556,2,26163,1,40108,1,1,1,1,1548,data_8threads_300connections_60s_False
write,0,libev,0,0,1,0,1,0,1,0,19567,53481,30145,52219,13063,3938,8824,18716,24270,17480,2,26163,1,40108,1,1,1,1,47,data_8threads_300connections_60s_False
write,0,libev,0,0,1,0,1,0,1,0,19567,53481,30145,52219,13063,3938,40586,18716,24270,17480,2,26163,1,40108,1,1,1,1,47,data_8threads_300connections_60s_False
write,0,libev,0,0,1,0,1,0,1,0,19567,34200,11849,52219,13063,3938,8824,18716,24270,17480,2,26163,1,40108,1,1,1,1,47,data_8threads_300connections_60s_False
sendfile,0,libev,0,1,0,1,1,1,1,1,59354,12061,5286,52219,18395,10139,20273,9979,60916,17480,2,26163,1,40108,0,1,1,1,2160,data_4threads_300connections_30s_True
sendfile,0,libev,0,1,0,1,1,1,1,1,59354,12061,5286,52219,18395,10139,20273,9979,60916,17480,2,26163,1,40108,0,1,1,1,47,data_4threads_300connections_30s_True
sendfile,0,libev,0,1,0,1,1,1,1,0,20948,12061,4821,52219,18395,10139,20273,9979,60916,17480,2,26163,1,40108,0,1,1,1,2160,data_4threads_300connections_30s_True
sendfile,0,libev,0,1,0,1,1,1,1,1,59354,12061,5286,52219,18395,10139,20273,62910,60916,17480,2,26163,1,40108,0,1,1,1,2160,data_4threads_300connections_30s_True
sendfile,0,libev,0,1,0,1,1,1,1,1,59354,12061,5286,52219,18395,24352,20273,9979,60916,17480,2,26163,1,40108,0,1,1,1,47,data_4threads_300connections_30s_True
sendfile,0,libev,0,1,0,1,1,1,1,1,59354,12061,5286,52219,18395,10139,20273,9979,32659,17480,12,26163,1,40108,0,1,1,1,47,data_4threads_300connections_30s_True
sendfile,0,libev,0,1,0,1,1,1,2,0,60720,12061,14551,33018,14722,10139,20273,9979,4459,17480,3,27169,1,40108,0,1,1,1,2160,data_4threads_300connections_30s_True
sendfile,0,libev,0,1,0,1,1,1,1,2,59354,12061,5286,52219,18395,10139,20273,64843,60916,17480,2,26163,1,40108,0,1,1,1,2160,data_4threads_300connections_30s_True
sendfile,0,libev,0,1,0,1,0,1,1,0,20948,12061,4821,28310,18395,10139,38306,9979,60916,17480,2,26163,1,40108,0,1,1,1,1315,data_4threads_300connections_30s_True
sendfile,0,libev,0,1,1,1,0,1,1,0,20948,12061,4821,28310,18395,10139,38306,9979,60916,17480,2,26163,1,27237,0,1,1,1,1315,data_4threads_300connections_30s_True
sendfile,0,libev,0,1,0,1,1,1,1,1,59354,12061,5286,52219,18395,10139,20273,9979,60916,17480,7,26163,1,30139,0,1,1,1,1315,data_4threads_300connections_30s_True
sendfile,0,libev,0,1,0,1,0,1,1,1,59354,12061,5286,52219,18395,10139,20273,9979,60916,17480,9,26163,1,40108,0,1,1,1,47,data_4threads_300connections_30s_True
sendfile,0,libev,0,1,0,1,1,1,0,0,59354,12061,5286,52219,18395,10139,20273,9979,32659,17480,12,26163,1,40108,0,1,1,1,47,data_4threads_300connections_30s_True
sendfile,0,libev,0,1,1,1,1,1,1,0,13647,12061,5286,52219,18395,1184,20273,64843,60916,17480,2,17700,1,40108,1,1,1,1,2160,data_4threads_300connections_30s_True
sendfile,0,libev,0,1,1,1,0,1,1,2,20948,15346,4821,43732,22606,10139,20273,9979,60916,17480,2,26163,1,40108,0,1,1,1,2160,data_4threads_300connections_30s_True
sendfile,0,libev,0,1,1,1,1,1,1,2,59354,12061,5286,52219,18395,10139,23408,9979,60916,17480,2,26163,1,40108,0,1,1,1,2160,data_4threads_300connections_30s_True
sendfile,0,libev,0,0,0,1,1,1,1,0,42098,12061,4821,52219,18395,10139,20273,9979,60916,17480,2,26163,1,40108,0,1,1,1,2160,data_4threads_300connections_30s_True
sendfile,0,libev,0,1,0,1,1,0,1,0,20948,12061,4821,52219,18395,10139,37774,9979,60916,17480,2,26163,1,40108,0,1,1,1,2160,data_4threads_300connections_30s_True
sendfile,0,libev,0,0,0,1,1,0,1,2,60549,12061,5286,32364,23735,13974,10300,35719,22108,60007,5,52325,1,14718,0,1,1,0,2160,data_4threads_300connections_30s_True
sendfile,0,libev,0,0,0,0,1,0,0,2,60549,12061,5286,32364,23735,13974,10300,35719,22108,60007,5,52325,1,14670,1,0,1,1,2160,data_4threads_300connections_30s_True
writev,0,libev,0,1,0,0,1,1,1,2,59354,12061,5286,52219,18395,10139,20273,64843,60916,17480,2,26163,1,40108,0,1,0,0,1842,data_4threads_100connections_120s_False
write,0,libev,0,1,1,0,0,1,1,0,20948,12061,64434,28310,18395,10139,38306,9979,60916,17480,2,26163,1,27237,0,1,1,1,1315,data_4threads_100connections_120s_False
sendfile,0,libev,0,0,1,1,1,0,1,2,59354,12061,5286,34481,18395,10139,20273,64843,60916,17480,2,26163,1,40108,0,1,1,0,2160,data_4threads_100connections_120s_False
sendfile,0,libev,1,0,0,0,1,0,2,2,60549,12061,20718,32364,4047,13974,62759,9979,60916,17480,2,26163,1,14670,1,1,1,0,2160,data_4threads_100connections_120s_False
sendfile,0,libev,1,0,0,0,1,0,2,2,26011,12061,4821,53935,7879,10139,38306,9979,24670,17480,2,26163,1,40108,0,1,1,1,1315,data_4threads_100connections_120s_False
sendfile,0,libev,0,1,0,1,1,0,1,2,59354,12061,5286,52219,18395,10139,20273,64843,60916,17480,2,26163,1,46096,0,1,1,1,2160,data_4threads_100connections_120s_False
sendfile,0,libev,1,1,0,1,1,0,1,2,59354,12061,5286,52219,18395,10139,20273,64843,60916,17480,2,26163,1,46096,0,1,1,1,408,data_4threads_100connections_120s_False
write,0,libev,0,0,1,0,1,0,1,1,19567,53481,30145,52219,13063,34424,10300,44177,22108,27360,5,26113,1,14718,0,0,1,1,1181,data_4threads_100connections_120s_False
sendfile,0,libev,0,0,0,1,1,0,1,2,60549,12061,5286,32364,23735,13974,10300,35719,22108,60007,5,52325,1,14718,0,1,1,0,2160,data_4threads_100connections_120s_False
write,0,libev,0,1,0,1,1,0,1,0,20948,12061,4821,53935,18395,10139,38306,9979,60916,17480,2,26163,1,40108,0,0,1,1,1315,data_4threads_100connections_120s_False
sendfile,0,libev,0,1,0,1,1,1,1,1,59354,12061,5286,52219,18395,10139,10300,35719,22108,60007,5,52325,1,42930,1,0,1,0,2160,data_4threads_100connections_120s_False
sendfile,1,libev,1,0,0,0,1,0,1,2,60549,12061,5286,32364,25121,13974,10300,35719,22108,60007,5,40139,1,14718,1,0,1,1,2160,data_4threads_100connections_120s_False
sendfile,1,libev,1,0,0,0,1,0,1,2,60549,12061,5286,52219,18395,10139,10300,35719,22108,60007,5,52325,1,3258,1,0,1,0,199,data_4threads_100connections_120s_False
sendfile,0,libev,0,0,0,1,1,0,1,2,60549,12061,5286,32364,23735,13974,10300,35719,22108,60007,5,52325,1,14718,1,0,1,1,2160,data_4threads_100connections_120s_False
sendfile,0,select,0,1,1,1,1,1,1,2,29617,12061,36255,52219,13063,27420,10300,44177,22108,27360,5,26113,1,8731,0,0,0,1,2160,data_4threads_100connections_120s_False
sendfile,0,libev,0,0,0,1,1,0,1,2,20948,12061,5286,32364,21653,58290,20273,9979,24270,41315,5,52325,1,14718,1,0,1,1,2160,data_4threads_100connections_120s_False
sendfile,0,libev,0,1,0,1,1,1,1,2,20948,12061,5286,32364,21653,58290,20273,9979,24270,17480,2,26163,1,40108,1,1,1,1,47,data_4threads_100connections_120s_False
writev,0,libev,0,1,1,0,1,1,1,2,59354,12061,5286,52219,18395,10139,10300,35719,22108,60007,5,52325,1,42930,0,0,1,0,2160,data_4threads_100connections_120s_False
sendfile,0,select,0,1,1,0,1,1,1,2,29617,12061,40328,52219,29336,27420,10300,35719,22108,60007,5,52325,0,14718,0,1,1,0,2160,data_4threads_100connections_120s_False
sendfile,0,libev,1,1,0,0,1,0,1,1,59354,12061,20718,32364,4047,13974,62759,9979,60916,17480,2,26163,1,14670,1,1,1,0,2160,data_4threads_100connections_120s_False
